1.50505
1.50768
1.51043
1.51259
1.51545
1.512
1.50846
1.50565
1.50243
1.50186
1.50227
1.50209
1.50114
1.50047
1.50046
1.5026
1.50193
1.50107
1.50127
1.50367
1.5033
1.50176
1.50023
1.49966
1.49945
1.49964
1.50033
1.50091
1.5004
1.50001
1.50068
1.50045
1.50034
1.50093
1.50109
1.5008
1.50066
1.50072
1.50061
1.49993
1.50009
1.50023
1.50001
1.4994
1.50002
1.49917
1.49969
1.4991
1.49871
1.49915
1.49913
1.49911
1.49939
1.49963
1.49919
1.49957
1.49983
1.49967
1.50001
1.49966
1.49989
1.49967
1.49998
1.50078
1.5007
1.50088
1.50121
1.50177
1.50238
1.50261
1.50265
1.50272
1.50309
1.50312
1.50314
1.50305
1.50317
1.50307
1.50257
1.50234
1.50225
1.50242
1.50218
1.50205
1.50254
1.50271
1.50256
1.50277
1.50283
1.503
1.50288
1.50289
1.5023
1.50234
1.50226
1.50198
1.50203
1.50182
1.50167
1.50195
