5.0784
5.016
4.98622
4.98134
4.98241
4.99095
4.98876
5.00173
5.00934
5.00689
5.0142
5.01642
5.0189
5.01633
5.0173
5.01489
5.01483
5.01292
5.01387
5.01496
5.00981
5.00863
5.00771
5.00687
5.00419
5.00642
5.00448
5.00621
5.00554
5.00832
5.0089
5.00944
5.00855
5.0097
5.01172
5.01059
5.01077
5.00977
5.00843
5.00633
5.00711
5.0081
5.00923
5.00919
5.00849
5.00792
5.00882
5.00707
5.00507
5.00511
5.00487
5.00421
5.00569
5.00614
5.0051
5.00641
5.00618
5.00371
5.00278
5.00153
5.00154
5.00248
5.00157
5.0002
4.99981
5.00042
5.00156
5.00089
5.00027
4.99998
4.99911
4.99918
5.00039
4.99995
4.99936
4.99896
4.99833
4.99794
4.99746
4.99752
4.99746
4.99794
4.99747
4.99809
4.99816
4.99855
4.99853
4.99809
4.99825
4.99858
4.99824
4.99833
4.99803
4.9983
4.99815
4.99741
4.9978
4.99765
4.99657
4.9965
