0
0.0026353
0.00314079
0.00310068
0.00373306
0.00460427
0.005258
0.00535124
0.00571581
0.00514376
0.00467034
0.00426718
0.00403816
0.00379709
0.00353491
0.00393833
0.0037605
0.00364701
0.00345515
0.0040625
0.0038817
0.00400884
0.00412296
0.00398906
0.00383184
0.0036862
0.00361397
0.00353048
0.00344362
0.00335037
0.00330884
0.0032119
0.00311481
0.00307709
0.00299224
0.00292224
0.00284535
0.00277011
0.00270072
0.00271672
0.00265449
0.00259419
0.00254285
0.00255808
0.00257516
0.00265681
0.00265058
0.00266
0.00263426
0.00261835
0.00256656
0.00251682
0.00248424
0.0024503
0.00244633
0.00243202
0.00240358
0.00236696
0.00235001
0.0023368
0.00231012
0.00228354
0.00226928
0.00237173
0.00233629
0.00230777
0.00229688
0.00233075
0.00237631
0.00235318
0.00232007
0.00228865
0.00228732
0.00225651
0.00222626
0.00219869
0.0021737
0.00214797
0.00217959
0.00216452
0.0021393
0.00211932
0.00210685
0.00208557
0.00211777
0.00210014
0.00208155
0.00206859
0.00204593
0.00203027
0.00201121
0.00198926
0.00205409
0.00203254
0.00201254
0.00201152
0.00199116
0.00198119
0.0019672
0.00196789
