0
0.0623923
0.0467385
0.0334076
0.0258995
0.0228042
0.0193961
0.021222
0.0202037
0.0182361
0.0180405
0.0166184
0.0154865
0.0145675
0.0135962
0.0129437
0.0121586
0.0116219
0.0110346
0.0105248
0.0112602
0.0108005
0.010361
0.0099553
0.00991825
0.00978701
0.00961584
0.00942604
0.00912008
0.00924164
0.00895726
0.0086897
0.00846944
0.00829701
0.00830408
0.00814796
0.00792656
0.0077785
0.00769428
0.00778893
0.00763615
0.00751819
0.00742765
0.00725698
0.00712813
0.00699491
0.00690349
0.00698128
0.00712493
0.00698111
0.00684693
0.00674723
0.00678362
0.00667185
0.00663091
0.00664146
0.00652802
0.00687299
0.00681889
0.00682081
0.00670807
0.00666678
0.00662307
0.00666116
0.00656961
0.00649747
0.00650076
0.00643874
0.00637536
0.0062904
0.00626168
0.00617445
0.00620862
0.00613989
0.00608625
0.00601881
0.00597357
0.00590889
0.00585354
0.00578023
0.00570878
0.00565958
0.00561077
0.00557811
0.00551252
0.00546155
0.00539842
0.00535549
0.00529744
0.00524897
0.00520267
0.00514668
0.00510001
0.00505296
0.00500178
0.00500494
0.00496856
0.0049198
0.00498793
0.00493829
