0
9.39165e-05
9.13008e-05
8.27413e-05
0.000151082
0.000127849
0.000116491
0.000107166
0.000125903
0.000121533
0.000110041
0.000104162
9.70655e-05
9.26379e-05
8.66408e-05
9.3008e-05
8.76729e-05
9.39862e-05
8.90517e-05
8.47695e-05
8.09633e-05
7.99946e-05
7.91122e-05
7.60177e-05
7.75957e-05
7.47334e-05
7.19456e-05
6.93312e-05
6.69776e-05
6.47622e-05
6.2897e-05
6.47237e-05
6.27827e-05
6.17081e-05
5.99322e-05
5.84391e-05
5.70133e-05
5.58061e-05
5.52892e-05
5.38963e-05
5.29262e-05
5.1793e-05
5.1807e-05
5.79472e-05
5.66462e-05
5.5405e-05
5.49822e-05
5.40405e-05
5.29898e-05
5.39107e-05
5.31319e-05
5.2645e-05
5.33889e-05
5.24175e-05
5.16402e-05
5.08726e-05
5.00205e-05
5.13564e-05
5.05015e-05
5.0351e-05
4.99551e-05
4.92142e-05
4.84351e-05
4.8662e-05
4.87967e-05
4.80518e-05
4.79286e-05
4.86119e-05
4.87436e-05
4.81274e-05
4.75151e-05
4.6945e-05
4.63345e-05
4.6697e-05
4.64052e-05
4.62791e-05
4.66851e-05
4.63784e-05
4.58704e-05
4.53444e-05
4.48684e-05
4.4353e-05
4.39533e-05
4.34367e-05
4.30112e-05
4.2539e-05
4.38344e-05
4.33336e-05
4.29343e-05
4.24596e-05
4.34636e-05
4.51284e-05
4.4893e-05
4.45158e-05
4.40941e-05
4.37786e-05
4.33326e-05
4.30908e-05
4.28239e-05
4.24931e-05
