0
0.00108444
0.000911822
0.000929607
0.000895695
0.000770728
0.000708988
0.000615864
0.00061259
0.000554961
0.000545482
0.000498099
0.000509113
0.000502763
0.000475696
0.000450336
0.000436159
0.000412477
0.000402214
0.000384672
0.000368028
0.000357634
0.000341732
0.000329407
0.000317377
0.00030578
0.000296883
0.000300719
0.000291246
0.000283529
0.000301475
0.000291907
0.000286916
0.0002832
0.000275415
0.000268635
0.000262267
0.000257443
0.000251004
0.000254343
0.000248405
0.000242428
0.000240672
0.000239528
0.000234146
0.000229454
0.00022452
0.000219837
0.000215518
0.000211248
0.000220665
0.000216543
0.000213086
0.000212978
0.00020907
0.000209838
0.000206399
0.000203147
0.000201909
0.000198588
0.000195318
0.000198375
0.000196637
0.000193652
0.000190852
0.000187939
0.000185589
0.000183585
0.000181155
0.000179685
0.000180722
0.000178826
0.000177689
0.000175502
0.000173335
0.00017104
0.000170147
0.0001765
0.000174437
0.000172599
0.000170769
0.000169269
0.000170609
0.000168724
0.000166777
0.000164895
0.000163157
0.00016153
0.000160382
0.000159171
0.000157534
0.000155851
0.000155537
0.000153897
0.000152403
0.000151149
0.000150009
0.000149445
0.000154418
0.000153226
