0.99732
0.998404
0.997742
0.998411
0.998944
0.999187
0.999467
0.999515
0.999798
0.99971
0.999924
0.999912
1.00013
0.999959
1.00004
1.00011
1.00022
1.00019
1.00009
1.00014
1.0001
1.00003
1.00003
1.00007
1.00004
1.00001
1.00005
1.00015
1.00012
1.00009
1.00021
1.00021
1.00017
1.00011
1.00013
1.00015
1.00013
1.00016
1.00017
1.00024
1.00026
1.00025
1.0003
1.00025
1.00025
1.00027
1.00027
1.00026
1.00027
1.00027
1.00019
1.0002
1.00018
1.00022
1.00022
1.00018
1.00017
1.00018
1.00015
1.00014
1.00014
1.00009
1.00007
1.00006
1.00007
1.00007
1.00009
1.00007
1.00006
1.00008
1.00004
1.00003
1.00001
1.00002
1.00002
1.00002
1
0.999948
0.999956
0.999967
0.999957
0.999943
0.999977
0.999984
0.999988
0.999983
0.999976
0.999985
0.99997
0.999984
0.99999
0.999993
1.00001
1.00001
1
1.00001
1.00003
1.00001
0.999965
0.999975
