0.999539
0.999633
0.999706
0.999654
0.999791
0.999757
0.999801
0.999765
0.999682
0.999727
0.999722
0.99975
0.999766
0.999788
0.999796
0.999842
0.999835
0.999879
0.999885
0.999892
0.999899
0.999878
0.999898
0.999905
0.999878
0.999883
0.999886
0.999885
0.999882
0.999879
0.999885
0.999907
0.999904
0.999894
0.999895
0.999891
0.999886
0.99988
0.99987
0.999869
0.999863
0.999859
0.999871
0.999842
0.999842
0.999843
0.999852
0.999857
0.999859
0.999874
0.999879
0.999872
0.999885
0.999887
0.999882
0.999887
0.999884
0.999899
0.999898
0.999906
0.999913
0.99991
0.999909
0.999919
0.999928
0.999928
0.999936
0.999947
0.999956
0.999959
0.999956
0.999953
0.999955
0.999965
0.999959
0.999953
0.999962
0.999957
0.999954
0.999952
0.999955
0.999953
0.999957
0.999958
0.99996
0.999959
0.999971
0.999971
0.999968
0.999968
0.999957
0.99997
0.999966
0.999963
0.999965
0.999961
0.99996
0.999956
0.999952
0.999955
