1.49375
1.49391
1.49186
1.48928
1.49787
1.5056
1.50401
1.50149
1.49972
1.49956
1.4975
1.49743
1.49845
1.49641
1.49546
1.49714
1.49605
1.49553
1.49709
1.49685
1.49754
1.49831
1.49901
1.4998
1.50051
1.50134
1.50139
1.50142
1.50227
1.50099
1.50165
1.50148
1.50159
1.50181
1.50178
1.50154
1.50134
1.50149
1.50087
1.4995
1.49948
1.4997
1.49954
1.49955
1.49913
1.49884
1.49912
1.49813
1.49813
1.49805
1.49758
1.49805
1.49796
1.49865
1.4987
1.4984
1.49833
1.49859
1.49904
1.49909
1.49884
1.49903
1.49913
1.49951
1.49942
1.49955
1.49971
1.49972
1.50048
1.50047
1.50036
1.49954
1.49963
1.49977
1.49975
1.49981
1.50025
1.50012
1.50014
1.50036
1.50056
1.50057
1.50034
1.5002
1.50027
1.50074
1.50076
1.5006
1.50056
1.50018
1.49999
1.50003
1.50029
1.50037
1.50009
1.49989
1.50006
1.5001
1.50013
1.50007
