4.97879
4.99825
5.00843
5.02519
5.00121
4.99804
4.9928
5.00023
5.0034
5.01244
5.01246
5.01526
5.01416
5.0122
5.00837
5.01126
5.01146
5.01133
5.00725
5.00734
5.00933
5.00948
5.01241
5.01084
5.0107
5.00978
5.01233
5.01182
5.0106
5.00963
5.00865
5.01061
5.01056
5.01307
5.01302
5.013
5.01438
5.01356
5.01236
5.01254
5.01126
5.01082
5.00997
5.00925
5.00869
5.00868
5.00943
5.01021
5.01029
5.01246
5.0126
5.01202
5.01178
5.01101
5.01162
5.01113
5.01184
5.01285
5.01284
5.01237
5.013
5.01263
5.01261
5.01324
5.01259
5.01076
5.01124
5.01225
5.01244
5.0111
5.0108
5.01053
5.00987
5.00986
5.00941
5.0091
5.00964
5.00991
5.01002
5.00959
5.00824
5.00826
5.00884
5.00894
5.00916
5.00923
5.00886
5.00865
5.00816
5.00789
5.0076
5.00766
5.00775
5.00779
5.00781
5.00849
5.00906
5.00849
5.00777
5.00798
