0
0.0194618
0.0151597
0.0198937
0.0285008
0.0234869
0.0205298
0.0192698
0.0172878
0.0179111
0.0162012
0.0150524
0.0138903
0.0130088
0.0126998
0.012226
0.0114861
0.0108301
0.011026
0.0104606
0.0101472
0.0096761
0.00970034
0.00941907
0.00903556
0.00873025
0.00878059
0.00847667
0.00826925
0.00804776
0.00784537
0.00784595
0.00760469
0.00779463
0.00756884
0.00735561
0.00728605
0.00713932
0.00705605
0.00687973
0.00683025
0.0066807
0.00657823
0.00646737
0.00634675
0.00620725
0.00611984
0.00604199
0.00591797
0.00618893
0.0060679
0.00597806
0.00586891
0.00581068
0.00573622
0.00565383
0.00559933
0.00559362
0.00549801
0.00542612
0.00537421
0.0052999
0.00521515
0.00517129
0.00513263
0.00537313
0.00531377
0.00533116
0.00525687
0.0053504
0.00528308
0.00521655
0.00518647
0.00511592
0.00506706
0.00500945
0.00497319
0.00491659
0.00485516
0.00481304
0.00494303
0.00488241
0.00485862
0.00480144
0.0047499
0.0046948
0.00465537
0.0046067
0.00458169
0.00453852
0.00449719
0.0044484
0.00440119
0.00435429
0.00430828
0.00431602
0.00431031
0.0043049
0.00432194
0.00428407
