0
0.000158568
0.00204874
0.00296097
0.0088943
0.0106047
0.00910243
0.00827602
0.00751013
0.00671923
0.00641559
0.005857
0.00548277
0.00547017
0.0051803
0.00512761
0.00493856
0.00468517
0.00469791
0.00446284
0.00430012
0.00417093
0.00404788
0.00395431
0.00385868
0.0037995
0.00365642
0.00352353
0.00350467
0.00362187
0.0035659
0.00345715
0.00335255
0.00326029
0.00316592
0.00308642
0.00300826
0.00293197
0.00292358
0.00315936
0.0030814
0.00301478
0.00294795
0.0028802
0.00284746
0.0027998
0.00275367
0.00287203
0.00281281
0.00275729
0.00274263
0.0027296
0.00267905
0.00271896
0.00266952
0.00263899
0.00259317
0.00256178
0.00255725
0.00251473
0.00248622
0.0024537
0.00241631
0.00240836
0.00237276
0.00234037
0.00231066
0.00227648
0.00236551
0.00233148
0.00230136
0.0024124
0.00238098
0.00235267
0.00232116
0.00229111
0.00230437
0.00227835
0.00224938
0.00223194
0.00221346
0.00218632
0.0021716
0.00215016
0.00212583
0.00215243
0.00212765
0.00210907
0.00208565
0.00209718
0.00208283
0.00206048
0.00205421
0.00203397
0.00203185
0.00202038
0.00200631
0.00198615
0.00196628
0.00194766
