1.79368  1.74147
2.29661  0.987719
-1.85636  -1.67449
-1.39194  -2.07665
-0.318796  -2.47959
0.0730899  -2.49893
0.0949709  -2.4982
2.07196  -1.39892
2.47798  0.331053
2.48524  0.271239
2.14376  1.2862
-0.697041  -2.40086
0.407335  -2.46659
1.29372  -2.13922
-2.15252  -1.27148
0.264078  2.48601
1.22738  2.17797
1.20551  2.19015
0.872024  2.34298
0.168448  2.49432
-1.72843  1.80625
-2.46085  0.440703
-2.39694  -0.710408
-2.49837  0.0901489
-2.49774  0.106369
-2.4742  0.358244
-1.2204  2.18189
-2.18721  -1.21082
-2.16628  -1.2479
-2.24965  -1.09045
-2.24549  -1.09898
-2.47855  0.326763
-0.12394  2.49693
-0.456613  2.45795
