63.472  6.3067
65.18  7.2804
65.473  5.3441
59.829  6.1509
58.862  5.0932
57.909  7.6925
52.59  5.4802
36.412  23.545
5.0225  37.628
36.569  36.09
51.843  17.174
57.56  14.981
60.5  13.465
63.277  11.14
60.295  11.052
54.374  12.107
47.727  13.616
35.476  17.12
33.981  17.53
35.418  22.191
39.636  18.615
43.584  19.408
42.015  15.233
40.003  10.746
45.788  10.24
47.333  12.675
51.82  15.196
53.226  8.5718
55.105  10.765
57.005  12.445
58.112  10.231
62.885  8.6471
64.473  10.124
64.44  13.415
65.952  11.532
67.29  10.561
71.032  12.653
75.13  15.004
75.278  15.47
74.706  15.953
75.756  17.218
73.659  16.467
73.106  15.013
74.146  14.633
72.779  13.062
72.353  12.168
71.569  11.843
70.991  10.692
70.181  9.3271
68.232  7.8277
