63.472  6.3067
68.232  7.8277
65.18  7.2804
53.226  8.5718
57.56  14.981
62.885  8.6471
74.146  14.633
57.909  7.6925
60.5  13.465
36.569  36.09
33.981  17.53
65.473  5.3441
75.756  17.218
70.991  10.692
52.59  5.4802
47.333  12.675
35.476  17.12
35.418  22.191
42.015  15.233
58.112  10.231
63.277  11.14
39.636  18.615
5.0225  37.628
51.843  17.174
45.788  10.24
47.727  13.616
43.584  19.408
75.13  15.004
57.005  12.445
54.374  12.107
72.779  13.062
70.181  9.3271
60.295  11.052
55.105  10.765
72.353  12.168
65.952  11.532
67.29  10.561
64.44  13.415
58.862  5.0932
40.003  10.746
36.412  23.545
73.659  16.467
71.569  11.843
51.82  15.196
73.106  15.013
74.706  15.953
64.473  10.124
59.829  6.1509
75.278  15.47
71.032  12.653
