63.472  6.3067
67.29  10.561
51.843  17.174
57.56  14.981
75.13  15.004
71.032  12.653
58.112  10.231
72.779  13.062
70.991  10.692
42.015  15.233
47.727  13.616
45.788  10.24
43.584  19.408
57.909  7.6925
63.277  11.14
68.232  7.8277
62.885  8.6471
64.473  10.124
73.106  15.013
71.569  11.843
47.333  12.675
39.636  18.615
40.003  10.746
58.862  5.0932
35.476  17.12
33.981  17.53
5.0225  37.628
53.226  8.5718
35.418  22.191
55.105  10.765
51.82  15.196
72.353  12.168
65.473  5.3441
60.295  11.052
74.706  15.953
60.5  13.465
75.278  15.47
64.44  13.415
75.756  17.218
36.569  36.09
36.412  23.545
59.829  6.1509
65.952  11.532
54.374  12.107
70.181  9.3271
73.659  16.467
74.146  14.633
65.18  7.2804
57.005  12.445
52.59  5.4802
