63.472  6.3067
65.18  7.2804
65.473  5.3441
72.779  13.062
73.106  15.013
74.146  14.633
74.706  15.953
35.418  22.191
36.412  23.545
39.636  18.615
35.476  17.12
33.981  17.53
5.0225  37.628
36.569  36.09
42.015  15.233
47.333  12.675
47.727  13.616
53.226  8.5718
58.112  10.231
59.829  6.1509
58.862  5.0932
67.29  10.561
65.952  11.532
71.032  12.653
71.569  11.843
70.991  10.692
64.44  13.415
57.56  14.981
54.374  12.107
55.105  10.765
57.005  12.445
51.843  17.174
73.659  16.467
75.756  17.218
75.278  15.47
75.13  15.004
72.353  12.168
68.232  7.8277
70.181  9.3271
64.473  10.124
63.277  11.14
60.295  11.052
60.5  13.465
51.82  15.196
45.788  10.24
40.003  10.746
43.584  19.408
52.59  5.4802
57.909  7.6925
62.885  8.6471
