63.472  6.3067
47.727  13.616
43.584  19.408
39.636  18.615
36.412  23.545
36.569  36.09
5.0225  37.628
35.418  22.191
33.981  17.53
35.476  17.12
42.015  15.233
40.003  10.746
45.788  10.24
47.333  12.675
53.226  8.5718
52.59  5.4802
58.862  5.0932
59.829  6.1509
63.277  11.14
65.952  11.532
67.29  10.561
65.18  7.2804
62.885  8.6471
57.909  7.6925
54.374  12.107
55.105  10.765
58.112  10.231
51.843  17.174
51.82  15.196
57.56  14.981
57.005  12.445
60.5  13.465
60.295  11.052
64.473  10.124
64.44  13.415
73.106  15.013
73.659  16.467
75.756  17.218
74.706  15.953
75.278  15.47
75.13  15.004
74.146  14.633
72.779  13.062
72.353  12.168
71.032  12.653
71.569  11.843
70.991  10.692
70.181  9.3271
68.232  7.8277
65.473  5.3441
