63.472  6.3067
59.829  6.1509
65.473  5.3441
70.181  9.3271
72.779  13.062
75.13  15.004
74.146  14.633
35.418  22.191
35.476  17.12
36.412  23.545
39.636  18.615
33.981  17.53
36.569  36.09
5.0225  37.628
42.015  15.233
47.333  12.675
47.727  13.616
60.295  11.052
58.112  10.231
58.862  5.0932
62.885  8.6471
67.29  10.561
72.353  12.168
65.952  11.532
71.032  12.653
74.706  15.953
73.106  15.013
53.226  8.5718
51.82  15.196
52.59  5.4802
57.56  14.981
51.843  17.174
73.659  16.467
75.278  15.47
75.756  17.218
71.569  11.843
70.991  10.692
63.277  11.14
64.473  10.124
64.44  13.415
57.909  7.6925
57.005  12.445
55.105  10.765
54.374  12.107
45.788  10.24
40.003  10.746
43.584  19.408
60.5  13.465
65.18  7.2804
68.232  7.8277
