63.472  6.3067
65.473  5.3441
65.18  7.2804
57.909  7.6925
57.005  12.445
54.374  12.107
51.843  17.174
43.584  19.408
35.476  17.12
33.981  17.53
35.418  22.191
5.0225  37.628
36.569  36.09
36.412  23.545
39.636  18.615
42.015  15.233
40.003  10.746
52.59  5.4802
58.862  5.0932
59.829  6.1509
62.885  8.6471
63.277  11.14
64.44  13.415
71.032  12.653
75.13  15.004
75.278  15.47
74.146  14.633
72.779  13.062
72.353  12.168
71.569  11.843
73.106  15.013
73.659  16.467
75.756  17.218
74.706  15.953
70.991  10.692
70.181  9.3271
68.232  7.8277
67.29  10.561
65.952  11.532
64.473  10.124
60.295  11.052
60.5  13.465
57.56  14.981
51.82  15.196
47.727  13.616
47.333  12.675
45.788  10.24
53.226  8.5718
55.105  10.765
58.112  10.231
