63.472 6.3067
36.569 36.09
40.003 10.746
57.909 7.6925
33.981 17.53
47.333 12.675
74.146 14.633
72.353 12.168
65.473 5.3441
65.18 7.2804
5.0225 37.628
39.636 18.615
60.295 11.052
63.277 11.14
57.005 12.445
55.105 10.765
64.473 10.124
58.862 5.0932
75.756 17.218
71.569 11.843
75.278 15.47
64.44 13.415
57.56 14.981
59.829 6.1509
58.112 10.231
43.584 19.408
54.374 12.107
35.476 17.12
74.706 15.953
72.779 13.062
45.788 10.24
70.181 9.3271
51.843 17.174
73.106 15.013
65.952 11.532
53.226 8.5718
35.418 22.191
71.032 12.653
75.13 15.004
68.232 7.8277
51.82 15.196
62.885 8.6471
52.59 5.4802
42.015 15.233
73.659 16.467
70.991 10.692
36.412 23.545
67.29 10.561
60.5 13.465
47.727 13.616
