1 0.854514 0.854514 0
2 0.7688 0.811657 0.0428571
3 0.7588 0.794038 0.0303756
4 0.745771 0.781971 0.0246362
5 0.796343 0.784846 0.0192984
6 0.815943 0.790029 0.0165875
7 0.701543 0.777388 0.0188765
8 0.766286 0.776 0.0164064
9 0.685543 0.765949 0.0176174
10 0.780971 0.767451 0.0158289
11 0.7592 0.766701 0.0143374
12 0.784514 0.768186 0.0131721
13 0.726743 0.764998 0.0125289
14 0.723371 0.762024 0.0119746
15 0.695943 0.757619 0.0119866
16 0.662629 0.751682 0.0126872
17 0.774629 0.753032 0.0119938
18 0.629829 0.746187 0.013218
19 0.737143 0.745711 0.0125121
20 0.716686 0.74426 0.0119584
21 0.713429 0.742792 0.0114691
22 0.780114 0.744488 0.0110661
23 0.778457 0.745965 0.0106767
24 0.721429 0.744943 0.0102731
25 0.723657 0.744091 0.00989037
26 0.702629 0.742497 0.00963525
27 0.775543 0.743721 0.00935196
28 0.672057 0.741161 0.00936817
29 0.785143 0.742678 0.00916571
30 0.673886 0.740385 0.009147
31 0.686057 0.738632 0.00901893
32 0.812629 0.740945 0.00903351
33 0.710857 0.740033 0.00880284
34 0.6876 0.738491 0.00867813
35 0.68 0.73682 0.00859065
36 0.842057 0.739743 0.00884561
37 0.749943 0.740019 0.00860763
38 0.792 0.741386 0.00848899
39 0.699314 0.740308 0.00833854
40 0.752114 0.740603 0.00813276
41 0.779771 0.741558 0.00798924
42 0.706286 0.740718 0.0078418
43 0.659657 0.738833 0.0078859
44 0.714 0.738269 0.00772524
45 0.7324 0.738138 0.00755274
46 0.865314 0.740903 0.00788716
47 0.7644 0.741403 0.0077337
48 0.766 0.741915 0.00758819
49 0.726229 0.741595 0.00743861
50 0.698171 0.740727 0.00733988
