1 0.38808 0.38808 0
2 0.39056 0.38932 0.00124
3 0.42136 0.4 0.010704
4 0.42276 0.40569 0.00946908
5 0.45144 0.41484 0.0117269
6 0.3652 0.406567 0.0126542
7 0.40252 0.405989 0.0107104
8 0.40152 0.40543 0.00929224
9 0.43116 0.408289 0.00867935
10 0.38932 0.406392 0.00799143
11 0.40388 0.406164 0.00723213
12 0.43428 0.408507 0.00700544
13 0.40056 0.407895 0.006473
14 0.4514 0.411003 0.00675059
15 0.42748 0.412101 0.00637973
16 0.41212 0.412102 0.0059677
17 0.4198 0.412555 0.00562393
18 0.45316 0.414811 0.00576221
19 0.43156 0.415693 0.00552133
20 0.41724 0.41577 0.00523856
21 0.40392 0.415206 0.00501472
22 0.38932 0.414029 0.00492399
23 0.38548 0.412788 0.00486602
24 0.42196 0.41317 0.0046745
25 0.42232 0.413536 0.00449854
26 0.37704 0.412132 0.00454429
27 0.45184 0.413603 0.00461343
28 0.38872 0.412714 0.00453356
29 0.43508 0.413486 0.0044419
30 0.43656 0.414255 0.00435967
31 0.45256 0.41549 0.00439401
32 0.44832 0.416516 0.00437643
33 0.44472 0.417371 0.00432699
34 0.41388 0.417268 0.00419905
35 0.40728 0.416983 0.00408729
36 0.44616 0.417793 0.00405397
37 0.43896 0.418365 0.00398417
38 0.4764 0.419893 0.0041678
39 0.3962 0.419285 0.00410473
40 0.40584 0.418949 0.00401489
41 0.42464 0.419088 0.0039182
42 0.42672 0.41927 0.00382809
43 0.4022 0.418873 0.00375902
44 0.45104 0.419604 0.00374466
45 0.41952 0.419602 0.0036605
46 0.43872 0.420017 0.00360408
47 0.40652 0.41973 0.00353824
48 0.40308 0.419383 0.00348107
49 0.39328 0.418851 0.00345065
50 0.42408 0.418955 0.00338255
