1 0.545509 0.545509 0
2 0.515657 0.530583 0.0149257
3 0.504411 0.521859 0.0122623
4 0.456457 0.505509 0.0185073
5 0.451063 0.494619 0.0180024
6 0.441966 0.485844 0.0171192
7 0.513463 0.489789 0.0149967
8 0.5536 0.497766 0.0152413
9 0.553966 0.50401 0.0148213
10 0.500891 0.503698 0.0132602
11 0.49024 0.502475 0.0120565
12 0.482286 0.500792 0.0111339
13 0.52096 0.502344 0.0103585
14 0.566674 0.506939 0.0106342
15 0.50112 0.506551 0.00990746
16 0.469166 0.504214 0.00955759
17 0.484526 0.503056 0.00905219
18 0.50592 0.503215 0.00853597
19 0.536091 0.504946 0.00825754
20 0.526446 0.506021 0.00790721
21 0.49472 0.505482 0.00754048
22 0.510857 0.505727 0.00719372
23 0.51424 0.506097 0.00688379
24 0.463634 0.504328 0.00682408
25 0.490103 0.503759 0.00657011
26 0.493989 0.503383 0.00632353
27 0.467337 0.502048 0.00622956
28 0.51104 0.502369 0.00601154
29 0.486217 0.501812 0.00582722
30 0.518354 0.502363 0.00565657
31 0.552686 0.503987 0.0057068
32 0.479726 0.503229 0.00557735
33 0.53056 0.504057 0.00546878
34 0.512046 0.504292 0.0053107
35 0.531703 0.505075 0.00521586
36 0.544046 0.506157 0.00518321
37 0.499246 0.505971 0.00504464
38 0.53824 0.50682 0.00498298
39 0.520823 0.507179 0.0048668
40 0.528137 0.507703 0.00477241
41 0.517029 0.50793 0.00466011
42 0.474697 0.507139 0.00461613
43 0.488183 0.506698 0.004529
44 0.506514 0.506694 0.00442488
45 0.544366 0.507531 0.0044057
46 0.501029 0.50739 0.00431117
47 0.507931 0.507401 0.00421846
48 0.482103 0.506874 0.00416314
49 0.442971 0.50557 0.00428078
50 0.5104 0.505667 0.00419541
