1 0.123527 0.123527 0
2 0.118455 0.120991 0.00253584
3 0.122921 0.121634 0.00159922
4 0.0934483 0.114588 0.00713661
5 0.117323 0.115135 0.005555
6 0.119984 0.115943 0.00460707
7 0.111892 0.115364 0.00393646
8 0.115398 0.115368 0.00340907
9 0.103109 0.114006 0.00330069
10 0.116506 0.114256 0.00296279
11 0.106703 0.11357 0.00276652
12 0.108743 0.113167 0.0025573
13 0.125665 0.114129 0.00254124
14 0.123569 0.114803 0.00244745
15 0.106168 0.114227 0.00235006
16 0.116245 0.114353 0.00220189
17 0.11996 0.114683 0.00209445
18 0.106405 0.114223 0.00202751
19 0.109403 0.11397 0.00193454
20 0.122563 0.114399 0.00188489
21 0.108899 0.114137 0.00181192
22 0.104865 0.113716 0.00177827
23 0.111578 0.113623 0.00170173
24 0.109581 0.113455 0.00163797
25 0.109089 0.11328 0.00158076
26 0.116833 0.113417 0.00152488
27 0.120016 0.113661 0.00148753
28 0.116124 0.113749 0.00143612
29 0.106527 0.1135 0.00140792
30 0.111348 0.113428 0.00136207
31 0.113198 0.113421 0.00131742
32 0.109759 0.113306 0.00128071
33 0.124436 0.113644 0.00128629
34 0.12431 0.113957 0.00128672
35 0.110574 0.113861 0.00125315
36 0.109136 0.113729 0.00122489
37 0.113275 0.113717 0.00119139
38 0.127825 0.114088 0.0012176
39 0.117645 0.11418 0.00118947
40 0.130259 0.114582 0.00122706
41 0.110795 0.114489 0.00120032
42 0.10186 0.114189 0.00120937
43 0.123033 0.114394 0.00119869
44 0.117488 0.114465 0.00117324
45 0.112861 0.114429 0.00114743
46 0.116397 0.114472 0.00112302
47 0.118754 0.114563 0.00110264
48 0.100976 0.11428 0.00111592
49 0.11304 0.114254 0.0010932
50 0.116984 0.114309 0.0010725
