1 0.0408313 0.0408313 0
2 0.0384389 0.0396351 0.00119622
3 0.0435117 0.0409273 0.00146519
4 0.0419111 0.0411733 0.00106484
5 0.0461347 0.0421655 0.00129033
6 0.0449111 0.0426231 0.00114863
7 0.0388544 0.0420847 0.00111007
8 0.0428006 0.0421742 0.000965508
9 0.0355676 0.0414402 0.00112424
10 0.0428699 0.0415831 0.00101566
11 0.0373853 0.0412015 0.000994811
12 0.0375553 0.0408977 0.000957617
13 0.0440287 0.0411385 0.000913212
14 0.0373473 0.0408677 0.00088778
15 0.0417411 0.0409259 0.000828527
16 0.0412576 0.0409467 0.000775293
17 0.0460917 0.0412493 0.000788645
18 0.0388873 0.0411181 0.000755033
19 0.0371611 0.0409098 0.000743935
20 0.0374162 0.0407351 0.000727055
21 0.0454222 0.0409583 0.000726692
22 0.0451144 0.0411472 0.000718165
23 0.0425673 0.041209 0.000689003
24 0.0413787 0.0412161 0.000659708
25 0.0434477 0.0413053 0.000639035
26 0.0417931 0.0413241 0.000614251
27 0.0370428 0.0411655 0.000611963
28 0.0408762 0.0411552 0.000589793
29 0.0410939 0.0411531 0.000569096
30 0.0438464 0.0412429 0.000557081
31 0.0410611 0.041237 0.000538843
32 0.0394899 0.0411824 0.000524581
33 0.0391406 0.0411205 0.000512187
34 0.0415553 0.0411333 0.000497059
35 0.0422058 0.041164 0.00048362
36 0.0384798 0.0410894 0.000475872
37 0.0423164 0.0411226 0.000464018
38 0.0401058 0.0410958 0.000452434
39 0.0442517 0.0411767 0.000448049
40 0.0410788 0.0411743 0.000436711
41 0.0418013 0.0411896 0.000426201
42 0.0383344 0.0411216 0.000421448
43 0.0443169 0.0411959 0.000418185
44 0.0399117 0.0411667 0.000409612
45 0.0440611 0.041231 0.000405539
46 0.0382766 0.0411668 0.000401791
47 0.0423828 0.0411927 0.000394
48 0.0439744 0.0412506 0.000390034
49 0.0439966 0.0413067 0.00038608
50 0.0388899 0.0412583 0.000381355
