1 0.446752 0.446752 0
2 0.4108 0.428776 0.017976
3 0.424448 0.427333 0.0104782
4 0.454582 0.434146 0.0100649
5 0.450262 0.437369 0.0084363
6 0.409832 0.432779 0.00827711
7 0.44975 0.435204 0.00740363
8 0.42255 0.433622 0.00660395
9 0.450022 0.435444 0.00610254
10 0.416038 0.433504 0.005793
11 0.408278 0.43121 0.00571981
12 0.418342 0.430138 0.00533043
13 0.394022 0.42736 0.00563563
14 0.383878 0.424254 0.00607202
15 0.467862 0.427161 0.00635651
16 0.423768 0.426949 0.00594976
17 0.444582 0.427986 0.00568426
18 0.507112 0.432382 0.0069314
19 0.465032 0.434101 0.0067779
20 0.437272 0.434259 0.00643204
21 0.479272 0.436403 0.00648271
22 0.434752 0.436328 0.00618147
23 0.492038 0.43875 0.00638396
24 0.382342 0.436399 0.00654849
25 0.452312 0.437036 0.00631326
26 0.416502 0.436246 0.00611678
27 0.468502 0.437441 0.00600589
28 0.460262 0.438256 0.00584453
29 0.457832 0.438931 0.00567966
30 0.42655 0.438518 0.00550257
31 0.439272 0.438543 0.00532216
32 0.443632 0.438702 0.00515561
33 0.418592 0.438092 0.00503396
34 0.461638 0.438785 0.00493252
35 0.406502 0.437862 0.00487752
36 0.432128 0.437703 0.00474277
37 0.423048 0.437307 0.00462978
38 0.446592 0.437551 0.00451292
39 0.412168 0.436901 0.00444361
40 0.440198 0.436983 0.00433188
41 0.450582 0.437315 0.0042379
42 0.412518 0.436724 0.00417769
43 0.430038 0.436569 0.00408234
44 0.406168 0.435878 0.00404789
45 0.471798 0.436676 0.00403662
46 0.412502 0.436151 0.00398272
47 0.475488 0.436987 0.00398592
48 0.435288 0.436952 0.00390216
49 0.48055 0.437842 0.0039239
50 0.387 0.436825 0.00397682
