1 0.441642 0.441642 0
2 0.421895 0.431768 0.00987368
3 0.466274 0.44327 0.0128369
4 0.449053 0.444716 0.00919148
5 0.477137 0.4512 0.0096299
6 0.459621 0.452604 0.00798706
7 0.449179 0.452114 0.006768
8 0.444505 0.451163 0.00593793
9 0.505011 0.457146 0.00795113
10 0.386105 0.450042 0.0100521
11 0.405853 0.446025 0.00994037
12 0.470274 0.448046 0.00929655
13 0.416589 0.445626 0.00888732
14 0.415495 0.443474 0.00850488
15 0.429979 0.442574 0.00796856
16 0.4592 0.443613 0.00752599
17 0.477811 0.445625 0.00735007
18 0.432211 0.44488 0.00696967
19 0.433474 0.444279 0.00661992
20 0.459158 0.445023 0.00632412
21 0.405305 0.443132 0.00630576
22 0.479284 0.444775 0.00623283
23 0.444168 0.444749 0.00595574
24 0.445137 0.444765 0.00570221
25 0.498695 0.446922 0.00587941
26 0.477937 0.448115 0.00577333
27 0.424842 0.447253 0.00562186
28 0.433347 0.446756 0.00544008
29 0.436716 0.44641 0.00526054
30 0.4336 0.445983 0.00510008
31 0.476463 0.446966 0.00502985
32 0.421853 0.446182 0.00493296
33 0.439074 0.445966 0.00478599
34 0.426526 0.445394 0.00467816
35 0.508 0.447183 0.00488203
36 0.486863 0.448285 0.00487083
37 0.450442 0.448344 0.00473771
38 0.485853 0.449331 0.00471581
39 0.464421 0.449718 0.00460957
40 0.409432 0.448711 0.00460436
41 0.464421 0.449094 0.00450697
42 0.4728 0.449658 0.00443442
43 0.462695 0.449961 0.00434067
44 0.396084 0.448737 0.0044141
45 0.472632 0.449268 0.00434745
46 0.442358 0.449118 0.00425454
47 0.476926 0.449709 0.00420487
48 0.424084 0.449175 0.00415081
49 0.455958 0.449314 0.00406757
50 0.470737 0.449742 0.00400836
