1 -0.01208 -0.01208 0
2 -0.00344 -0.00776 0.00432
3 -0.01736 -0.01096 0.00405719
4 0.00256 -0.00758 0.00443337
5 0.01256 -0.003552 0.00529317
6 -0.00024 -0.003 0.00435697
7 0.01008 -0.00113143 0.00412928
8 0.00568 -0.00028 0.00367602
9 -0.00256 -0.000533333 0.00325183
10 -0.008 -0.00128 0.00300284
11 0.00968 -0.000283636 0.00289315
12 0.02376 0.00172 0.00331509
13 -0.00768 0.000996923 0.00313399
14 -0.00032 0.000902857 0.00290304
15 0.00552 0.00121067 0.00272005
16 -0.00856 0.0006 0.00261663
17 -0.002 0.000447059 0.00246265
18 -0.00704 3.11111e-05 0.00235878
19 0.02232 0.00120421 0.00252078
20 0.00064 0.001176 0.00239159
21 0.00624 0.00141714 0.0022876
22 -0.0104 0.00088 0.00224631
23 0.00808 0.00119304 0.00216913
24 -0.0124 0.000626667 0.00215263
25 0.00576 0.000832 0.00207491
26 -0.01192 0.000341538 0.00205296
27 0 0.000328889 0.0019755
28 -0.00968 -2.85714e-05 0.00193691
29 0.00112 1.10345e-05 0.00186935
30 0.01152 0.000394667 0.00184626
31 0.00192 0.000443871 0.00178639
32 0.00104 0.0004625 0.00172976
33 -0.00416 0.000322424 0.00168237
34 -0.012 -4e-05 0.00167189
35 0.01792 0.000473143 0.00170259
36 -0.0104 0.000171111 0.00168196
37 -0.02824 -0.000596757 0.00180712
38 -0.00544 -0.000724211 0.00176353
39 -0.00384 -0.000804103 0.00171958
40 -0.01632 -0.001192 0.00172034
41 0.00224 -0.00110829 0.00167994
42 0.00688 -0.000918095 0.00165045
43 0.02208 -0.000383256 0.00169804
44 -0.0036 -0.000456364 0.00166061
45 -0.0072 -0.000606222 0.00163019
46 0.00144 -0.000561739 0.00159498
47 0.01624 -0.000204255 0.00160109
48 -0.0172 -0.000558333 0.00160688
49 -0.00112 -0.000569796 0.00157378
50 -0.00176 -0.0005936 0.00154217
