1 0.060462 0.060462 0
2 0.0607631 0.0606125 0.000150512
3 0.0703075 0.0638442 0.00323282
4 0.0567289 0.0620654 0.00289651
5 0.0590159 0.0614555 0.00232505
6 0.0618893 0.0615278 0.00189977
7 0.0677597 0.0624181 0.0018359
8 0.0598952 0.0621027 0.00162091
9 0.0546473 0.0612743 0.00165218
10 0.0529736 0.0604443 0.00169493
11 0.0591822 0.0603295 0.00153741
12 0.0621028 0.0604773 0.00141121
13 0.0583413 0.060313 0.00130848
14 0.0635371 0.0605433 0.00123312
15 0.0540768 0.0601122 0.00122625
16 0.0616631 0.0602091 0.00115114
17 0.067307 0.0606266 0.00115911
18 0.0575179 0.0604539 0.00110639
19 0.0540676 0.0601178 0.00109919
20 0.066043 0.0604141 0.00108405
21 0.0567087 0.0602376 0.00104612
22 0.0690631 0.0606388 0.00107509
23 0.0648917 0.0608237 0.00104379
24 0.0614652 0.0608504 0.000999712
25 0.0626635 0.0609229 0.000961629
26 0.0602702 0.0608978 0.000924244
27 0.0608405 0.0608957 0.000889357
28 0.057013 0.060757 0.000868152
29 0.0576106 0.0606485 0.000844678
30 0.0590139 0.0605941 0.000817854
31 0.066674 0.0607902 0.000814983
32 0.0668087 0.0609783 0.000811208
33 0.0678307 0.0611859 0.0008132
34 0.0680448 0.0613876 0.000814303
35 0.0623875 0.0614162 0.000791211
36 0.0602632 0.0613842 0.000769586
37 0.0655578 0.061497 0.000756949
38 0.0607179 0.0614765 0.000737046
39 0.0651361 0.0615703 0.000724005
40 0.0627187 0.061599 0.000706257
41 0.0637286 0.061651 0.000690771
42 0.065777 0.0617492 0.000681244
43 0.0579003 0.0616597 0.000671207
44 0.0605832 0.0616352 0.000656232
45 0.0609775 0.0616206 0.000641649
46 0.0610908 0.0616091 0.000627651
47 0.0626191 0.0616306 0.000614528
48 0.0610862 0.0616192 0.000601696
49 0.0586793 0.0615592 0.000592335
50 0.0596474 0.061521 0.000581625
