1 123.928 123.928 0
2 120.994 122.461 1.467
3 120.32 121.747 1.10756
4 122.061 121.826 0.787072
5 117.469 120.954 1.06342
6 117.451 120.37 1.04637
7 120.705 120.418 0.885629
8 121.316 120.53 0.775136
9 121.746 120.666 0.69683
10 116.917 120.291 0.727314
11 116.333 119.931 0.749844
12 120.281 119.96 0.685131
13 121.273 120.061 0.638273
14 122.781 120.255 0.622041
15 122.088 120.377 0.591832
16 123.441 120.569 0.585789
17 121.129 120.602 0.551239
18 123.107 120.741 0.538028
19 119.616 120.682 0.512357
20 119.546 120.625 0.489371
21 117.486 120.476 0.488902
22 121.249 120.511 0.467473
23 119.226 120.455 0.450165
24 120.943 120.475 0.43148
25 115.492 120.276 0.459354
26 124.044 120.421 0.464525
27 122.089 120.483 0.451238
28 119.84 120.46 0.435429
29 116.968 120.339 0.437053
30 123.856 120.457 0.438204
31 119.599 120.429 0.424735
32 122.192 120.484 0.414922
33 122.546 120.546 0.406976
34 121.268 120.568 0.395394
35 122.21 120.615 0.386788
36 116.548 120.502 0.392497
37 121.111 120.518 0.382097
38 121.631 120.547 0.373057
39 123.978 120.635 0.373864
40 117.088 120.547 0.375031
41 116.046 120.437 0.381884
42 121.211 120.455 0.373135
43 124.031 120.538 0.373724
44 123.374 120.603 0.370775
45 124.634 120.692 0.373346
46 120.807 120.695 0.365148
47 124.257 120.771 0.365243
48 122.466 120.806 0.359293
49 123.899 120.869 0.357501
50 120.091 120.854 0.350624
