1 0.031488 0.031488 0
2 0.087768 0.059628 0.02814
3 0.105728 0.0749947 0.0223626
4 0.0768 0.075446 0.0158192
5 0.165208 0.0933984 0.0217356
6 0.150552 0.102924 0.0201419
7 0.091392 0.101277 0.0171025
8 0.099392 0.101041 0.0148131
9 0.0768 0.0983476 0.0133387
10 0.153888 0.103902 0.0131599
11 0.205528 0.11314 0.0150682
12 0.116312 0.113405 0.0137579
13 0.095768 0.112048 0.0127279
14 0.0582 0.108202 0.0123956
15 0.065688 0.105367 0.0118826
16 0.043032 0.101471 0.0117782
17 0.087768 0.100665 0.011093
18 0.043032 0.0974636 0.0109377
19 0.102168 0.0977112 0.010349
20 0.119808 0.098816 0.00987991
21 0.165208 0.101978 0.00991522
22 0.084128 0.101166 0.00948854
23 0.191832 0.105108 0.00988649
24 0.107392 0.105203 0.00946608
25 0.186368 0.10845 0.00964253
26 0.027608 0.105341 0.0097721
27 0.073112 0.104147 0.00947867
28 0.126752 0.104954 0.00916948
29 0.170328 0.107209 0.00913031
30 0.035352 0.104813 0.00914014
31 0.117272 0.105215 0.00884951
32 0.069408 0.104096 0.00864126
33 0.046848 0.102361 0.00855309
34 0.091392 0.102039 0.00830398
35 0.0768 0.101318 0.00809542
36 0.168512 0.103184 0.00808571
37 0.091392 0.102866 0.0078706
38 0.102168 0.102847 0.0076607
39 0.035352 0.101117 0.00765976
40 0.1472 0.102269 0.00755418
41 0.170328 0.103929 0.00755232
42 0.0768 0.103283 0.00739856
43 0.0392 0.101792 0.00737656
44 0.046848 0.100544 0.00731434
45 0.0198 0.0987493 0.00737166
46 0.098592 0.0987459 0.00720963
47 0.031488 0.0973149 0.00719824
48 0.0582 0.0965 0.00709364
49 0.0392 0.0953306 0.0070451
50 0.119808 0.0958202 0.00692009
