1 7.52 7.52 0
2 7.78672 7.65336 0.13336
3 7.624 7.64357 0.0776149
4 6.9064 7.45928 0.192292
5 7.0952 7.38646 0.165794
6 7.01312 7.32424 0.148987
7 7.30464 7.32144 0.125948
8 7.19248 7.30532 0.110259
9 7.11072 7.2837 0.0996141
10 6.62144 7.21747 0.111015
11 7.4624 7.23974 0.102855
12 8.02768 7.3054 0.114575
13 7.0024 7.28209 0.10794
14 7.61152 7.30562 0.102666
15 7.14352 7.29482 0.0961862
16 7.97344 7.33723 0.0994699
17 6.5256 7.28949 0.104927
18 7.16256 7.28244 0.0991769
19 7.08576 7.27208 0.0943813
20 7.38016 7.27749 0.0897009
21 6.74704 7.25223 0.088983
22 7.408 7.25931 0.0851369
23 7.73744 7.2801 0.0839652
24 7.81952 7.30257 0.0834734
25 7.03616 7.29192 0.080771
26 7.48176 7.29922 0.077945
27 7.33216 7.30044 0.0750125
28 7.82144 7.31905 0.0746404
29 7.40416 7.32198 0.0720804
30 7.384 7.32405 0.0696669
31 6.63952 7.30197 0.070908
32 7.37904 7.30437 0.0686986
33 7.57712 7.31264 0.0670953
34 7.62928 7.32195 0.0657549
35 7.236 7.3195 0.0638957
36 7.84784 7.33417 0.0638063
37 7.66896 7.34322 0.062714
38 7.24736 7.3407 0.0610934
39 7.3472 7.34087 0.0595066
40 8.45824 7.3688 0.0643763
41 7.968 7.38341 0.064465
42 7.4008 7.38383 0.0629127
43 8.21792 7.40323 0.0644219
44 7.87824 7.41402 0.0638599
45 7.17056 7.40861 0.0626587
46 6.87056 7.39691 0.0623877
47 7.49056 7.39891 0.0610784
48 7.26816 7.39618 0.0598544
49 7.35904 7.39543 0.058625
50 7.1848 7.39121 0.0575948
