1 0.405638 0.405638 0
2 0.361981 0.38381 0.0218286
3 0.381867 0.383162 0.0126194
4 0.370743 0.380057 0.00944795
5 0.35661 0.375368 0.00869194
6 0.408686 0.380921 0.00901125
7 0.371962 0.379641 0.00772268
8 0.357676 0.376895 0.00722966
9 0.399162 0.379369 0.00683915
10 0.370781 0.37851 0.00617712
11 0.387962 0.37937 0.00565309
12 0.386743 0.379984 0.00519699
13 0.38861 0.380648 0.00482636
14 0.35741 0.378988 0.00476668
15 0.3648 0.378042 0.00453722
16 0.351581 0.376388 0.00455501
17 0.4136 0.378577 0.0048061
18 0.38259 0.3788 0.00453672
19 0.416457 0.380782 0.00472689
20 0.395238 0.381505 0.0045422
21 0.335962 0.379336 0.00483425
22 0.35379 0.378175 0.00475328
23 0.391771 0.378766 0.00458023
24 0.361371 0.378041 0.00444473
25 0.365562 0.377542 0.00429236
26 0.390019 0.378022 0.00415179
27 0.36179 0.377421 0.00404004
28 0.363276 0.376916 0.00392572
29 0.393867 0.3775 0.00383276
30 0.373714 0.377374 0.00370495
31 0.375924 0.377327 0.00358375
32 0.377752 0.37734 0.00346998
33 0.418095 0.378575 0.00358276
34 0.401562 0.379252 0.00354093
35 0.386705 0.379464 0.00344486
36 0.399162 0.380012 0.00339222
37 0.376038 0.379904 0.00330101
38 0.374667 0.379766 0.00321593
39 0.356952 0.379181 0.00318654
40 0.343962 0.378301 0.00322824
41 0.403429 0.378914 0.00320762
42 0.357181 0.378396 0.00317279
43 0.357981 0.377922 0.0031343
44 0.409181 0.378632 0.00314357
45 0.391771 0.378924 0.00308676
46 0.391352 0.379194 0.00303097
47 0.364152 0.378874 0.002983
48 0.387619 0.379056 0.00292587
49 0.410248 0.379693 0.00293539
50 0.383162 0.379762 0.00287692
