1 -0.00272 -0.00272 0
2 -0.00184 -0.00228 0.00044
3 -0.03016 -0.0115733 0.0092968
4 0.00424 -0.00762 0.00767099
5 0.01256 -0.003584 0.00718302
6 0.0072 -0.00178667 0.00613413
7 0.01272 0.000285714 0.00558315
8 -0.00936 -0.00092 0.00498322
9 0.0116 0.000471111 0.0046097
10 0.0224 0.002664 0.00466993
11 -0.00544 0.00192727 0.00428787
12 0.00616 0.00228 0.00393014
13 -0.00664 0.00159385 0.00367974
14 -0.00416 0.00118286 0.00343148
15 -0.02824 -0.000778667 0.00374868
16 -0.0128 -0.00153 0.00358616
17 0.00352 -0.00123294 0.00338168
18 -0.01008 -0.00172444 0.00322594
19 -0.00712 -0.00200842 0.00306462
20 0.01224 -0.001296 0.00299337
21 0.01632 -0.000457143 0.00296826
22 0.02024 0.000483636 0.0029824
23 -0.0028 0.00034087 0.00285335
24 -0.0016 0.00026 0.00273307
25 -0.00152 0.0001888 0.00262244
26 -0.01008 -0.000206154 0.00255032
27 0.00256 -0.000103704 0.00245619
28 -0.00648 -0.000331429 0.00237777
29 0.01624 0.00024 0.00236441
30 0.0052 0.000405333 0.00229021
31 0.00472 0.000544516 0.00221947
32 0.00688 0.0007425 0.00215809
33 0.0108 0.00104727 0.00211376
34 0.00136 0.00105647 0.00205067
35 -0.00136 0.000987429 0.00199241
36 0.00592 0.00112444 0.00194112
37 -0.01696 0.000635676 0.00195017
38 -0.00288 0.000543158 0.00190041
39 0.00856 0.000748718 0.00186242
40 -0.01128 0.000448 0.00184
41 -0.01448 8.39024e-05 0.00183113
42 -0.012 -0.00020381 0.00181001
43 -0.00808 -0.000386977 0.00177688
44 -0.02024 -0.000838182 0.0017937
45 -0.00728 -0.000981333 0.00175923
46 -0.01048 -0.00118783 0.0017329
47 -0.01864 -0.00155915 0.00173581
48 -0.00088 -0.001545 0.00169933
49 -0.00536 -0.00162286 0.0016661
50 -0.01208 -0.001832 0.00164578
