1 0.0677269 0.0677269 0
2 0.0611509 0.0644389 0.00328798
3 0.0608886 0.0632555 0.00223698
4 0.0633728 0.0632848 0.00158206
5 0.0607163 0.0627711 0.00132877
6 0.0647137 0.0630949 0.00113221
7 0.0662582 0.0635468 0.00105823
8 0.0623629 0.0633988 0.00092833
9 0.0597076 0.0629886 0.000915694
10 0.0644307 0.0631329 0.000831621
11 0.0620006 0.0630299 0.000759239
12 0.0666425 0.063331 0.000755646
13 0.065815 0.063522 0.000720878
14 0.0640447 0.0635594 0.000668447
15 0.0683591 0.0638794 0.000699738
16 0.0636187 0.0638631 0.000654747
17 0.0676211 0.0640841 0.00065355
18 0.0672666 0.0642609 0.000641037
19 0.0670382 0.0644071 0.00062373
20 0.0622505 0.0642993 0.000601467
21 0.0646946 0.0643181 0.000572419
22 0.0637762 0.0642935 0.000546335
23 0.0590151 0.064064 0.000570259
24 0.0720292 0.0643959 0.000638938
25 0.0641676 0.0643867 0.000612916
26 0.0643591 0.0643857 0.000588871
27 0.0645619 0.0643922 0.000566679
28 0.0644761 0.0643952 0.000546074
29 0.0648524 0.064411 0.000527143
30 0.0711556 0.0646358 0.000556686
31 0.0584861 0.0644374 0.000573811
32 0.0561906 0.0641797 0.000612452
33 0.0561906 0.0639376 0.000641072
34 0.0594158 0.0638046 0.000635992
35 0.0652675 0.0638464 0.000618967
36 0.0662515 0.0639132 0.000605226
37 0.0682282 0.0640298 0.000600083
38 0.0601418 0.0639275 0.000592971
39 0.0672908 0.0640137 0.00058397
40 0.0700471 0.0641646 0.00058883
41 0.0675099 0.0642462 0.000580056
42 0.064274 0.0642468 0.000566077
43 0.0682381 0.0643397 0.000560495
44 0.0646399 0.0643465 0.00054765
45 0.0621288 0.0642972 0.000537606
46 0.0687069 0.0643931 0.000534456
47 0.0702599 0.0645179 0.000537652
48 0.0675963 0.064582 0.000530225
49 0.0661129 0.0646133 0.00052023
50 0.058017 0.0644813 0.000526515
