1 0.674979 0.674979 0
2 0.720717 0.697848 0.022869
3 0.6816 0.692432 0.0142711
4 0.642869 0.680041 0.0159801
5 0.619586 0.66795 0.0173035
6 0.590345 0.655016 0.0191547
7 0.761214 0.670187 0.0221864
8 0.75851 0.681228 0.02216
9 0.781683 0.692389 0.0225061
10 0.71989 0.695139 0.020317
11 0.632828 0.689475 0.0192307
12 0.677186 0.688451 0.017585
13 0.678621 0.687694 0.0161935
14 0.657379 0.685529 0.0151478
15 0.699697 0.686474 0.0141335
16 0.729324 0.689152 0.0134892
17 0.704221 0.690038 0.0127018
18 0.65131 0.687887 0.0121672
19 0.697103 0.688372 0.0115192
20 0.68971 0.688439 0.0109283
21 0.774455 0.692535 0.0111728
22 0.654566 0.690809 0.0107917
23 0.656386 0.689312 0.0104199
24 0.677076 0.688802 0.00998929
25 0.663448 0.687788 0.00963491
26 0.763366 0.690695 0.00970259
27 0.730317 0.692162 0.00945095
28 0.745379 0.694063 0.00930337
29 0.649214 0.692517 0.00910908
30 0.661462 0.691481 0.00886088
31 0.672828 0.69088 0.00859138
32 0.733903 0.692224 0.00842652
33 0.710676 0.692783 0.00818629
34 0.751724 0.694517 0.00812887
35 0.707752 0.694895 0.00790225
36 0.687503 0.69469 0.00768235
37 0.760993 0.696482 0.00768372
38 0.620469 0.694481 0.00774168
39 0.652028 0.693393 0.00761873
40 0.667972 0.692757 0.00745296
41 0.6624 0.692017 0.00730652
42 0.685683 0.691866 0.00713203
43 0.684193 0.691688 0.00696648
44 0.693462 0.691728 0.00680643
45 0.706814 0.692063 0.0066619
46 0.714317 0.692547 0.0065334
47 0.764634 0.694081 0.0065743
48 0.622676 0.692593 0.00660556
49 0.705214 0.692851 0.00647448
50 0.73451 0.693684 0.00639815
