1 -0.43296 -0.43296 0
2 -0.42016 -0.42656 0.0064
3 -0.42272 -0.42528 0.00391046
4 -0.4248 -0.42516 0.00276772
5 -0.42096 -0.42432 0.00230256
6 -0.42096 -0.42376 0.00196166
7 -0.42368 -0.423749 0.00165794
8 -0.42512 -0.42392 0.00144602
9 -0.42768 -0.424338 0.00134196
10 -0.42 -0.423904 0.00127626
11 -0.43504 -0.424916 0.00153544
12 -0.42416 -0.424853 0.00140307
13 -0.43104 -0.425329 0.00137558
14 -0.41904 -0.42488 0.00135045
15 -0.41744 -0.424384 0.00135151
16 -0.42784 -0.4246 0.00128254
17 -0.41552 -0.424066 0.00131783
18 -0.424 -0.424062 0.00124247
19 -0.42288 -0.424 0.0011769
20 -0.42896 -0.424248 0.00114372
21 -0.42928 -0.424488 0.00111397
22 -0.41952 -0.424262 0.00108586
23 -0.4216 -0.424146 0.00104401
24 -0.42848 -0.424327 0.00101575
25 -0.43168 -0.424621 0.0010177
26 -0.42336 -0.424572 0.000978978
27 -0.41984 -0.424397 0.000958189
28 -0.42064 -0.424263 0.000933033
29 -0.428 -0.424392 0.000909461
30 -0.42944 -0.42456 0.000894592
31 -0.436 -0.424929 0.000940663
32 -0.42608 -0.424965 0.000911503
33 -0.42736 -0.425038 0.000886426
34 -0.42528 -0.425045 0.000859989
35 -0.43216 -0.425248 0.000859446
36 -0.43264 -0.425453 0.000860101
37 -0.43024 -0.425583 0.000846477
38 -0.4344 -0.425815 0.00085595
39 -0.42736 -0.425854 0.000834655
40 -0.43088 -0.42598 0.000823166
41 -0.43248 -0.426139 0.000818341
42 -0.42624 -0.426141 0.000798623
43 -0.43536 -0.426355 0.000808764
44 -0.424 -0.426302 0.00079198
45 -0.424 -0.426251 0.000775869
46 -0.428 -0.426289 0.000759767
47 -0.42544 -0.426271 0.000743645
48 -0.4352 -0.426457 0.000751381
49 -0.43136 -0.426557 0.000742659
50 -0.4216 -0.426458 0.000734376
