1 -0.3644 -0.3644 0
2 0.13408 -0.11516 0.24924
3 -0.3232 -0.184507 0.159737
4 0.24888 -0.07616 0.156515
5 -0.09088 -0.079104 0.121272
6 0.42824 0.00545333 0.130209
7 0.4496 0.0689029 0.127028
8 0.08696 0.07116 0.110033
9 0.72344 0.143636 0.121117
10 0.21608 0.15088 0.108573
11 0.37712 0.171447 0.100338
12 -0.00424 0.156807 0.0927586
13 -0.20376 0.129071 0.0897202
14 0.14864 0.130469 0.0830766
15 0.40536 0.148795 0.0794816
16 0.06784 0.143735 0.0745202
17 -0.25896 0.120047 0.073899
18 -0.07648 0.109129 0.0705229
19 0.09096 0.108173 0.0667148
20 0.268 0.116164 0.0637938
21 -0.15064 0.103459 0.0619958
22 0.36328 0.115269 0.0602789
23 -0.05384 0.107917 0.0580659
24 -0.18168 0.09585 0.0568883
25 0.00928 0.0923872 0.0546751
26 0.22336 0.0974246 0.0527711
27 0.00072 0.093843 0.0509052
28 0.5944 0.11172 0.0522095
29 -0.02032 0.107167 0.0505823
30 -0.04312 0.102157 0.0491233
31 -0.07976 0.096289 0.0478733
32 -0.21752 0.0864825 0.0473791
33 -0.25984 0.0759879 0.0471049
34 0.5356 0.0895059 0.0476559
35 -0.41032 0.0752251 0.0484277
36 -0.13672 0.0693378 0.0474301
37 -0.34736 0.0580757 0.0474853
38 -0.1052 0.0537789 0.046418
39 0.00784 0.052601 0.0452275
40 0.07976 0.05328 0.0440876
41 -0.2796 0.045161 0.0437586
42 0.09032 0.0462362 0.0427176
43 0.0008 0.0451795 0.0417257
44 -0.61008 0.0302873 0.0434013
45 0.0324 0.0303342 0.0424259
46 -0.06848 0.0281861 0.0415489
47 0.43096 0.0367557 0.0415487
48 0.23272 0.0408383 0.0408782
49 -0.12792 0.0373943 0.0401832
50 0.53208 0.047288 0.0405954
