1 -0.55488 -0.55488 0
2 -0.5504 -0.55264 0.00224
3 -0.55392 -0.553067 0.00136183
4 -0.55728 -0.55412 0.00142717
5 -0.55952 -0.5552 0.00154547
6 -0.54912 -0.554187 0.00161838
7 -0.5576 -0.554674 0.0014521
8 -0.54704 -0.55372 0.00157864
9 -0.54896 -0.553191 0.00148931
10 -0.55632 -0.553504 0.00136833
11 -0.55552 -0.553687 0.0012512
12 -0.5512 -0.55348 0.00116084
13 -0.55552 -0.553637 0.00107928
14 -0.55296 -0.553589 0.00100039
15 -0.5512 -0.553429 0.000944828
16 -0.54432 -0.55286 0.00105131
17 -0.55984 -0.553271 0.00106949
18 -0.55648 -0.553449 0.00102397
19 -0.548 -0.553162 0.00101014
20 -0.54912 -0.55296 0.000979383
21 -0.5536 -0.55299 0.000932078
22 -0.55888 -0.553258 0.000928147
23 -0.55072 -0.553148 0.000893714
24 -0.54576 -0.55284 0.000909352
25 -0.5464 -0.552582 0.000909465
26 -0.55824 -0.5528 0.000900472
27 -0.55632 -0.55293 0.000876233
28 -0.55728 -0.553086 0.00085853
29 -0.54016 -0.55264 0.000940693
30 -0.55536 -0.552731 0.000913307
31 -0.56128 -0.553006 0.000925404
32 -0.56016 -0.55323 0.000923484
33 -0.55024 -0.553139 0.000899636
34 -0.54656 -0.552946 0.000893971
35 -0.54272 -0.552654 0.000915903
36 -0.5504 -0.552591 0.000892297
37 -0.55648 -0.552696 0.000874187
38 -0.55504 -0.552758 0.000853104
39 -0.56064 -0.55296 0.000855167
40 -0.5632 -0.553216 0.000871941
41 -0.55568 -0.553276 0.000852529
42 -0.56224 -0.55349 0.000858922
43 -0.55296 -0.553477 0.000838799
44 -0.55392 -0.553487 0.000819576
45 -0.54848 -0.553376 0.000808846
46 -0.55888 -0.553496 0.000800065
47 -0.55664 -0.553563 0.000785711
48 -0.55216 -0.553533 0.000769723
49 -0.552 -0.553502 0.000754499
50 -0.56352 -0.553702 0.000765926
