1 0.933078 0.933078 0
2 1.02943 0.981252 0.0481739
3 0.968209 0.976904 0.028151
4 1.04063 0.992835 0.0254955
5 1.06358 1.00698 0.0242945
6 1.1161 1.02517 0.0269116
7 1.13266 1.04053 0.0274428
8 1.12904 1.05159 0.0262156
9 1.0016 1.04604 0.0237779
10 1.02024 1.04346 0.0214234
11 1.08487 1.04722 0.0197405
12 0.983304 1.0419 0.0187913
13 1.06692 1.04382 0.0173923
14 0.964174 1.03813 0.0170776
15 1.07082 1.04031 0.016047
16 1.04911 1.04086 0.0150207
17 1.08056 1.0432 0.0143014
18 1.03889 1.04296 0.0134856
19 1.01092 1.04127 0.0128671
20 1.00536 1.03947 0.0123381
21 1.03784 1.0394 0.0117362
22 0.97927 1.03666 0.0115189
23 1.00939 1.03548 0.0110704
24 1.00584 1.03424 0.0106708
25 1.00257 1.03298 0.0103132
26 1.02184 1.03255 0.0099178
27 0.987339 1.03087 0.00968919
28 0.971826 1.02877 0.00957193
29 1.03325 1.02892 0.00923727
30 0.957148 1.02653 0.00923917
31 0.971965 1.02477 0.00910785
32 1.10991 1.02743 0.00921131
33 0.916104 1.02405 0.0095439
34 0.890783 1.02014 0.0100545
35 0.940661 1.01786 0.0100236
36 1.02344 1.01802 0.00974239
37 0.926539 1.01555 0.00979268
38 1.02755 1.01586 0.00953673
39 1.01377 1.01581 0.00928913
40 1.04 1.01641 0.0090741
41 1.15047 1.01968 0.00943469
42 1.05997 1.02064 0.00925713
43 1.06157 1.02159 0.00908925
44 0.999165 1.02108 0.00889489
45 1.00362 1.0207 0.00870364
46 1.05906 1.02153 0.00855309
47 1.06052 1.02236 0.00841014
48 1.10101 1.024 0.00839453
49 1.08925 1.02533 0.00832859
50 0.900035 1.02282 0.00853641
