1 -0.29072 -0.29072 0
2 -0.28368 -0.2872 0.00352
3 -0.27088 -0.28176 0.00580721
4 -0.27296 -0.27956 0.00465853
5 -0.28272 -0.280192 0.00366341
6 -0.28144 -0.2804 0.00299838
7 -0.28624 -0.281234 0.0026679
8 -0.28208 -0.28134 0.00231288
9 -0.28256 -0.281476 0.00204427
10 -0.27456 -0.280784 0.00195486
11 -0.2792 -0.28064 0.00177409
12 -0.27296 -0.28 0.00174139
13 -0.26944 -0.279188 0.00179604
14 -0.27408 -0.278823 0.00170236
15 -0.27792 -0.278763 0.00158595
16 -0.28224 -0.27898 0.00149936
17 -0.27712 -0.278871 0.00141265
18 -0.27808 -0.278827 0.00133258
19 -0.2816 -0.278973 0.00126892
20 -0.2888 -0.279464 0.00130022
21 -0.27296 -0.279154 0.00127495
22 -0.27728 -0.279069 0.0012186
23 -0.28096 -0.279151 0.00116731
24 -0.27968 -0.279173 0.00111783
25 -0.27856 -0.279149 0.00107247
26 -0.28 -0.279182 0.00103091
27 -0.28192 -0.279283 0.000997167
28 -0.28192 -0.279377 0.000965499
29 -0.27744 -0.27931 0.000934003
30 -0.28096 -0.279365 0.000904006
31 -0.2784 -0.279334 0.000874913
32 -0.27952 -0.27934 0.000847151
33 -0.2728 -0.279142 0.000844657
34 -0.27312 -0.278965 0.00083836
35 -0.28784 -0.279218 0.000852635
36 -0.28592 -0.279404 0.000849267
37 -0.27952 -0.279408 0.000826001
38 -0.27632 -0.279326 0.000808065
39 -0.28784 -0.279545 0.000816786
40 -0.27456 -0.27942 0.000805798
41 -0.2744 -0.279298 0.000795379
42 -0.27024 -0.279082 0.000805612
43 -0.27344 -0.278951 0.000797521
44 -0.27552 -0.278873 0.000783076
45 -0.28256 -0.278955 0.00076985
46 -0.27184 -0.2788 0.000768649
47 -0.28096 -0.278846 0.00075352
48 -0.27904 -0.27885 0.000737666
49 -0.28064 -0.278887 0.000723378
50 -0.26928 -0.278694 0.000734342
