1 0.00136 0.00136 0
2 0.00448 0.00292 0.00156
3 0.00696 0.00426667 0.0016201
4 -0.00248 0.00258 0.00203892
5 -0.0024 0.001584 0.00186717
6 0.00696 0.00248 0.00176834
7 -0.0092 0.000811429 0.00224003
8 -0.0128 -0.00089 0.00258034
9 -0.00112 -0.000915556 0.00227579
10 0.00408 -0.000416 0.00209593
11 0.00264 -0.000138182 0.00191609
12 -0.01032 -0.000986667 0.00194407
13 -0.006 -0.00137231 0.0018294
14 0.0008 -0.00121714 0.00170079
15 0.00288 -0.000944 0.00160673
16 0.00728 -0.00043 0.00158842
17 0.01128 0.000258824 0.00164339
18 0.00064 0.00028 0.00154955
19 -0.00168 0.000176842 0.00146935
20 0.01024 0.00068 0.00148198
21 -0.00904 0.000217143 0.00148369
22 -0.0028 8e-05 0.00142127
23 0.01104 0.000556522 0.00143925
24 0.01472 0.00114667 0.00149903
25 0.0048 0.0012928 0.00144523
26 0.00968 0.00161538 0.00142551
27 -0.0124 0.0010963 0.00146663
28 0.01184 0.00148 0.00146444
29 -0.00032 0.00141793 0.0014144
30 0.00232 0.001448 0.00136677
31 -0.00144 0.00135484 0.00132523
32 -0.0004 0.0013 0.00128432
33 0.00552 0.00142788 0.00125134
34 0.00168 0.00143529 0.001214
35 -0.0064 0.00121143 0.00119988
36 0.012 0.00151111 0.00120396
37 -0.00288 0.00139243 0.00117697
38 0.00344 0.00144632 0.00114685
39 0.01944 0.00190769 0.00120858
40 -0.0136 0.00152 0.00124014
41 0.01048 0.00173854 0.0012291
42 0.00312 0.00177143 0.00119993
43 -0.0044 0.00162791 0.00118045
44 -0.0036 0.00150909 0.00115941
45 -0.01696 0.00109867 0.00120538
46 0.00224 0.00112348 0.00117914
47 0.00368 0.00117787 0.00115507
48 0.00208 0.00119667 0.0011309
49 -0.0096 0.000976327 0.00112929
50 0.00064 0.0009696 0.00110649
