1 -1 -1 0
2 -0.99992 -0.99996 4e-05
3 -1 -0.999973 2.66667e-05
4 -0.9996 -0.99988 9.5219e-05
5 -1 -0.999904 7.75629e-05
6 -1 -0.99992 6.53197e-05
7 -1 -0.999931 5.63758e-05
8 -1 -0.99994 4.95696e-05
9 -1 -0.999947 4.42217e-05
10 -1 -0.999952 3.9911e-05
11 -1 -0.999956 3.63636e-05
12 -1 -0.99996 3.33939e-05
13 -1 -0.999963 3.08716e-05
14 -1 -0.999966 2.8703e-05
15 -1 -0.999968 2.68186e-05
16 -1 -0.99997 2.51661e-05
17 -1 -0.999972 2.37052e-05
18 -0.99288 -0.999578 0.00039462
19 -1 -0.9996 0.000373934
20 -1 -0.99962 0.000355309
21 -1 -0.999638 0.00033845
22 -1 -0.999655 0.000323118
23 -1 -0.99967 0.000309115
24 -1 -0.999683 0.000296276
25 -0.99944 -0.999674 0.000284344
26 -0.99984 -0.99968 0.000273264
27 -1 -0.999692 0.000263215
28 -1 -0.999703 0.000253879
29 -1 -0.999713 0.000245183
30 -1 -0.999723 0.000237062
31 -1 -0.999732 0.000229462
32 -0.99936 -0.99972 0.000222479
33 -1 -0.999728 0.000215798
34 0.27928 -0.962111 0.0376185
35 1 -0.90605 0.0669107
36 1 -0.853104 0.0838545
37 1 -0.803021 0.0957073
38 1 -0.755573 0.104542
39 1 -0.710558 0.111333
40 0.99952 -0.667806 0.116632
41 1 -0.627128 0.120806
42 0.9988 -0.588415 0.124088
43 0.9964 -0.551559 0.126649
44 1 -0.516296 0.128664
45 1 -0.482601 0.130208
46 1 -0.45037 0.131361
47 1 -0.419511 0.132188
48 1 -0.389938 0.132741
49 1 -0.361572 0.133062
50 0.99984 -0.334344 0.133187
