1 0.373358 0.373358 0
2 0.374177 0.373767 0.000409302
3 0.348353 0.365296 0.00847461
4 0.33853 0.358605 0.0089825
5 0.391665 0.365217 0.00959849
6 0.365656 0.36529 0.00783747
7 0.41094 0.371811 0.00929538
8 0.362121 0.3706 0.00814065
9 0.372874 0.370853 0.00718383
10 0.356912 0.369459 0.00657491
11 0.352447 0.367912 0.00614503
12 0.410307 0.371445 0.00662943
13 0.369526 0.371297 0.00609997
14 0.403795 0.373619 0.00610593
15 0.391963 0.374842 0.00581438
16 0.36026 0.37393 0.00551467
17 0.392893 0.375046 0.00529887
18 0.323051 0.372157 0.0057708
19 0.389805 0.373086 0.00553709
20 0.339312 0.371397 0.00551772
21 0.388093 0.372192 0.00530827
22 0.368633 0.37203 0.00506382
23 0.380912 0.372417 0.00485403
24 0.367516 0.372212 0.00465187
25 0.373805 0.372276 0.00446237
26 0.3696 0.372173 0.00428854
27 0.406623 0.373449 0.0043194
28 0.37574 0.373531 0.00416308
29 0.339907 0.372371 0.00418095
30 0.405358 0.373471 0.00418617
31 0.401898 0.374388 0.00415142
32 0.35427 0.373759 0.00406846
33 0.364986 0.373493 0.0039522
34 0.371386 0.373431 0.0038347
35 0.357172 0.372967 0.00375239
36 0.392447 0.373508 0.0036866
37 0.417191 0.374689 0.00377494
38 0.392707 0.375163 0.00370473
39 0.339312 0.374244 0.00372374
40 0.391628 0.374678 0.00365538
41 0.380837 0.374828 0.00356827
42 0.369005 0.37469 0.00348504
43 0.414326 0.375611 0.00352565
44 0.399367 0.376151 0.00348665
45 0.351665 0.375607 0.00345145
46 0.416409 0.376494 0.00349018
47 0.390735 0.376797 0.00342852
48 0.376372 0.376788 0.00335635
49 0.384335 0.376942 0.00329074
50 0.367033 0.376744 0.00323034
