1 -0.39808 -0.39808 0
2 -0.39408 -0.39608 0.002
3 -0.39824 -0.3968 0.00136078
4 -0.38656 -0.39424 0.00273486
5 -0.39328 -0.394048 0.0021271
6 -0.39344 -0.393947 0.00173972
7 -0.39744 -0.394446 0.00155272
8 -0.39264 -0.39422 0.0013635
9 -0.39552 -0.394364 0.00121114
10 -0.39472 -0.3944 0.00108386
11 -0.39888 -0.394807 0.00106162
12 -0.38928 -0.394347 0.00107301
13 -0.39344 -0.394277 0.000989488
14 -0.39264 -0.39416 0.000923519
15 -0.39824 -0.394432 0.00090175
16 -0.3856 -0.39388 0.00100807
17 -0.392 -0.393769 0.000953356
18 -0.40464 -0.394373 0.00108288
19 -0.39744 -0.394535 0.00103694
20 -0.3864 -0.394128 0.0010645
21 -0.39504 -0.394171 0.00101347
22 -0.39824 -0.394356 0.000983841
23 -0.39888 -0.394553 0.000960447
24 -0.39664 -0.39464 0.00092366
25 -0.39376 -0.394605 0.000886643
26 -0.39776 -0.394726 0.000860459
27 -0.3936 -0.394684 0.000829027
28 -0.3968 -0.39476 0.000802435
29 -0.38944 -0.394577 0.000795707
30 -0.39328 -0.394533 0.000769939
31 -0.39072 -0.39441 0.00075478
32 -0.38832 -0.39422 0.000755189
33 -0.3896 -0.39408 0.000745215
34 -0.38496 -0.393812 0.000771121
35 -0.4024 -0.394057 0.000787947
36 -0.40848 -0.394458 0.00086422
37 -0.39056 -0.394352 0.000847114
38 -0.39936 -0.394484 0.000834984
39 -0.38976 -0.394363 0.000822264
40 -0.40528 -0.394636 0.00084664
41 -0.38464 -0.394392 0.000860973
42 -0.39536 -0.394415 0.00084054
43 -0.3848 -0.394192 0.000850675
44 -0.39152 -0.394131 0.000833331
45 -0.40048 -0.394272 0.000826731
46 -0.40512 -0.394508 0.000842248
47 -0.39088 -0.394431 0.000827739
48 -0.3936 -0.394413 0.000810496
49 -0.40496 -0.394629 0.000822447
50 -0.39216 -0.394579 0.000807341
