1 0.0413726 0.0413726 0
2 0.0461609 0.0437667 0.00239416
3 0.0437926 0.0437753 0.0013823
4 0.03817 0.042374 0.00170854
5 0.0454809 0.0429954 0.00146204
6 0.0380176 0.0421657 0.00145373
7 0.0459583 0.0427075 0.00134278
8 0.0464196 0.0431715 0.00125204
9 0.0407303 0.0429003 0.00113702
10 0.0396467 0.0425749 0.00106776
11 0.0401268 0.0423524 0.000991135
12 0.0433007 0.0424314 0.000908223
13 0.0417193 0.0423766 0.000837237
14 0.0404836 0.0422414 0.000786836
15 0.0400497 0.0420953 0.000746935
16 0.0425182 0.0421217 0.000699193
17 0.0487011 0.0425088 0.000762328
18 0.0426647 0.0425174 0.000718782
19 0.0392933 0.0423477 0.000700756
20 0.0431509 0.0423879 0.000666007
21 0.0490836 0.0427067 0.000709213
22 0.037642 0.0424765 0.000714322
23 0.0432799 0.0425114 0.000683452
24 0.0436588 0.0425593 0.000656099
25 0.0451005 0.0426609 0.000637465
26 0.0434959 0.042693 0.000613298
27 0.041102 0.0426341 0.000593081
28 0.0416425 0.0425987 0.000572603
29 0.0484476 0.0428004 0.000588167
30 0.0477476 0.0429653 0.000591669
31 0.0472308 0.0431029 0.000588574
32 0.0492452 0.0432948 0.000601342
33 0.0454711 0.0433608 0.000586554
34 0.0420259 0.0433215 0.000570393
35 0.0459018 0.0433952 0.000558742
36 0.0438718 0.0434085 0.000543161
37 0.0426879 0.043389 0.000528636
38 0.0419679 0.0433516 0.000515893
39 0.0435696 0.0433572 0.000502522
40 0.040415 0.0432836 0.00049529
41 0.0391252 0.0431822 0.000493592
42 0.0437052 0.0431947 0.000481857
43 0.0462689 0.0432661 0.000475918
44 0.043487 0.0432712 0.000465003
45 0.0442278 0.0432924 0.000455049
46 0.0446696 0.0433224 0.000446053
47 0.042388 0.0433025 0.000436912
48 0.0400167 0.043234 0.000433156
49 0.043455 0.0432385 0.000424248
50 0.0424885 0.0432235 0.000415947
