1 -0.24688 -0.24688 0
2 -0.24112 -0.244 0.00288
3 -0.2392 -0.2424 0.00230755
4 -0.23904 -0.24156 0.00183521
5 -0.23184 -0.239616 0.00240831
6 -0.23088 -0.23816 0.00244674
7 -0.23936 -0.238331 0.00207497
8 -0.23728 -0.2382 0.00180178
9 -0.23136 -0.23744 0.00176141
10 -0.2384 -0.237536 0.00157838
11 -0.2336 -0.237178 0.00147185
12 -0.23968 -0.237387 0.00135969
13 -0.24192 -0.237735 0.00129844
14 -0.23456 -0.237509 0.00122333
15 -0.24592 -0.238069 0.00126943
16 -0.23904 -0.23813 0.00118899
17 -0.24176 -0.238344 0.00113709
18 -0.2536 -0.239191 0.00136664
19 -0.24368 -0.239427 0.00131412
20 -0.24896 -0.239904 0.00133469
21 -0.24304 -0.240053 0.0012783
22 -0.23856 -0.239985 0.0012207
23 -0.23456 -0.23975 0.00119003
24 -0.23328 -0.23948 0.00117082
25 -0.23024 -0.23911 0.00118227
26 -0.23568 -0.238978 0.00114353
27 -0.23344 -0.238773 0.00111932
28 -0.24976 -0.239166 0.00114775
29 -0.23792 -0.239123 0.0011083
30 -0.23888 -0.239115 0.00107075
31 -0.24784 -0.239396 0.0010732
32 -0.24176 -0.23947 0.00104175
33 -0.24544 -0.239651 0.00102576
34 -0.23824 -0.239609 0.000996002
35 -0.23792 -0.239561 0.00096833
36 -0.23968 -0.239564 0.000941053
37 -0.23824 -0.239529 0.000915966
38 -0.23888 -0.239512 0.000891699
39 -0.24128 -0.239557 0.000869717
40 -0.2344 -0.239428 0.000857443
41 -0.23184 -0.239243 0.000856503
42 -0.24704 -0.239429 0.000856229
43 -0.24096 -0.239464 0.000836838
44 -0.24096 -0.239498 0.000818304
45 -0.24144 -0.239541 0.000801076
46 -0.24016 -0.239555 0.000783583
47 -0.24432 -0.239656 0.000773404
48 -0.23824 -0.239627 0.000757695
49 -0.23312 -0.239494 0.000753858
50 -0.23376 -0.239379 0.000747476
