1 0.788504 0.788504 0
2 0.773393 0.780948 0.00755556
3 0.728711 0.763536 0.0179504
4 0.753481 0.761022 0.0129394
5 0.696119 0.748041 0.0163999
6 0.81677 0.759496 0.0176215
7 0.749985 0.758138 0.0149547
8 0.814696 0.765207 0.0147552
9 0.771615 0.765919 0.0130323
10 0.790874 0.768415 0.0119206
11 0.801956 0.771464 0.0112054
12 0.766578 0.771057 0.0102372
13 0.803378 0.773543 0.00973953
14 0.762785 0.772775 0.00904973
15 0.748504 0.771157 0.00857882
16 0.809067 0.773526 0.00836723
17 0.780919 0.773961 0.00787167
18 0.795378 0.775151 0.00751625
19 0.846519 0.778907 0.00804092
20 0.738785 0.776901 0.00788766
21 0.741156 0.775199 0.00769332
22 0.760059 0.77451 0.0073675
23 0.755319 0.773676 0.00708917
24 0.729363 0.77183 0.00703402
25 0.746015 0.770797 0.00682536
26 0.765689 0.770601 0.00656053
27 0.817956 0.772354 0.00655199
28 0.84077 0.774798 0.00676997
29 0.8176 0.776274 0.00669702
30 0.772563 0.77615 0.00647112
31 0.739674 0.774973 0.00636853
32 0.818667 0.776339 0.00631567
33 0.73357 0.775043 0.00625699
34 0.781274 0.775226 0.00607294
35 0.743644 0.774324 0.00596551
36 0.78963 0.774749 0.005813
37 0.702459 0.772795 0.00598178
38 0.787141 0.773173 0.00583446
39 0.736237 0.772226 0.00576127
40 0.746252 0.771576 0.00565281
41 0.7616 0.771333 0.00551858
42 0.689837 0.769393 0.00572447
43 0.700563 0.767792 0.00581443
44 0.77363 0.767925 0.0056823
45 0.798222 0.768598 0.00559524
46 0.804859 0.769386 0.00552874
47 0.791644 0.76986 0.00543052
48 0.737659 0.769189 0.00535834
49 0.770726 0.76922 0.00524794
50 0.730963 0.768455 0.00519853
