1 0.0466159 0.0466159 0
2 0.044611 0.0456134 0.00100247
3 0.0473486 0.0461918 0.000818231
4 0.0484689 0.0467611 0.000811673
5 0.04197 0.0458029 0.00114607
6 0.0476709 0.0461142 0.000986195
7 0.0427488 0.0456334 0.000962206
8 0.0416953 0.0451412 0.000967833
9 0.045844 0.0452193 0.000857114
10 0.0428044 0.0449778 0.000803759
11 0.0434553 0.0448394 0.000740084
12 0.0420839 0.0446097 0.000713558
13 0.0447405 0.0446198 0.000656454
14 0.0471579 0.0448011 0.000634222
15 0.04242 0.0446424 0.000611395
16 0.0506703 0.0450191 0.000684849
17 0.0505996 0.0453474 0.000722217
18 0.0462024 0.0453949 0.000682568
19 0.0464073 0.0454482 0.00064784
20 0.0433182 0.0453417 0.000623754
21 0.0468622 0.0454141 0.00059771
22 0.0416024 0.0452408 0.000595649
23 0.0398133 0.0450048 0.000616143
24 0.0427617 0.0449114 0.00059727
25 0.0420766 0.044798 0.000583995
26 0.0463957 0.0448594 0.000564439
27 0.0449757 0.0448637 0.000543149
28 0.0393134 0.0446655 0.000559671
29 0.0441077 0.0446463 0.00054037
30 0.0493308 0.0448024 0.0005449
31 0.046442 0.0448553 0.000529677
32 0.0377167 0.0446322 0.000559275
33 0.0407783 0.0445154 0.0005545
34 0.0469856 0.0445881 0.000542828
35 0.0454375 0.0446124 0.000527649
36 0.0439485 0.0445939 0.000513114
37 0.0488976 0.0447102 0.00051243
38 0.0455871 0.0447333 0.000499296
39 0.0430516 0.0446902 0.000488233
40 0.0459505 0.0447217 0.000476912
41 0.0454197 0.0447387 0.000465446
42 0.043994 0.044721 0.000454575
43 0.0418492 0.0446542 0.000448874
44 0.0464212 0.0446944 0.000440389
45 0.0434074 0.0446658 0.00043144
46 0.0472499 0.0447219 0.00042568
47 0.0450625 0.0447292 0.000416587
48 0.0467766 0.0447718 0.000410041
49 0.0432187 0.0447401 0.000402834
50 0.0499342 0.044844 0.000408137
