1 -0.284 -0.284 0
2 -0.28928 -0.28664 0.00264
3 -0.28432 -0.285867 0.00170916
4 -0.28528 -0.28572 0.00121743
5 -0.28752 -0.28608 0.0010094
6 -0.27856 -0.284827 0.00150003
7 -0.29312 -0.286011 0.00173519
8 -0.28864 -0.28634 0.00153822
9 -0.28176 -0.285831 0.00144889
10 -0.28912 -0.28616 0.00133701
11 -0.29856 -0.287287 0.00165328
12 -0.28144 -0.2868 0.00158594
13 -0.27248 -0.285698 0.00182801
14 -0.2824 -0.285463 0.00170873
15 -0.28752 -0.2856 0.00159664
16 -0.28592 -0.28562 0.00149366
17 -0.284 -0.285525 0.00140628
18 -0.29104 -0.285831 0.0013608
19 -0.288 -0.285945 0.00129224
20 -0.29312 -0.286304 0.00127733
21 -0.2872 -0.286347 0.00121574
22 -0.29072 -0.286545 0.00117608
23 -0.28672 -0.286553 0.00112381
24 -0.2896 -0.28668 0.00108343
25 -0.29088 -0.286848 0.00105268
26 -0.28608 -0.286818 0.00101182
27 -0.28784 -0.286856 0.000974354
28 -0.28896 -0.286931 0.000941913
29 -0.28528 -0.286874 0.000910635
30 -0.27392 -0.286443 0.000980019
31 -0.27728 -0.286147 0.000992892
32 -0.28656 -0.28616 0.000961451
33 -0.28128 -0.286012 0.000943521
34 -0.2816 -0.285882 0.000924503
35 -0.29232 -0.286066 0.000916349
36 -0.28768 -0.286111 0.000891659
37 -0.28464 -0.286071 0.000868136
38 -0.28624 -0.286076 0.000844993
39 -0.27808 -0.285871 0.000848193
40 -0.29056 -0.285988 0.000834987
41 -0.28288 -0.285912 0.000817887
42 -0.29344 -0.286091 0.000818052
43 -0.28432 -0.28605 0.000799863
44 -0.28384 -0.286 0.000783085
45 -0.28416 -0.285959 0.000766577
46 -0.27488 -0.285718 0.000787464
47 -0.28528 -0.285709 0.000770584
48 -0.28672 -0.28573 0.000754653
49 -0.28864 -0.285789 0.000741474
50 -0.2768 -0.28561 0.000748409
