1 0.225689 0.225689 0
2 0.237376 0.231533 0.00584375
3 0.248077 0.237047 0.00646488
4 0.230549 0.235423 0.00485149
5 0.241403 0.236619 0.00394369
6 0.220158 0.233875 0.00423024
7 0.221776 0.232147 0.00397109
8 0.227042 0.231509 0.00349777
9 0.220531 0.230289 0.00331714
10 0.241887 0.231449 0.00318557
11 0.213973 0.22986 0.00329041
12 0.190882 0.226612 0.0044241
13 0.226836 0.226629 0.00406962
14 0.236501 0.227334 0.00383316
15 0.229904 0.227506 0.00357258
16 0.230114 0.227669 0.00334582
17 0.222807 0.227383 0.00315584
18 0.217035 0.226808 0.00303037
19 0.23999 0.227502 0.00294922
20 0.228039 0.227528 0.002798
21 0.241187 0.228179 0.00273975
22 0.244741 0.228932 0.00271856
23 0.253473 0.229999 0.00280828
24 0.236484 0.230269 0.00270227
25 0.227743 0.230168 0.0025939
26 0.208356 0.229329 0.00262955
27 0.225547 0.229189 0.00253416
28 0.23436 0.229374 0.00244895
29 0.219101 0.229019 0.0023894
30 0.246232 0.229593 0.00237862
31 0.232901 0.2297 0.00230308
32 0.219259 0.229374 0.00225369
33 0.217513 0.229014 0.0022137
34 0.232222 0.229108 0.00214968
35 0.223546 0.22895 0.0020934
36 0.202825 0.228224 0.00215997
37 0.247813 0.228753 0.00216647
38 0.235303 0.228926 0.00211572
39 0.225525 0.228838 0.0020626
40 0.226647 0.228784 0.00201112
41 0.21786 0.228517 0.00197946
42 0.229425 0.228539 0.00193188
43 0.195089 0.227761 0.00204052
44 0.2258 0.227716 0.0019941
45 0.209608 0.227314 0.00199038
46 0.214677 0.227039 0.00196592
47 0.251964 0.22757 0.0019954
48 0.249525 0.228027 0.00200623
49 0.217538 0.227813 0.00197648
50 0.230341 0.227863 0.00193721
