1 0.01624 0.01624 0
2 0.01096 0.0136 0.00264
3 0.02392 0.01704 0.00376255
4 -0.00112 0.0125 0.00526213
5 -0.00144 0.009712 0.00493831
6 0.0124 0.01016 0.00405693
7 0.00248 0.00906286 0.00359999
8 -0.00448 0.00737 0.00354763
9 -0.00152 0.00638222 0.00328094
10 0.00408 0.006152 0.00294358
11 0.014 0.00686545 0.0027565
12 0.004 0.00662667 0.00252763
13 0.00248 0.00630769 0.00234686
14 -0.00328 0.00562286 0.00227814
15 0.00376 0.00549867 0.00212447
16 -0.00264 0.00499 0.00205133
17 -0.0064 0.00432 0.00204005
18 0.01488 0.00490667 0.00201086
19 0.00112 0.00470737 0.00191249
20 -0.00528 0.004208 0.00188182
21 0.02536 0.00521524 0.0020539
22 -0.0036 0.00481455 0.00199889
23 0.00448 0.0048 0.00191006
24 -0.00416 0.00442667 0.00186646
25 -0.00408 0.0040864 0.0018223
26 0.00296 0.00404308 0.00175134
27 -0.00064 0.00386963 0.00169413
28 -0.00168 0.00367143 0.00164449
29 0.0104 0.00390345 0.00160365
30 0.0072 0.00401333 0.00155316
31 -0.00144 0.00383742 0.00151249
32 0.00176 0.0037725 0.0014659
33 -0.00928 0.00337697 0.00147481
34 -0.02048 0.00267529 0.00159357
35 -0.01104 0.00228343 0.00159622
36 0.00456 0.00234667 0.00155254
37 -0.0076 0.00207784 0.00153374
38 0.00576 0.00217474 0.00149597
39 0.0032 0.00220103 0.00145735
40 -0.00208 0.002094 0.00142447
41 -0.00328 0.00196293 0.00139546
42 0.00304 0.00198857 0.00136207
43 0.0184 0.00237023 0.0013837
44 -0.00904 0.00211091 0.00137653
45 -0.00272 0.00200356 0.00134987
46 -0.00536 0.00184348 0.00132987
47 0.00536 0.0019183 0.00130342
48 -0.00328 0.00181 0.00128056
49 0.00216 0.00181714 0.00125417
50 0.0076 0.0019328 0.00123427
