1 -0.02688 -0.02688 0
2 -0.02856 -0.02772 0.00084
3 0.008 -0.0158133 0.0119165
4 0.00584 -0.0104 0.0100153
5 0.01176 -0.005968 0.00893456
6 0.03616 0.00105333 0.0101251
7 0.04544 0.00739429 0.0106505
8 0.01944 0.0089 0.00934572
9 0.01344 0.00940444 0.00825758
10 0.02896 0.01136 0.0076403
11 -0.00768 0.00962909 0.00712438
12 -0.01848 0.00728667 0.00691262
13 -0.00184 0.00658462 0.00639732
14 0.00016 0.00612571 0.00594052
15 0.02648 0.00748267 0.00569437
16 0.00288 0.007195 0.00533435
17 0.02584 0.00829176 0.00512938
18 0.00544 0.00813333 0.00483862
19 -0.0184 0.00673684 0.00478518
20 0.02048 0.007424 0.00459134
21 -0.0468 0.0048419 0.00507345
22 -0.00112 0.00457091 0.00484493
23 0.0252 0.00546783 0.00471558
24 -0.00416 0.00506667 0.00453261
25 -0.01488 0.0042688 0.00442013
26 -0.02888 0.00299385 0.00443398
27 -0.00592 0.0026637 0.00427935
28 -0.03184 0.00143143 0.00430387
29 0.02896 0.00238069 0.00425992
30 0.03056 0.00332 0.00422131
31 -0.04888 0.00163613 0.00441647
32 -0.0364 0.0004475 0.00443835
33 0.02232 0.0011103 0.00435252
34 -0.00344 0.000976471 0.00422468
35 0.04216 0.00215314 0.00426763
36 -0.02968 0.00126889 0.0042406
37 -0.02216 0.000635676 0.00417273
38 0.00768 0.000821053 0.00406566
39 0.00288 0.000873846 0.00396039
40 0.00576 0.000996 0.00386205
41 0.01008 0.00121756 0.00377318
42 -0.0028 0.0011219 0.00368349
43 0.03392 0.00188465 0.0036768
44 -0.0244 0.00128727 0.00364159
45 0.02368 0.00178489 0.00359436
46 -0.03288 0.0010313 0.00359522
47 -0.01664 0.000655319 0.00353793
48 0.00448 0.000735 0.00346435
49 0.0256 0.00124245 0.00343065
50 -0.02296 0.0007584 0.00339601
