1 0.99344 0.99344 0
2 -0.00568 0.49388 0.49956
3 -0.80064 0.0623733 0.519023
4 0.28528 0.1181 0.371211
5 -0.37224 0.020032 0.303803
6 -0.54648 -0.0743867 0.265416
7 -0.9656 -0.201703 0.25793
8 -0.37624 -0.22352 0.224437
9 -0.27968 -0.22976 0.198033
10 0.76112 -0.130672 0.202958
11 0.93312 -0.0339636 0.207497
12 0.96512 0.0492933 0.206908
13 0.59864 0.0915508 0.194962
14 -0.30336 0.0633429 0.182691
15 0.41656 0.0868907 0.171698
16 -0.99144 0.019495 0.174177
17 -0.8596 -0.0322165 0.171588
18 -0.9856 -0.0851822 0.170225
19 -0.9136 -0.128783 0.166815
20 -0.11976 -0.128332 0.158255
21 0.6184 -0.0927733 0.154674
22 -0.23968 -0.0994509 0.147627
23 -0.94648 -0.136278 0.14579
24 0.67392 -0.10252 0.143608
25 0.50536 -0.0782048 0.139873
26 -0.994 -0.113428 0.138925
27 0.26912 -0.0992593 0.13443
28 0.96264 -0.0613343 0.134977
29 0.88056 -0.0288552 0.134228
30 0.9936 0.00522667 0.134081
31 -0.68152 -0.0169265 0.131562
32 -0.98336 -0.0471275 0.130916
33 -0.0768 -0.0480267 0.12689
34 -0.97752 -0.0753647 0.1261
35 -0.98328 -0.101305 0.125162
36 -0.59312 -0.114967 0.1224
37 -0.97632 -0.138246 0.121301
38 -0.9804 -0.160408 0.120128
39 -0.99504 -0.181809 0.118948
40 0.93768 -0.153822 0.119267
41 -0.02816 -0.150757 0.116362
42 0.57608 -0.133451 0.114868
43 -0.93168 -0.152015 0.113691
44 -0.63096 -0.1629 0.111609
45 -0.9984 -0.181467 0.110669
46 0.46256 -0.167466 0.109138
47 0.99648 -0.142701 0.109625
48 -0.3516 -0.147053 0.107405
49 0.99456 -0.123755 0.107739
50 -0.16488 -0.124578 0.105566
