1 -0.32272 -0.32272 0
2 -0.32608 -0.3244 0.00168
3 -0.324 -0.324267 0.00097907
4 -0.31248 -0.32132 0.0030269
5 -0.31712 -0.32048 0.00249056
6 -0.31744 -0.319973 0.0020957
7 -0.32464 -0.32064 0.0018925
8 -0.31824 -0.32034 0.00166618
9 -0.32176 -0.320498 0.00147788
10 -0.31792 -0.32024 0.00134676
11 -0.328 -0.320945 0.00140771
12 -0.32576 -0.321347 0.00134623
13 -0.32432 -0.321575 0.0012593
14 -0.31904 -0.321394 0.00117987
15 -0.32032 -0.321323 0.00110073
16 -0.31872 -0.32116 0.00104241
17 -0.31744 -0.320941 0.00100332
18 -0.32208 -0.321004 0.000948057
19 -0.32208 -0.321061 0.000898557
20 -0.3232 -0.321168 0.000859129
21 -0.32512 -0.321356 0.000838583
22 -0.3288 -0.321695 0.000868203
23 -0.324 -0.321795 0.000835631
24 -0.32304 -0.321847 0.000801736
25 -0.32528 -0.321984 0.000781165
26 -0.32096 -0.321945 0.000751552
27 -0.30688 -0.321387 0.000913399
28 -0.33328 -0.321811 0.000977306
29 -0.32016 -0.321754 0.000944722
30 -0.31856 -0.321648 0.000918879
31 -0.3208 -0.321621 0.000889164
32 -0.33008 -0.321885 0.000900602
33 -0.32096 -0.321857 0.000873334
34 -0.31792 -0.321741 0.000855134
35 -0.32608 -0.321865 0.000839545
36 -0.3088 -0.321502 0.000892967
37 -0.31376 -0.321293 0.00089335
38 -0.31856 -0.321221 0.000872492
39 -0.31888 -0.321161 0.000851943
40 -0.32848 -0.321344 0.000850292
41 -0.32896 -0.32153 0.000849843
42 -0.31664 -0.321413 0.000837494
43 -0.32192 -0.321425 0.00081787
44 -0.31024 -0.321171 0.000838527
45 -0.3272 -0.321305 0.000830559
46 -0.33088 -0.321513 0.000838549
47 -0.32 -0.321481 0.000821145
48 -0.31632 -0.321373 0.000811014
49 -0.31776 -0.3213 0.000797706
50 -0.31952 -0.321264 0.000782399
