1 0.0064 0.0064 0
2 0.00472 0.00556 0.00084
3 0.00184 0.00432 0.00133147
4 0.00808 0.00526 0.00133041
5 -0.00128 0.003952 0.00166519
6 0.00888 0.00477333 0.00158845
7 0.0044 0.00472 0.00134354
8 0.00392 0.00462 0.00116783
9 0.00688 0.00487111 0.0010601
10 -0.01176 0.003208 0.00191442
11 0.02048 0.00477818 0.00233754
12 0.01528 0.00565333 0.00230636
13 0.00048 0.00525538 0.00215854
14 -0.0032 0.00465143 0.00208769
15 -0.00184 0.00421867 0.00199113
16 -0.0016 0.003855 0.00189771
17 -0.00264 0.00347294 0.00182307
18 -0.00928 0.00276444 0.0018591
19 0.00624 0.00294737 0.00176802
20 0.00856 0.003228 0.00170061
21 0.004 0.00326476 0.00161802
22 -0.00064 0.00308727 0.0015529
23 -0.0068 0.00265739 0.00154486
24 -0.00104 0.00250333 0.00148709
25 0.00264 0.0025088 0.00142638
26 -0.0072 0.00213538 0.00142038
27 -0.00128 0.00200889 0.00137261
28 -0.00368 0.00180571 0.00133819
29 0.01008 0.00209103 0.00132237
30 0.00608 0.002224 0.00128443
31 -0.0004 0.00213935 0.00124519
32 0.01496 0.00254 0.00127047
33 -0.00856 0.00220364 0.00127649
34 0.00784 0.00236941 0.00124942
35 -0.02008 0.001728 0.00137232
36 -0.00104 0.00165111 0.00133587
37 0.00544 0.00175351 0.00130329
38 0.00936 0.00195368 0.00128423
39 0.00896 0.00213333 0.0012637
40 0.00368 0.002172 0.00123231
41 -0.00776 0.00192976 0.00122605
42 -0.01144 0.00161143 0.00123812
43 -0.00312 0.0015014 0.00121398
44 0.00968 0.00168727 0.00120055
45 -0.00048 0.00163911 0.00117455
46 0.00952 0.00181043 0.00116144
47 0.00736 0.00192851 0.00114258
48 -0.0028 0.00183 0.00112285
49 0.01904 0.00218122 0.00115442
50 -0.00168 0.002104 0.00113373
