1 0.0392243 0.0392243 0
2 0.0406779 0.0399511 0.00072681
3 0.0360417 0.038648 0.00136905
4 0.037651 0.0383987 0.000999633
5 0.0380835 0.0383357 0.000776875
6 0.038272 0.0383251 0.000634404
7 0.0445683 0.039217 0.00104065
8 0.043723 0.0397802 0.00106276
9 0.0355674 0.0393121 0.00104765
10 0.036959 0.0390768 0.000966143
11 0.0377587 0.038957 0.000882086
12 0.0376903 0.0388514 0.00081212
13 0.0378632 0.0387754 0.000750899
14 0.0358549 0.0385668 0.000725822
15 0.0385503 0.0385657 0.000675704
16 0.0384913 0.0385611 0.000632081
17 0.0330918 0.0382393 0.000675298
18 0.0402175 0.0383492 0.000646093
19 0.0399053 0.0384311 0.000616606
20 0.0385705 0.0384381 0.000585005
21 0.0399153 0.0385085 0.000560879
22 0.0412705 0.038634 0.000549317
23 0.0373066 0.0385763 0.000528054
24 0.0430725 0.0387636 0.000539167
25 0.0362965 0.0386649 0.000526482
26 0.0423925 0.0388083 0.000525753
27 0.0377455 0.0387689 0.000507435
28 0.0363177 0.0386814 0.000496751
29 0.0378268 0.0386519 0.000480221
30 0.0416008 0.0387502 0.000474237
31 0.0379402 0.0387241 0.000459427
32 0.0366413 0.038659 0.000449575
33 0.0367871 0.0386023 0.000439415
34 0.0425245 0.0387176 0.000441628
35 0.0452126 0.0389032 0.000467255
36 0.0411379 0.0389653 0.000458313
37 0.0350702 0.03886 0.000458017
38 0.0406349 0.0389067 0.000448241
39 0.040841 0.0389563 0.000439404
40 0.0423311 0.0390407 0.00043651
41 0.0413214 0.0390963 0.000429349
42 0.0361723 0.0390267 0.000424746
43 0.0389087 0.039024 0.000414759
44 0.0390767 0.0390252 0.000405225
45 0.0370227 0.0389807 0.000398609
46 0.0356607 0.0389085 0.000396472
47 0.0428492 0.0389923 0.000396902
48 0.0382572 0.038977 0.000388847
49 0.0391074 0.0389797 0.000380838
50 0.0372172 0.0389444 0.000374805
