1 0.05616 0.05616 0
2 0.02616 0.04116 0.015
3 0.02344 0.0352533 0.0104828
4 -0.0384 0.01684 0.0198493
5 -0.01872 0.009728 0.0169404
6 -0.0236 0.00417333 0.0149055
7 -0.01256 0.00178286 0.0128222
8 0.00416 0.00208 0.0111083
9 -0.02088 -0.000471111 0.0101233
10 0.0164 0.001216 0.00921044
11 -0.00048 0.00106182 0.00833258
12 0.00224 0.00116 0.0076072
13 0.018 0.00245538 0.0071165
14 -0.07264 -0.00290857 0.00849598
15 0.01624 -0.001632 0.00801168
16 0.04712 0.001415 0.00808999
17 0.0148 0.00220235 0.0076399
18 -0.01648 0.00116444 0.00727736
19 0.02944 0.00265263 0.00704272
20 0.024 0.00372 0.00676603
21 0.04368 0.00562286 0.0067112
22 0.01224 0.00592364 0.00640594
23 0.02024 0.00654609 0.00615265
24 0.01 0.00669 0.00589248
25 -0.00016 0.006416 0.0056585
26 0.00088 0.00620308 0.00544068
27 0.0044 0.0061363 0.00523572
28 0.02168 0.00669143 0.00507572
29 -0.0368 0.00519172 0.00512204
30 0.03888 0.00631467 0.00507418
31 -0.02896 0.00517677 0.00503795
32 0.01248 0.005405 0.00488331
33 0.00064 0.00526061 0.00473522
34 0.01056 0.00541647 0.00459648
35 -0.00296 0.00517714 0.00446963
36 0.0328 0.00594444 0.00441095
37 0.022 0.00637838 0.00431197
38 0.02624 0.00690105 0.00422939
39 0.042 0.00780103 0.00421667
40 -0.01704 0.00718 0.00415656
41 0.08824 0.00915707 0.00451033
42 -0.04056 0.00797333 0.00455802
43 -0.0268 0.00716465 0.00452363
44 -0.02232 0.00649455 0.00447014
45 0.01016 0.006576 0.00437043
46 0.02832 0.0070487 0.00430042
47 -0.01576 0.0065634 0.00423582
48 0.03096 0.00707167 0.00417767
49 -0.00928 0.00673796 0.00410511
50 -0.00208 0.0065616 0.00402603
