1 0.0825882 0.0825882 0
2 0.0840012 0.0832947 0.000706491
3 0.0728328 0.0798074 0.00351109
4 0.0822047 0.0804067 0.00255403
5 0.0725582 0.078837 0.00252544
6 0.0768907 0.0785126 0.00208737
7 0.0789787 0.0785792 0.00176541
8 0.0794003 0.0786818 0.00153233
9 0.072125 0.0779533 0.00153526
10 0.0756541 0.0777234 0.00139229
11 0.0745793 0.0774376 0.0012914
12 0.0742332 0.0771705 0.00120875
13 0.087617 0.0779741 0.00137187
14 0.074328 0.0777137 0.00129653
15 0.0825236 0.0780343 0.00124887
16 0.0841668 0.0784176 0.00122948
17 0.0776055 0.0783698 0.00115588
18 0.0765939 0.0782712 0.00109423
19 0.0871972 0.078741 0.00113667
20 0.0798645 0.0787971 0.0010798
21 0.0806616 0.0788859 0.00103093
22 0.0776206 0.0788284 0.00098463
23 0.0867251 0.0791717 0.00100153
24 0.0782173 0.079132 0.00095972
25 0.0747821 0.078958 0.000936831
26 0.0831065 0.0791175 0.000914111
27 0.0796234 0.0791363 0.000879803
28 0.0804832 0.0791844 0.000849163
29 0.0847514 0.0793763 0.000841546
30 0.0818886 0.0794601 0.000817312
31 0.0767569 0.0793729 0.000795302
32 0.0785959 0.0793486 0.000770431
33 0.0770587 0.0792792 0.000749937
34 0.0760581 0.0791845 0.000733688
35 0.0780148 0.0791511 0.000713201
36 0.078693 0.0791383 0.000693223
37 0.0776923 0.0790993 0.000675359
38 0.0917901 0.0794332 0.000737319
39 0.0762747 0.0793522 0.000722716
40 0.0796838 0.0793605 0.000704466
41 0.0832306 0.0794549 0.000693522
42 0.0739592 0.0793241 0.000689341
43 0.0770404 0.079271 0.000675211
44 0.0793272 0.0792722 0.000659688
45 0.0733369 0.0791403 0.000658212
46 0.0782811 0.0791217 0.000644015
47 0.0774434 0.079086 0.000631175
48 0.0853964 0.0792174 0.000631717
49 0.0786252 0.0792053 0.000618808
50 0.0795682 0.0792126 0.000606349
