1 4.62053 4.62053 0
2 4.53347 4.577 0.0435333
3 4.50333 4.55244 0.0351382
4 4.19987 4.4643 0.0915794
5 4.8124 4.53392 0.0993932
6 4.30133 4.49516 0.0899372
7 4.19187 4.45183 0.0874921
8 4.09187 4.40683 0.0881233
9 4.71973 4.4416 0.0851395
10 4.70107 4.46755 0.0804501
11 4.7164 4.49017 0.0762053
12 4.56853 4.4967 0.0698714
13 4.5572 4.50135 0.0644406
14 4.4916 4.50066 0.0596645
15 4.1408 4.47667 0.0605041
16 4.62507 4.48594 0.0573514
17 4.49573 4.48652 0.0538753
18 4.58587 4.49204 0.0510931
19 4.53547 4.49432 0.0483833
20 4.6848 4.50385 0.0468781
21 4.71787 4.51404 0.0457398
22 4.41413 4.5095 0.043847
23 4.31307 4.50096 0.0427588
24 4.15173 4.48641 0.0434475
25 4.50453 4.48713 0.0416797
26 4.49733 4.48752 0.0400465
27 4.3296 4.48167 0.0389761
28 4.58267 4.48528 0.0377311
29 4.12853 4.47298 0.038429
30 4.64573 4.47874 0.0375698
31 4.63107 4.48365 0.0366684
32 4.42693 4.48188 0.0355483
33 4.2144 4.47377 0.0353948
34 3.9008 4.45692 0.0382504
35 4.91013 4.46987 0.039334
36 4.0016 4.45686 0.0403783
37 4.8856 4.46845 0.0409456
38 4.13427 4.45966 0.0408123
39 4.09733 4.45037 0.0408233
40 4.64453 4.45522 0.0400846
41 4.03613 4.445 0.0404089
42 4.43173 4.44468 0.0394363
43 4.66973 4.44992 0.0388623
44 4.46027 4.45015 0.0379695
45 3.98213 4.43975 0.0385458
46 3.80053 4.42586 0.0401781
47 4.39133 4.42512 0.0393208
48 4.8024 4.43298 0.0392872
49 4.24067 4.42906 0.0386767
50 4.45147 4.4295 0.0378979
