1 -0.1984 -0.1984 0
2 -0.19744 -0.19792 0.00048
3 -0.20112 -0.198987 0.00110208
4 -0.19456 -0.19788 0.00135351
5 -0.21648 -0.2016 0.00386492
6 -0.19104 -0.19984 0.00361331
7 -0.19456 -0.199086 0.00314558
8 -0.20624 -0.19998 0.00286718
9 -0.20336 -0.200356 0.00255636
10 -0.19712 -0.200032 0.00230925
11 -0.20288 -0.200291 0.00210478
12 -0.20144 -0.200387 0.00192378
13 -0.1968 -0.200111 0.001791
14 -0.19568 -0.199794 0.00168808
15 -0.19376 -0.199392 0.00162219
16 -0.19808 -0.19931 0.00151963
17 -0.20992 -0.199934 0.00155792
18 -0.19184 -0.199484 0.00153611
19 -0.19872 -0.199444 0.00145357
20 -0.19728 -0.199336 0.00138322
21 -0.19712 -0.19923 0.00131993
22 -0.19904 -0.199222 0.00125853
23 -0.20816 -0.19961 0.0012638
24 -0.19904 -0.199587 0.00121023
25 -0.1968 -0.199475 0.00116615
26 -0.20304 -0.199612 0.00112876
27 -0.20096 -0.199662 0.0010873
28 -0.2072 -0.199931 0.00108178
29 -0.2136 -0.200403 0.00114529
30 -0.20688 -0.200619 0.00112733
31 -0.20528 -0.200769 0.00110067
32 -0.20288 -0.200835 0.00106776
33 -0.20128 -0.200848 0.00103499
34 -0.1952 -0.200682 0.00101774
35 -0.19952 -0.200649 0.000988788
36 -0.20784 -0.200849 0.00098147
37 -0.1984 -0.200783 0.000956867
38 -0.20288 -0.200838 0.00093298
39 -0.19808 -0.200767 0.00091149
40 -0.20816 -0.200952 0.000907432
41 -0.20112 -0.200956 0.000885032
42 -0.21472 -0.201284 0.000923784
43 -0.20176 -0.201295 0.000902113
44 -0.20208 -0.201313 0.000881553
45 -0.20672 -0.201433 0.000870077
46 -0.19536 -0.201301 0.000861133
47 -0.20304 -0.201338 0.000843424
48 -0.2032 -0.201377 0.000826576
49 -0.19952 -0.201339 0.000810418
50 -0.19808 -0.201274 0.000796714
