1 0.0889153 0.0889153 0
2 0.079762 0.0843387 0.00457668
3 0.088354 0.0856771 0.00296199
4 0.0919042 0.0872339 0.00260965
5 0.0853769 0.0868625 0.00205526
6 0.0879469 0.0870432 0.00168782
7 0.0776758 0.085705 0.00195592
8 0.0852039 0.0856424 0.00169503
9 0.0782973 0.0848263 0.00170314
10 0.0852905 0.0848727 0.00152405
11 0.08593 0.0849688 0.0013819
12 0.0898464 0.0853753 0.00132536
13 0.0886803 0.0856295 0.00124538
14 0.0796863 0.085205 0.00122866
15 0.0766477 0.0846345 0.0012782
16 0.0837079 0.0845766 0.00119705
17 0.0845786 0.0845767 0.00112443
18 0.0884909 0.0847942 0.0010822
19 0.0869676 0.0849086 0.00103003
20 0.0796496 0.0846456 0.00101193
21 0.0765737 0.0842612 0.00103645
22 0.079909 0.0840634 0.00100782
23 0.0811461 0.0839366 0.000971321
24 0.0874419 0.0840826 0.000941369
25 0.093625 0.0844643 0.000980292
26 0.0829989 0.084408 0.000943519
27 0.0873625 0.0845174 0.000914472
28 0.0843982 0.0845131 0.000881218
29 0.0872482 0.0846074 0.000855503
30 0.0823491 0.0845322 0.000829915
31 0.0831296 0.0844869 0.000803971
32 0.0911655 0.0846956 0.000805934
33 0.0903023 0.0848655 0.000799394
34 0.0817597 0.0847742 0.000780887
35 0.0842045 0.0847579 0.000758423
36 0.088182 0.084853 0.000743166
37 0.0817201 0.0847683 0.000727744
38 0.0846986 0.0847665 0.000708337
39 0.0767417 0.0845607 0.000719965
40 0.0832764 0.0845286 0.000702469
41 0.0833323 0.0844995 0.000685743
42 0.0805735 0.084406 0.000675713
43 0.0848889 0.0844172 0.000659907
44 0.0835349 0.0843972 0.000645047
45 0.0828146 0.084362 0.000631529
46 0.0916488 0.0845204 0.000637638
47 0.0878609 0.0845915 0.000627959
48 0.0850865 0.0846018 0.000614824
49 0.0918572 0.0847499 0.000620084
50 0.0868148 0.0847912 0.000608958
