1 0.160716 0.160716 0
2 0.157786 0.159251 0.00146522
3 0.148411 0.155638 0.00371102
4 0.155732 0.155661 0.0026242
5 0.156165 0.155762 0.00203518
6 0.16291 0.156953 0.0020446
7 0.158457 0.157168 0.00174131
8 0.167057 0.158404 0.0019499
9 0.151567 0.157645 0.00187997
10 0.164704 0.158351 0.00182367
11 0.154893 0.158036 0.00167925
12 0.179532 0.159828 0.00235767
13 0.145531 0.158728 0.00243165
14 0.168817 0.159449 0.00236381
15 0.169249 0.160102 0.00229554
16 0.1558 0.159833 0.00216405
17 0.154232 0.159504 0.0020593
18 0.152898 0.159137 0.0019759
19 0.160649 0.159216 0.00187071
20 0.150933 0.158802 0.00182239
21 0.159305 0.158826 0.0017336
22 0.164658 0.159091 0.00167405
23 0.173147 0.159702 0.00171237
24 0.143403 0.159023 0.00177456
25 0.150022 0.158663 0.00173977
26 0.174669 0.159279 0.00178128
27 0.162004 0.15938 0.00171701
28 0.156987 0.159294 0.00165676
29 0.159768 0.15931 0.00159869
30 0.169381 0.159646 0.00158054
31 0.161357 0.159701 0.0015297
32 0.14918 0.159373 0.00151718
33 0.143946 0.158905 0.00154301
34 0.157828 0.158873 0.00149727
35 0.153438 0.158718 0.00146214
36 0.166932 0.158946 0.00143914
37 0.133789 0.158266 0.00155611
38 0.155192 0.158185 0.00151677
39 0.156599 0.158145 0.00147792
40 0.149625 0.157932 0.00145617
41 0.149362 0.157723 0.0014355
42 0.174352 0.158119 0.00145578
43 0.165378 0.158287 0.00143152
44 0.16242 0.158381 0.00140175
45 0.153257 0.158268 0.00137497
46 0.166562 0.158448 0.00135678
47 0.13771 0.158007 0.001399
48 0.152553 0.157893 0.00137425
49 0.164336 0.158025 0.00135232
50 0.159781 0.15806 0.00132546
