1 1.45248 1.45248 0
2 1.29016 1.37132 0.08116
3 1.42456 1.38907 0.0501058
4 1.492 1.4148 0.0437893
5 1.2616 1.38416 0.045709
6 1.44784 1.39477 0.038801
7 1.44496 1.40194 0.0335674
8 1.34232 1.39449 0.0300104
9 1.49776 1.40596 0.028847
10 1.25328 1.3907 0.0299807
11 1.2424 1.37721 0.0302848
12 1.35936 1.37573 0.0276861
13 1.52424 1.38715 0.0279124
14 1.25032 1.37738 0.0276284
15 1.35136 1.37564 0.025779
16 1.39808 1.37704 0.0241548
17 1.54064 1.38667 0.0246459
18 1.20176 1.3764 0.0254058
19 1.35488 1.37526 0.0240582
20 1.3008 1.37154 0.0231253
21 1.38584 1.37222 0.0220071
22 1.24184 1.36629 0.0218038
23 1.40136 1.36782 0.0208899
24 1.326 1.36608 0.0200764
25 1.24104 1.36108 0.0198955
26 1.33552 1.36009 0.0191402
27 1.46136 1.36384 0.0187957
28 1.48136 1.36804 0.0185919
29 1.38344 1.36857 0.0179472
30 1.31664 1.36684 0.0174249
31 1.31744 1.36525 0.0169286
32 1.38576 1.36589 0.0164035
33 1.34768 1.36534 0.0159083
34 1.47576 1.36858 0.0157713
35 1.42128 1.37009 0.0153879
36 1.42008 1.37148 0.0150187
37 1.4036 1.37235 0.0146329
38 1.25632 1.36929 0.0145662
39 1.20288 1.36503 0.0148156
40 1.26344 1.36249 0.0146621
41 1.38504 1.36304 0.0143106
42 1.35704 1.36289 0.0139664
43 1.3496 1.36258 0.0136413
44 1.35288 1.36236 0.0133294
45 1.33888 1.36184 0.0130403
46 1.49128 1.36466 0.0130604
47 1.25224 1.36226 0.0130014
48 1.36976 1.36242 0.0127286
49 1.16784 1.35845 0.0130833
50 1.37872 1.35885 0.0128254
