1 -0.88992 -0.88992 0
2 -0.89216 -0.89104 0.00112
3 -0.89296 -0.89168 0.000909799
4 -0.8896 -0.89116 0.000827204
5 -0.89136 -0.8912 0.000641997
6 -0.89136 -0.891227 0.000524866
7 -0.88976 -0.891017 0.000490586
8 -0.8896 -0.89084 0.00046031
9 -0.89904 -0.891751 0.000997458
10 -0.89232 -0.891808 0.000893966
11 -0.89776 -0.892349 0.000972959
12 -0.89664 -0.892707 0.000957463
13 -0.89968 -0.893243 0.00103123
14 -0.88928 -0.89296 0.000995815
15 -0.89136 -0.892853 0.00093317
16 -0.88528 -0.89238 0.000992975
17 -0.89424 -0.892489 0.000939133
18 -0.89264 -0.892498 0.000885463
19 -0.89696 -0.892733 0.000869868
20 -0.88752 -0.892472 0.000865408
21 -0.89664 -0.89267 0.000846757
22 -0.89248 -0.892662 0.000807398
23 -0.8936 -0.892703 0.000772573
24 -0.89536 -0.892813 0.000747923
25 -0.88496 -0.892499 0.000783146
26 -0.89232 -0.892492 0.000752454
27 -0.89648 -0.89264 0.000738959
28 -0.89392 -0.892686 0.000713545
29 -0.88976 -0.892585 0.000695852
30 -0.89616 -0.892704 0.000682739
31 -0.88848 -0.892568 0.000674259
32 -0.89008 -0.89249 0.000657461
33 -0.89552 -0.892582 0.000643808
34 -0.89408 -0.892626 0.000626137
35 -0.89264 -0.892626 0.000607985
36 -0.8928 -0.892631 0.000590875
37 -0.89072 -0.892579 0.000577
38 -0.89056 -0.892526 0.000564119
39 -0.89312 -0.892542 0.000549675
40 -0.88656 -0.892392 0.000556235
41 -0.89664 -0.892496 0.000552304
42 -0.90032 -0.892682 0.000570281
43 -0.89968 -0.892845 0.000580155
44 -0.89216 -0.892829 0.00056703
45 -0.89056 -0.892779 0.000556575
46 -0.89552 -0.892838 0.000547593
47 -0.89296 -0.892841 0.000535822
48 -0.89216 -0.892827 0.000524732
49 -0.89232 -0.892816 0.000514016
50 -0.89104 -0.892781 0.000504882
