1 -0.79808 -0.79808 0
2 -0.8064 -0.80224 0.00416
3 -0.80112 -0.801867 0.00243062
4 -0.80256 -0.80204 0.00172743
5 -0.80256 -0.802144 0.00134209
6 -0.80768 -0.803067 0.00143252
7 -0.80272 -0.803017 0.00121172
8 -0.80112 -0.80278 0.00107584
9 -0.80032 -0.802507 0.000987387
10 -0.8032 -0.802576 0.000885863
11 -0.80656 -0.802938 0.000879345
12 -0.80912 -0.803453 0.00095381
13 -0.80784 -0.803791 0.000940029
14 -0.79872 -0.803429 0.000942659
15 -0.80448 -0.803499 0.000880362
16 -0.80224 -0.80342 0.000827252
17 -0.8016 -0.803313 0.000784409
18 -0.80864 -0.803609 0.000796565
19 -0.80848 -0.803865 0.000795897
20 -0.80784 -0.804064 0.000780771
21 -0.80976 -0.804335 0.000790643
22 -0.80048 -0.80416 0.000773948
23 -0.80464 -0.804181 0.000739827
24 -0.80352 -0.804153 0.000708866
25 -0.79984 -0.803981 0.000701469
26 -0.80624 -0.804068 0.000679528
27 -0.81088 -0.80432 0.000700866
28 -0.80336 -0.804286 0.000676241
29 -0.79728 -0.804044 0.00069579
30 -0.80528 -0.804085 0.000673458
31 -0.81056 -0.804294 0.000684037
32 -0.80912 -0.804445 0.000679268
33 -0.80352 -0.804417 0.000658959
34 -0.81248 -0.804654 0.000681853
35 -0.80192 -0.804576 0.000666678
36 -0.7992 -0.804427 0.000664881
37 -0.80768 -0.804515 0.000652613
38 -0.80624 -0.80456 0.000636827
39 -0.80608 -0.804599 0.000621507
40 -0.80464 -0.8046 0.000605771
41 -0.80336 -0.80457 0.000591585
42 -0.80288 -0.80453 0.000578728
43 -0.80208 -0.804473 0.000567972
44 -0.81216 -0.804647 0.000581768
45 -0.79664 -0.804469 0.000595881
46 -0.80928 -0.804574 0.000592092
47 -0.79728 -0.804419 0.000599783
48 -0.80592 -0.80445 0.000587987
49 -0.80096 -0.804379 0.00058025
50 -0.80128 -0.804317 0.000571894
