1 -0.2048 -0.2048 0
2 -0.19952 -0.20216 0.00264
3 -0.18704 -0.19712 0.00526543
4 -0.18032 -0.19292 0.0056127
5 -0.19344 -0.193024 0.00434882
6 -0.192 -0.192853 0.0035549
7 -0.1992 -0.19376 0.00313826
8 -0.19904 -0.19442 0.0027968
9 -0.20288 -0.19536 0.0026396
10 -0.19808 -0.195632 0.00237654
11 -0.1992 -0.195956 0.002174
12 -0.19696 -0.19604 0.00198634
13 -0.20352 -0.196615 0.00191562
14 -0.19248 -0.19632 0.00179795
15 -0.19872 -0.19648 0.00168143
16 -0.18464 -0.19574 0.00173822
17 -0.19584 -0.195746 0.00163279
18 -0.20016 -0.195991 0.00155881
19 -0.1936 -0.195865 0.00147985
20 -0.20208 -0.196176 0.00143789
21 -0.18368 -0.195581 0.00149154
22 -0.19296 -0.195462 0.00142711
23 -0.18944 -0.1952 0.00138856
24 -0.18736 -0.194873 0.00136899
25 -0.18752 -0.194579 0.00134563
26 -0.19376 -0.194548 0.00129322
27 -0.19552 -0.194584 0.00124492
28 -0.20208 -0.194851 0.00122915
29 -0.20224 -0.195106 0.00121307
30 -0.19648 -0.195152 0.00117283
31 -0.19056 -0.195004 0.00114399
32 -0.20688 -0.195375 0.00116819
33 -0.20016 -0.19552 0.00114148
34 -0.19392 -0.195473 0.0011084
35 -0.19664 -0.195506 0.00107678
36 -0.1928 -0.195431 0.00104914
37 -0.19904 -0.195529 0.00102504
38 -0.19312 -0.195465 0.000999715
39 -0.19712 -0.195508 0.000974668
40 -0.19024 -0.195376 0.000959073
41 -0.19664 -0.195407 0.000935896
42 -0.20048 -0.195528 0.000921294
43 -0.19872 -0.195602 0.000902672
44 -0.19552 -0.1956 0.00088192
45 -0.2048 -0.195804 0.000886009
46 -0.19984 -0.195892 0.000870964
47 -0.19184 -0.195806 0.000856581
48 -0.19728 -0.195837 0.000839108
49 -0.18848 -0.195687 0.000835406
50 -0.19184 -0.19561 0.000822135
