1 0.475935 0.475935 0
2 0.514984 0.495459 0.0195243
3 0.498032 0.496317 0.011305
4 0.450205 0.484789 0.0140283
5 0.465816 0.480995 0.0115098
6 0.503049 0.48467 0.010091
7 0.468108 0.482304 0.00885054
8 0.461708 0.47973 0.00808561
9 0.461838 0.477742 0.00740277
10 0.503308 0.480298 0.00709769
11 0.504735 0.48252 0.00679359
12 0.459027 0.480562 0.00650334
13 0.446616 0.477951 0.00652727
14 0.423438 0.474057 0.00718891
15 0.491632 0.475229 0.0067943
16 0.444195 0.473289 0.00664488
17 0.468627 0.473015 0.0062478
18 0.452411 0.47187 0.00600067
19 0.479308 0.472262 0.00568955
20 0.500281 0.473663 0.00557643
21 0.49453 0.474656 0.00539652
22 0.449211 0.4735 0.00527377
23 0.465341 0.473145 0.00505173
24 0.44 0.471764 0.00502997
25 0.465773 0.471524 0.00483053
26 0.437449 0.470214 0.00482253
27 0.467459 0.470112 0.0046416
28 0.482162 0.470542 0.00449341
29 0.442205 0.469565 0.00444444
30 0.469881 0.469575 0.00429375
31 0.497168 0.470466 0.00424725
32 0.434811 0.469351 0.00426065
33 0.46733 0.46929 0.00412997
34 0.439438 0.468412 0.00410174
35 0.485578 0.468903 0.00401291
36 0.469578 0.468921 0.00389989
37 0.472043 0.469006 0.00379396
38 0.466465 0.468939 0.00369338
39 0.478357 0.46918 0.00360552
40 0.493751 0.469795 0.00356751
41 0.472259 0.469855 0.00347993
42 0.459892 0.469618 0.00340434
43 0.471654 0.469665 0.00332456
44 0.502184 0.470404 0.00333115
45 0.500411 0.471071 0.00332386
46 0.416389 0.469882 0.00346132
47 0.421795 0.468859 0.00353804
48 0.448649 0.468438 0.00348905
49 0.428627 0.467625 0.00351236
50 0.52147 0.468702 0.00360595
