1 0.146819 0.146819 0
2 0.122882 0.134851 0.0119685
3 0.145527 0.138409 0.00777252
4 0.142971 0.13955 0.00561307
5 0.128754 0.137391 0.00485442
6 0.135654 0.137101 0.00397418
7 0.150748 0.139051 0.00388361
8 0.1555 0.141107 0.00394201
9 0.120806 0.138851 0.00414415
10 0.122772 0.137243 0.00404036
11 0.119637 0.135643 0.00398978
12 0.138192 0.135855 0.00364834
13 0.134572 0.135757 0.00335744
14 0.13652 0.135811 0.00310886
15 0.134796 0.135743 0.00289498
16 0.135762 0.135745 0.00270801
17 0.12922 0.135361 0.00257252
18 0.1246 0.134763 0.00249798
19 0.124788 0.134238 0.00242048
20 0.144162 0.134734 0.00234927
21 0.139443 0.134958 0.00224582
22 0.145055 0.135417 0.00218993
23 0.145264 0.135845 0.0021359
24 0.143955 0.136183 0.0020727
25 0.145312 0.136548 0.00202132
26 0.135996 0.136527 0.00194213
27 0.142565 0.136751 0.00188215
28 0.142234 0.136947 0.00182423
29 0.149557 0.137382 0.00181312
30 0.129058 0.137104 0.00177348
31 0.142617 0.137282 0.00172451
32 0.147345 0.137596 0.0016991
33 0.13512 0.137521 0.00164852
34 0.144421 0.137724 0.00161212
35 0.124329 0.137341 0.00161149
36 0.111808 0.136632 0.0017192
37 0.128471 0.136412 0.00168658
38 0.142495 0.136572 0.00164938
39 0.143993 0.136762 0.00161776
40 0.133548 0.136682 0.00157885
41 0.131625 0.136558 0.00154479
42 0.127386 0.13634 0.0015233
43 0.150744 0.136675 0.0015247
44 0.12469 0.136403 0.00151435
45 0.127594 0.136207 0.0014932
46 0.13207 0.136117 0.00146314
47 0.143026 0.136264 0.0014392
48 0.129326 0.136119 0.00141629
49 0.145763 0.136316 0.00140098
50 0.13808 0.136351 0.00137313
