1 15.735 15.735 0
2 14.1434 14.9392 0.7958
3 13.9472 14.6085 0.566074
4 15.9724 14.9495 0.525812
5 14.2 14.7996 0.434001
6 14.7446 14.7904 0.354479
7 16.3884 15.0187 0.376651
8 15.7078 15.1049 0.33737
9 16.2548 15.2326 0.323808
10 15.5116 15.2605 0.290963
11 13.6622 15.1152 0.300632
12 15.0208 15.1074 0.274551
13 15.0148 15.1002 0.25265
14 16.7806 15.2203 0.262906
15 17.8786 15.3975 0.302178
16 15.8794 15.4276 0.284262
17 15.7884 15.4488 0.26786
18 16.2318 15.4923 0.256259
19 13.1252 15.3677 0.27254
20 13.8868 15.2937 0.268948
21 15.7602 15.3159 0.256783
22 16.437 15.3669 0.25008
23 15.9076 15.3904 0.240114
24 15.1152 15.3789 0.230177
25 15.2344 15.3731 0.220854
26 14.2986 15.3318 0.216177
27 16.1038 15.3604 0.209972
28 13.805 15.3048 0.209821
29 16.0944 15.3321 0.204279
30 13.8758 15.2835 0.203235
31 15.9414 15.3047 0.197712
32 16.7218 15.349 0.196488
33 16.4432 15.3822 0.193306
34 14.1742 15.3467 0.19087
35 15.7096 15.357 0.185626
36 15.4856 15.3606 0.180432
37 15.1794 15.3557 0.175556
38 15.6876 15.3644 0.171097
39 15.1576 15.3591 0.166736
40 15.5604 15.3642 0.162592
41 15.5814 15.3695 0.158665
42 16.7326 15.4019 0.158207
43 15.6282 15.4072 0.154573
44 14.5298 15.3872 0.15233
45 15.9146 15.399 0.149367
46 15.3196 15.3972 0.146094
47 14.3976 15.376 0.144525
48 15.7658 15.3841 0.141715
49 16.1794 15.4003 0.139739
50 14.8488 15.3893 0.137359
