1 -0.0068 -0.0068 0
2 0.00016 -0.00332 0.00348
3 0.00976 0.00104 0.00480067
4 -0.00984 -0.00168 0.0043499
5 0.0068 1.6e-05 0.00377218
6 0.01168 0.00196 0.00364217
7 0.02016 0.00456 0.0040293
8 0.00112 0.00413 0.00351587
9 -0.00416 0.00320889 0.00323463
10 0.00376 0.003264 0.00289367
11 -0.0008 0.00289455 0.00264337
12 -0.00768 0.00201333 0.00256892
13 0.0032 0.00210462 0.00236483
14 0.00496 0.00230857 0.00219888
15 0.00784 0.00267733 0.00208
16 0.00712 0.002955 0.00196537
17 0.006 0.00313412 0.00185482
18 -0.0012 0.00289333 0.00176524
19 0.01432 0.00349474 0.00177475
20 0.00928 0.003784 0.00170834
21 0.0064 0.00390857 0.00162973
22 -0.00728 0.0034 0.00163499
23 0.0172 0.004 0.00167354
24 0.00352 0.00398 0.00160242
25 -0.00104 0.0037792 0.00155005
26 0.00608 0.00386769 0.00149187
27 0.00152 0.00378074 0.00143818
28 0.00248 0.00373429 0.00138664
29 -0.00416 0.00346207 0.00136538
30 -0.00232 0.00326933 0.00133309
31 -0.0024 0.00308645 0.00130228
32 0.02096 0.003645 0.0013791
33 0.00432 0.00366545 0.00133681
34 0.00376 0.00366824 0.0012969
35 -0.01304 0.00319086 0.00134675
36 0.00392 0.00321111 0.00130896
37 -0.00648 0.00294919 0.00129975
38 0.01664 0.00330947 0.00131539
39 0.00488 0.00334974 0.00128185
40 -0.00424 0.00316 0.00126372
41 -0.00464 0.00296976 0.00124711
42 0.00768 0.0030819 0.00122221
43 0.01672 0.00339907 0.00123487
44 0.00816 0.00350727 0.00121132
45 -0.00096 0.003408 0.00118825
46 -0.00304 0.00326783 0.00117056
47 0.00872 0.00338383 0.00115124
48 0.00304 0.00337667 0.00112702
49 0.00496 0.00340898 0.00110426
50 0.00024 0.0033456 0.0010838
