1 -0.27152 -0.27152 0
2 -0.27264 -0.27208 0.00056
3 -0.27184 -0.272 0.000333067
4 -0.27072 -0.27168 0.000397324
5 -0.2688 -0.271104 0.000653067
6 -0.26816 -0.270613 0.000724627
7 -0.26912 -0.2704 0.000648515
8 -0.26192 -0.26934 0.0011996
9 -0.26512 -0.268871 0.0011572
10 -0.27152 -0.269136 0.00106839
11 -0.27328 -0.269513 0.00103722
12 -0.28336 -0.270667 0.00149268
13 -0.26672 -0.270363 0.00140623
14 -0.27424 -0.27064 0.00133104
15 -0.26208 -0.270069 0.00136423
16 -0.27952 -0.27066 0.00140619
17 -0.2736 -0.270833 0.00133216
18 -0.27088 -0.270836 0.00125597
19 -0.27152 -0.270872 0.00118858
20 -0.26192 -0.270424 0.00121316
21 -0.26624 -0.270225 0.00117102
22 -0.27696 -0.270531 0.00115774
23 -0.27072 -0.270539 0.00110629
24 -0.2696 -0.2705 0.00105991
25 -0.27296 -0.270598 0.00102138
26 -0.27264 -0.270677 0.00098445
27 -0.27648 -0.270892 0.000971364
28 -0.27456 -0.271023 0.000945153
29 -0.2752 -0.271167 0.000923284
30 -0.27536 -0.271307 0.000902862
31 -0.27648 -0.271474 0.000889054
32 -0.26848 -0.27138 0.000865891
33 -0.28256 -0.271719 0.000905044
34 -0.26944 -0.271652 0.000880576
35 -0.27568 -0.271767 0.000862758
36 -0.2752 -0.271862 0.000843856
37 -0.26448 -0.271663 0.000844635
38 -0.27296 -0.271697 0.000822816
39 -0.2744 -0.271766 0.000804432
40 -0.27456 -0.271836 0.000787169
41 -0.27568 -0.27193 0.000773433
42 -0.26272 -0.27171 0.000786
43 -0.27344 -0.271751 0.000768557
44 -0.26288 -0.271549 0.00077748
45 -0.26848 -0.271481 0.000763061
46 -0.27376 -0.27153 0.000747931
47 -0.27168 -0.271534 0.000731852
48 -0.26208 -0.271337 0.00074302
49 -0.26448 -0.271197 0.000741031
50 -0.25952 -0.270963 0.000762692
