1 -0.2176 -0.2176 0
2 -0.21568 -0.21664 0.00096
3 -0.2192 -0.217493 0.00101754
4 -0.21744 -0.21748 0.00071963
5 -0.21808 -0.2176 0.000570193
6 -0.21408 -0.217013 0.000748949
7 -0.20464 -0.215246 0.00187753
8 -0.2024 -0.21364 0.00228521
9 -0.23136 -0.215609 0.00281748
10 -0.21936 -0.215984 0.0025478
11 -0.21712 -0.216087 0.00230688
12 -0.22464 -0.2168 0.00222323
13 -0.22464 -0.217403 0.00213214
14 -0.22032 -0.217611 0.00198494
15 -0.21808 -0.217643 0.00184815
16 -0.22528 -0.21812 0.00179347
17 -0.21136 -0.217722 0.00173097
18 -0.23136 -0.21848 0.00179926
19 -0.21296 -0.218189 0.00172655
20 -0.22096 -0.218328 0.0016438
21 -0.22736 -0.218758 0.00162164
22 -0.23056 -0.219295 0.00163659
23 -0.20944 -0.218866 0.00162145
24 -0.21728 -0.2188 0.00155383
25 -0.21392 -0.218605 0.00150311
26 -0.20848 -0.218215 0.00149572
27 -0.21568 -0.218121 0.00144232
28 -0.2208 -0.218217 0.00139314
29 -0.2248 -0.218444 0.00136327
30 -0.2256 -0.218683 0.00133847
31 -0.22112 -0.218761 0.00129696
32 -0.22192 -0.21886 0.00125965
33 -0.2224 -0.218967 0.00122559
34 -0.21968 -0.218988 0.00118918
35 -0.22016 -0.219022 0.00115519
36 -0.22336 -0.219142 0.00112909
37 -0.22528 -0.219308 0.00111061
38 -0.21616 -0.219225 0.00108416
39 -0.21792 -0.219192 0.00105652
40 -0.2096 -0.218952 0.00105732
41 -0.21792 -0.218927 0.00103152
42 -0.2176 -0.218895 0.00100715
43 -0.20672 -0.218612 0.0010234
44 -0.22144 -0.218676 0.00100194
45 -0.21424 -0.218578 0.000984367
46 -0.21328 -0.218463 0.000969594
47 -0.20912 -0.218264 0.000969341
48 -0.21632 -0.218223 0.000949795
49 -0.22032 -0.218266 0.000931193
50 -0.2168 -0.218237 0.00091285
