1 0.258753 0.258753 0
2 0.257716 0.258235 0.000518422
3 0.239878 0.252116 0.00612614
4 0.233233 0.247395 0.00640706
5 0.240321 0.24598 0.00516061
6 0.251363 0.246877 0.00430807
7 0.241835 0.246157 0.00371155
8 0.250834 0.246742 0.00326702
9 0.234253 0.245354 0.00319799
10 0.250554 0.245874 0.00290725
11 0.232534 0.244661 0.00289586
12 0.243359 0.244553 0.00264578
13 0.232039 0.24359 0.00261722
14 0.247168 0.243846 0.00243651
15 0.259353 0.24488 0.00249276
16 0.249237 0.245152 0.00234761
17 0.265448 0.246346 0.00250763
18 0.245464 0.246297 0.00236473
19 0.257901 0.246908 0.00231868
20 0.249733 0.247049 0.00220423
21 0.261178 0.247722 0.00220195
22 0.212621 0.246126 0.00263692
23 0.244307 0.246047 0.0025209
24 0.260863 0.246664 0.00249127
25 0.23983 0.246391 0.00240513
26 0.238182 0.246075 0.00233225
27 0.230046 0.245482 0.0023214
28 0.240913 0.245318 0.0022429
29 0.285354 0.246699 0.00256701
30 0.232028 0.24621 0.00252772
31 0.275673 0.24716 0.00262307
32 0.256841 0.247463 0.00255773
33 0.232233 0.247001 0.0025216
34 0.272127 0.24774 0.00255549
35 0.239798 0.247513 0.00249176
36 0.213149 0.246559 0.00260291
37 0.24832 0.246606 0.00253203
38 0.251338 0.246731 0.00246764
39 0.263841 0.24717 0.00244325
40 0.20308 0.246067 0.00262411
41 0.231142 0.245703 0.00258506
42 0.245712 0.245704 0.00252276
43 0.22943 0.245325 0.0024923
44 0.259781 0.245654 0.00245706
45 0.263501 0.24605 0.00243436
46 0.260026 0.246354 0.00240016
47 0.259665 0.246637 0.00236555
48 0.250198 0.246712 0.00231693
49 0.236574 0.246505 0.00227857
50 0.247359 0.246522 0.0022326
