1 0.286041 0.286041 0
2 0.322971 0.304506 0.0184653
3 0.262988 0.290667 0.0174696
4 0.283429 0.288857 0.0124847
5 0.261518 0.283389 0.0111093
6 0.326171 0.29052 0.0115377
7 0.3136 0.293817 0.0102935
8 0.310955 0.295959 0.00916826
9 0.286073 0.294861 0.00815991
10 0.299918 0.295367 0.00731595
11 0.325845 0.298137 0.00717417
12 0.283788 0.296941 0.00665737
13 0.319902 0.298708 0.0063735
14 0.318171 0.300098 0.00606228
15 0.329763 0.302076 0.00598016
16 0.314318 0.302841 0.00564602
17 0.323722 0.304069 0.0054439
18 0.297241 0.30369 0.00514656
19 0.295086 0.303237 0.00488917
20 0.309192 0.303535 0.00464782
21 0.319412 0.304291 0.00448515
22 0.30978 0.30454 0.00428369
23 0.316408 0.305056 0.0041256
24 0.299755 0.304835 0.00395614
25 0.333192 0.30597 0.00396049
26 0.296 0.305586 0.00382439
27 0.29822 0.305313 0.00369012
28 0.331037 0.306232 0.00367264
29 0.327478 0.306965 0.00361867
30 0.302041 0.306801 0.00349982
31 0.282416 0.306014 0.00347523
32 0.334433 0.306902 0.0034801
33 0.302661 0.306774 0.00337544
34 0.305241 0.306728 0.00327497
35 0.332114 0.307454 0.00326169
36 0.271412 0.306453 0.00332414
37 0.330873 0.307113 0.00329973
38 0.30178 0.306972 0.00321479
39 0.313959 0.307151 0.00313639
40 0.3488 0.308193 0.00322943
41 0.303608 0.308081 0.00315167
42 0.314384 0.308231 0.00307937
43 0.299592 0.30803 0.00301361
44 0.320033 0.308303 0.00295693
45 0.341388 0.309038 0.00298251
46 0.298318 0.308805 0.00292625
47 0.289731 0.308399 0.00289193
48 0.331494 0.30888 0.00287164
49 0.324767 0.309204 0.00283105
50 0.299167 0.309004 0.0027811
