1 -0.98128 -0.98128 0
2 -0.976 -0.97864 0.00264
3 -0.97472 -0.977333 0.00200763
4 -0.97504 -0.97676 0.00153101
5 -0.97536 -0.97648 0.00121852
6 -0.97744 -0.97664 0.0010077
7 -0.97184 -0.975954 0.00109341
8 -0.97232 -0.9755 0.00105025
9 -0.97664 -0.975627 0.000934856
10 -0.97616 -0.97568 0.00083786
11 -0.96656 -0.974851 0.00112328
12 -0.97824 -0.975133 0.00106359
13 -0.96912 -0.974671 0.0010822
14 -0.9712 -0.974423 0.00103214
15 -0.97808 -0.974667 0.00099132
16 -0.97488 -0.97468 0.000927391
17 -0.97552 -0.974729 0.000872532
18 -0.97504 -0.974747 0.000822812
19 -0.97696 -0.974863 0.000786972
20 -0.97808 -0.975024 0.000763716
21 -0.96816 -0.974697 0.000796586
22 -0.97328 -0.974633 0.000762242
23 -0.96784 -0.974337 0.000785947
24 -0.97072 -0.974187 0.000767434
25 -0.96848 -0.973958 0.000770678
26 -0.98096 -0.974228 0.000787892
27 -0.97536 -0.97427 0.000759309
28 -0.9744 -0.974274 0.000731703
29 -0.97216 -0.974201 0.000709775
30 -0.97152 -0.974112 0.000691509
31 -0.9664 -0.973863 0.000713598
32 -0.97424 -0.973875 0.000691039
33 -0.97584 -0.973935 0.000672413
34 -0.97504 -0.973967 0.000653146
35 -0.97392 -0.973966 0.000634212
36 -0.96704 -0.973773 0.000645669
37 -0.9656 -0.973552 0.000665696
38 -0.97952 -0.973709 0.000666701
39 -0.97632 -0.973776 0.000652821
40 -0.97648 -0.973844 0.000639871
41 -0.97136 -0.973783 0.000627004
42 -0.96704 -0.973623 0.000632607
43 -0.97296 -0.973607 0.000617912
44 -0.97264 -0.973585 0.000604106
45 -0.95904 -0.973262 0.000673204
46 -0.97312 -0.973259 0.000658414
47 -0.97664 -0.973331 0.000648256
48 -0.96912 -0.973243 0.000640642
49 -0.98064 -0.973394 0.000645335
50 -0.97488 -0.973424 0.000632994
