1 -0.01792 -0.01792 0
2 -0.0044 -0.01116 0.00676
3 0.00976 -0.00418667 0.00799124
4 0.01008 -0.00062 0.00668215
5 0.00176 -0.000144 0.00519781
6 0.00896 0.00137333 0.00450708
7 0.00224 0.00149714 0.00381119
8 0.00624 0.00209 0.00335341
9 0.014 0.00341333 0.00324
10 0.01176 0.004248 0.00301575
11 -0.00056 0.00381091 0.00276264
12 -0.00608 0.00298667 0.00265321
13 0.008 0.00337231 0.00247088
14 -0.0136 0.00216 0.00258897
15 -0.01008 0.001344 0.00254459
16 0.00704 0.0017 0.00240672
17 0.0088 0.00211765 0.00229897
18 0.002 0.00211111 0.0021675
19 0.01416 0.00274526 0.00214609
20 0.006 0.002908 0.00204245
21 0.00184 0.00285714 0.00194342
22 0.00264 0.00284727 0.00185301
23 -0.00064 0.00269565 0.00177709
24 0.00896 0.00295667 0.00172134
25 -0.00696 0.00256 0.00169803
26 -0.01352 0.00194154 0.00174471
27 -0.00264 0.00177185 0.0016874
28 0.00776 0.00198571 0.00164002
29 -0.00064 0.00189517 0.00158505
30 -8e-05 0.00182933 0.00153272
31 0.00512 0.00193548 0.00148625
32 -0.00416 0.001745 0.0014516
33 -0.00392 0.00157333 0.00141736
34 -0.00688 0.00132471 0.00139734
35 -0.0036 0.001184 0.00136411
36 0.00096 0.00117778 0.00132569
37 0.0092 0.00139459 0.00130746
38 -0.00392 0.00125474 0.00128025
39 -0.00168 0.00117949 0.00124926
40 0.00536 0.001284 0.00122211
41 0.00496 0.00137366 0.00119529
42 0.01032 0.00158667 0.00118578
43 -0.00512 0.0014307 0.00116833
44 -0.01008 0.00116909 0.00117106
45 0.01592 0.00149689 0.00119075
46 -0.01408 0.00115826 0.00121281
47 0.01192 0.00138723 0.00120861
48 -0.00376 0.00128 0.00118802
49 0.00088 0.00127184 0.00116355
50 -0.01928 0.0008608 0.00121187
