1 -0.00424 -0.00424 0
2 0.00704 0.0014 0.00564
3 -0.02648 -0.00789333 0.0098473
4 -0.00944 -0.00828 0.00697382
5 -0.00688 -0.008 0.00540915
6 0.01128 -0.00478667 0.00546182
7 -0.00936 -0.00544 0.00466208
8 -0.0032 -0.00516 0.00404718
9 -0.00192 -0.0048 0.00358739
10 0.00792 -0.003528 0.00345159
11 -0.01152 -0.00425455 0.0032055
12 0.01192 -0.00290667 0.00322172
13 0.00984 -0.00192615 0.00312154
14 -0.00136 -0.00188571 0.00289027
15 -0.00208 -0.00189867 0.00269073
16 0.00824 -0.001265 0.00259549
17 0.01368 -0.000385882 0.00259169
18 0.00784 7.11111e-05 0.00248584
19 -0.01704 -0.000829474 0.00251793
20 -0.00248 -0.000912 0.00239014
21 0.00048 -0.000845714 0.00227445
22 -0.00272 -0.000930909 0.00217027
23 -0.00664 -0.00117913 0.00208857
24 -0.00608 -0.00138333 0.00201005
25 0.01176 -0.0008576 0.00199837
26 -0.00888 -0.00116615 0.00194461
27 -0.00416 -0.00127704 0.00187448
28 -0.01488 -0.00176286 0.00187049
29 -0.00792 -0.00197517 0.00181728
30 0.01072 -0.001552 0.00180594
31 0.0096 -0.00119226 0.00178337
32 -0.00168 -0.0012075 0.00172681
33 -0.01272 -0.00155636 0.00170964
34 -0.00232 -0.00157882 0.00165874
35 0.0084 -0.00129371 0.00163569
36 0.00728 -0.00105556 0.00160735
37 0.00568 -0.000873514 0.00157387
38 -0.00048 -0.000863158 0.00153193
39 -0.00152 -0.00088 0.00149222
40 -0.01504 -0.001234 0.0014969
41 -0.0088 -0.00141854 0.00147155
42 0.00672 -0.00122476 0.0014491
43 0.0024 -0.00114047 0.00141751
44 0.00536 -0.000992727 0.00139278
45 -0.01792 -0.00136889 0.00141248
46 0.00632 -0.00120174 0.00139151
47 0.00928 -0.000978723 0.00137973
48 0.0112 -0.000725 0.0013743
49 -0.00424 -0.000796735 0.00134787
50 0.00696 -0.0006416 0.00132972
