1 0.00128 0.00128 0
2 0.0004 0.00084 0.00044
3 0.00016 0.000613333 0.000340457
4 -0.0064 -0.00114 0.00176978
5 0.002 -0.000512 0.00150787
6 -0.00264 -0.000866667 0.00128124
7 0.01104 0.000834286 0.00201638
8 0.00184 0.00096 0.00175075
9 0.00504 0.00141333 0.0016092
10 -0.00296 0.000976 0.00150428
11 -0.00696 0.000254545 0.00154011
12 -0.01048 -0.00064 0.00166638
13 -0.00904 -0.00128615 0.00166347
14 0.00272 -0.001 0.00156643
15 -0.0012 -0.00101333 0.00145833
16 0.0016 -0.00085 0.00137389
17 -0.00464 -0.00107294 0.00130966
18 -0.00216 -0.00113333 0.00123623
19 -0.01608 -0.00192 0.00140934
20 -0.00744 -0.002196 0.00136521
21 -0.00496 -0.00232762 0.00130523
22 -0.00536 -0.00246545 0.00125209
23 0.00432 -0.00217043 0.00123225
24 0.00272 -0.00196667 0.00119726
25 0.0088 -0.001536 0.00122647
26 -0.00744 -0.00176308 0.00120004
27 -0.0004 -0.00171259 0.00115584
28 -0.01248 -0.00209714 0.00117831
29 0.00648 -0.00180138 0.00117479
30 -0.01104 -0.00210933 0.001176
31 0.00088 -0.0020129 0.00114151
32 -0.00048 -0.001965 0.0011063
33 -0.00808 -0.0021503 0.00108814
34 0.0016 -0.00204 0.0010614
35 -0.00728 -0.00218971 0.00104145
36 0.01136 -0.00181333 0.00107982
37 0.00312 -0.00168 0.00105866
38 -0.00304 -0.00171579 0.00103105
39 -0.00184 -0.00171897 0.00100427
40 -0.00544 -0.001812 0.000983251
41 0.0024 -0.00170927 0.000964456
42 -0.0216 -0.00218286 0.00105365
43 0.00056 -0.00211907 0.00103083
44 -0.0188 -0.00249818 0.00107612
45 -0.002 -0.00248711 0.00105199
46 -0.00128 -0.00246087 0.0010292
47 -0.00552 -0.00252596 0.00100917
48 0.00384 -0.00239333 0.00099678
49 -0.00336 -0.00241306 0.000976425
50 0.00032 -0.0023584 0.000958258
