1 -0.40272 -0.40272 0
2 -0.4032 -0.40296 0.00024
3 -0.40192 -0.402613 0.000373333
4 -0.41328 -0.40528 0.0026797
5 -0.3984 -0.403904 0.00249035
6 -0.4104 -0.404987 0.00230364
7 -0.412 -0.405989 0.0021896
8 -0.41248 -0.4068 0.00206256
9 -0.4176 -0.408 0.00217917
10 -0.40848 -0.408048 0.0019497
11 -0.41056 -0.408276 0.0017783
12 -0.39632 -0.40728 0.00190474
13 -0.39888 -0.406634 0.00186745
14 -0.40848 -0.406766 0.00173395
15 -0.4152 -0.407328 0.00170935
16 -0.41648 -0.4079 0.00169818
17 -0.40528 -0.407746 0.00160259
18 -0.4064 -0.407671 0.00151278
19 -0.41392 -0.408 0.00146826
20 -0.40976 -0.408088 0.00139569
21 -0.40176 -0.407787 0.00136134
22 -0.40016 -0.40744 0.00134348
23 -0.40864 -0.407492 0.0012848
24 -0.40464 -0.407373 0.00123583
25 -0.41072 -0.407507 0.0011929
26 -0.41088 -0.407637 0.00115342
27 -0.41008 -0.407727 0.00111356
28 -0.40832 -0.407749 0.00107326
29 -0.40752 -0.407741 0.00103562
30 -0.40944 -0.407797 0.00100211
31 -0.41936 -0.40817 0.00103853
32 -0.41008 -0.40823 0.00100733
33 -0.4064 -0.408175 0.000977898
34 -0.3976 -0.407864 0.00099838
35 -0.40592 -0.407808 0.000971025
36 -0.4064 -0.407769 0.000944476
37 -0.40384 -0.407663 0.000924712
38 -0.39824 -0.407415 0.000933582
39 -0.40768 -0.407422 0.000909354
40 -0.42032 -0.407744 0.000943165
41 -0.41536 -0.40793 0.000938442
42 -0.40704 -0.407909 0.00091607
43 -0.4168 -0.408115 0.000918101
44 -0.40912 -0.408138 0.000897283
45 -0.40736 -0.408121 0.000877287
46 -0.42032 -0.408386 0.000898054
47 -0.40592 -0.408334 0.000880304
48 -0.3992 -0.408143 0.000882527
49 -0.41168 -0.408216 0.000867337
50 -0.40544 -0.40816 0.000851624
