1 -0.57472 -0.57472 0
2 -0.5736 -0.57416 0.00056
3 -0.58784 -0.57872 0.00457145
4 -0.58112 -0.57932 0.00328771
5 -0.58336 -0.580128 0.00267176
6 -0.58048 -0.580187 0.00218227
7 -0.5848 -0.580846 0.00195857
8 -0.58672 -0.58158 0.00184829
9 -0.58512 -0.581973 0.00167682
10 -0.58688 -0.582464 0.00157802
11 -0.5744 -0.581731 0.00160462
12 -0.58288 -0.581827 0.00146794
13 -0.58448 -0.582031 0.00136565
14 -0.5856 -0.582286 0.00128979
15 -0.58864 -0.582709 0.00127326
16 -0.5664 -0.58169 0.00156767
17 -0.57968 -0.581572 0.00147731
18 -0.57984 -0.581476 0.00139614
19 -0.57504 -0.581137 0.00136336
20 -0.57984 -0.581072 0.00129502
21 -0.57712 -0.580884 0.0012461
22 -0.58592 -0.581113 0.00120997
23 -0.58624 -0.581336 0.00117746
24 -0.58224 -0.581373 0.00112796
25 -0.58704 -0.5816 0.00110539
26 -0.58288 -0.581649 0.00106317
27 -0.58912 -0.581926 0.00105979
28 -0.58576 -0.582063 0.00103038
29 -0.58832 -0.582279 0.00101736
30 -0.58544 -0.582384 0.000988492
31 -0.58032 -0.582317 0.000958389
32 -0.58928 -0.582535 0.000953123
33 -0.58416 -0.582584 0.000925101
34 -0.5856 -0.582673 0.000901852
35 -0.57936 -0.582578 0.000880807
36 -0.58 -0.582507 0.000858981
37 -0.58064 -0.582456 0.000836965
38 -0.58048 -0.582404 0.0008163
39 -0.58672 -0.582515 0.000802758
40 -0.58432 -0.58256 0.000783732
41 -0.57392 -0.582349 0.000792894
42 -0.58624 -0.582442 0.000779311
43 -0.58112 -0.582411 0.000761592
44 -0.57296 -0.582196 0.000774465
45 -0.58496 -0.582258 0.000759546
46 -0.5896 -0.582417 0.000759805
47 -0.58208 -0.58241 0.000743498
48 -0.59232 -0.582617 0.000756558
49 -0.5872 -0.58271 0.000746838
50 -0.5744 -0.582544 0.000750386
