1 0.213932 0.213932 0
2 0.217954 0.215943 0.00201095
3 0.222778 0.218222 0.00255707
4 0.218593 0.218314 0.0018105
5 0.197778 0.214207 0.00434008
6 0.198646 0.211614 0.00439133
7 0.224932 0.213516 0.00417064
8 0.219398 0.214251 0.00368595
9 0.219444 0.214828 0.0033015
10 0.204722 0.213818 0.00312112
11 0.203868 0.212913 0.00296453
12 0.200469 0.211876 0.00289813
13 0.204464 0.211306 0.00272619
14 0.214349 0.211523 0.0025333
15 0.223755 0.212339 0.00249537
16 0.209075 0.212135 0.00234311
17 0.202607 0.211574 0.0022712
18 0.220589 0.212075 0.0021991
19 0.210792 0.212008 0.00208123
20 0.193914 0.211103 0.00217182
21 0.219605 0.211508 0.00210511
22 0.221131 0.211945 0.00205426
23 0.189685 0.210977 0.00218855
24 0.221925 0.211434 0.00214445
25 0.23627 0.212427 0.00228424
26 0.206812 0.212211 0.00220523
27 0.20174 0.211823 0.00215713
28 0.230293 0.212483 0.00218082
29 0.224433 0.212895 0.00214424
30 0.191576 0.212184 0.00219003
31 0.198026 0.211728 0.00216689
32 0.204282 0.211495 0.00211094
33 0.215024 0.211602 0.00204877
34 0.191659 0.211015 0.00207234
35 0.217967 0.211214 0.00202204
36 0.23454 0.211862 0.00206913
37 0.213955 0.211919 0.00201323
38 0.22465 0.212254 0.00198797
39 0.217967 0.2124 0.00194186
40 0.225052 0.212716 0.00191893
41 0.209243 0.212632 0.00187346
42 0.207848 0.212518 0.00183186
43 0.206651 0.212381 0.00179394
44 0.225031 0.212669 0.00177612
45 0.216309 0.21275 0.00173809
46 0.238426 0.213308 0.00178918
47 0.203218 0.213093 0.00176381
48 0.197558 0.21277 0.00175675
49 0.239787 0.213321 0.00180671
50 0.239881 0.213852 0.00184819
