1 -0.25856 -0.25856 0
2 -0.26064 -0.2596 0.00104
3 -0.2624 -0.260533 0.00110979
4 -0.24384 -0.25636 0.00424647
5 -0.25792 -0.256672 0.00330407
6 -0.26288 -0.257707 0.00288937
7 -0.2568 -0.257577 0.00244539
8 -0.25008 -0.25664 0.00231586
9 -0.25888 -0.256889 0.0020575
10 -0.26064 -0.257264 0.00187813
11 -0.25344 -0.256916 0.00173404
12 -0.26128 -0.25728 0.00162418
13 -0.2488 -0.256628 0.00163022
14 -0.25824 -0.256743 0.00151368
15 -0.24288 -0.255819 0.00168519
16 -0.26416 -0.25634 0.00166032
17 -0.25488 -0.256254 0.00156196
18 -0.25488 -0.256178 0.00147461
19 -0.2504 -0.255874 0.00142761
20 -0.25696 -0.255928 0.00135543
21 -0.25728 -0.255992 0.00129088
22 -0.2552 -0.255956 0.00123133
23 -0.26304 -0.256264 0.00121622
24 -0.26576 -0.25666 0.00122983
25 -0.25648 -0.256653 0.00117963
26 -0.26288 -0.256892 0.00115838
27 -0.25904 -0.256972 0.00111749
28 -0.26032 -0.257091 0.00108346
29 -0.25952 -0.257175 0.00104878
30 -0.25216 -0.257008 0.00102691
31 -0.24832 -0.256728 0.00103202
32 -0.2496 -0.256505 0.00102377
33 -0.2624 -0.256684 0.00100822
34 -0.25536 -0.256645 0.000978887
35 -0.25616 -0.256631 0.000950608
36 -0.2544 -0.256569 0.000925901
37 -0.25584 -0.256549 0.000900745
38 -0.2632 -0.256724 0.00089402
39 -0.25984 -0.256804 0.000874452
40 -0.25456 -0.256748 0.000854154
41 -0.26368 -0.256917 0.000850045
42 -0.25552 -0.256884 0.000830226
43 -0.25872 -0.256927 0.000811812
44 -0.25456 -0.256873 0.000794969
45 -0.26352 -0.25702 0.000791017
46 -0.2592 -0.257068 0.000775079
47 -0.26256 -0.257185 0.000767359
48 -0.26768 -0.257403 0.000782377
49 -0.25728 -0.257401 0.000766248
50 -0.25824 -0.257418 0.000750954
