1 0.0008 0.0008 0
2 -0.0228 -0.011 0.0118
3 -0.0068 -0.0096 0.00695509
4 0.03136 0.00064 0.0113598
5 0.00848 0.002208 0.00893785
6 0.00448 0.00258667 0.00730754
7 -0.0212 -0.000811429 0.00704912
8 0.00608 5e-05 0.00616519
9 -0.00336 -0.000328889 0.00545037
10 -0.01048 -0.001344 0.00497953
11 -0.01368 -0.00246545 0.00464167
12 0.03416 0.000586667 0.00522204
13 -0.01456 -0.000578462 0.00494286
14 -0.02416 -0.00226286 0.00487635
15 -0.0056 -0.00248533 0.00454508
16 0.00656 -0.00192 0.00428896
17 0.0076 -0.00136 0.00406751
18 -0.0124 -0.00197333 0.00388362
19 -0.02992 -0.00344421 0.00395706
20 -0.00784 -0.003664 0.00376043
21 0.00104 -0.00344 0.00358389
22 0.00464 -0.00307273 0.00343678
23 -0.01128 -0.00342957 0.00330329
24 -0.00176 -0.00336 0.00316343
25 -0.00408 -0.0033888 0.00303439
26 -0.00848 -0.00358462 0.00292191
27 -0.01712 -0.00408593 0.00285596
28 -0.02456 -0.00481714 0.00284755
29 -0.00192 -0.00471724 0.00274942
30 -0.01584 -0.005088 0.00268195
31 -0.00696 -0.00514839 0.00259469
32 -0.00944 -0.0052825 0.00251588
33 0.0264 -0.00432242 0.00262064
34 0.00328 -0.00409882 0.00255221
35 0.01632 -0.00351543 0.00254596
36 -0.01 -0.00369556 0.00248078
37 -0.01088 -0.00388973 0.0024206
38 0.00672 -0.00361053 0.00237252
39 -0.00848 -0.00373538 0.00231426
40 0.01 -0.003392 0.00228165
41 -0.01736 -0.00373268 0.00225123
42 0.00144 -0.00360952 0.00220042
43 -0.0076 -0.00370233 0.00215065
44 -0.03 -0.0043 0.00218455
45 -0.01712 -0.00458489 0.00215437
46 0.01 -0.00426783 0.00213074
47 -0.00112 -0.00420085 0.00208599
48 0.01184 -0.00386667 0.00206923
49 -0.00888 -0.00396898 0.00202914
50 0.014 -0.0036096 0.00202036
