1 0.0767102 0.0767102 0
2 0.0736676 0.0751889 0.00152133
3 0.0728789 0.0744189 0.00116806
4 0.0731492 0.0741015 0.000884838
5 0.0772444 0.0747301 0.000929996
6 0.0654345 0.0731808 0.00172535
7 0.0665063 0.0722273 0.00174226
8 0.0713808 0.0721215 0.00151255
9 0.0658618 0.071426 0.00150438
10 0.0650559 0.070789 0.00148872
11 0.06669 0.0704163 0.00139721
12 0.0709194 0.0704583 0.00127616
13 0.0756159 0.070855 0.00123913
14 0.0719708 0.0709347 0.00114997
15 0.0751068 0.0712128 0.00110611
16 0.0697769 0.0711231 0.00103855
17 0.0745086 0.0713222 0.000995672
18 0.0786421 0.0717289 0.00102303
19 0.0689078 0.0715804 0.000979011
20 0.0676278 0.0713828 0.000949565
21 0.0784794 0.0717207 0.000964365
22 0.0748779 0.0718642 0.000930618
23 0.0770999 0.0720919 0.00091791
24 0.0791383 0.0723855 0.000926578
25 0.071315 0.0723426 0.000889774
26 0.0783095 0.0725721 0.000885136
27 0.0719522 0.0725492 0.000852032
28 0.0789969 0.0727795 0.00085272
29 0.0769481 0.0729232 0.000835253
30 0.0749293 0.0729901 0.000809697
31 0.0630633 0.0726699 0.00084608
32 0.0720806 0.0726514 0.000819421
33 0.0633821 0.0723705 0.00084241
34 0.0696932 0.0722918 0.000821043
35 0.0671379 0.0721446 0.000810725
36 0.0702321 0.0720914 0.000789672
37 0.0701324 0.0720385 0.000769855
38 0.068352 0.0719415 0.000755576
39 0.0648173 0.0717588 0.000758279
40 0.0647747 0.0715842 0.000759423
41 0.0728663 0.0716155 0.000741329
42 0.0795394 0.0718041 0.000747658
43 0.0747476 0.0718726 0.000733266
44 0.0724989 0.0718868 0.000716549
45 0.0687226 0.0718165 0.000703965
46 0.0652819 0.0716744 0.000702994
47 0.0763749 0.0717745 0.000695106
48 0.0745142 0.0718315 0.00068286
49 0.0752682 0.0719017 0.000672447
50 0.0805547 0.0720747 0.00068121
