1 1.37768 1.37768 0
2 1.66939 1.52354 0.145853
3 1.74021 1.59576 0.110939
4 1.53667 1.58099 0.0798242
5 1.45575 1.55594 0.0667126
6 1.59183 1.56192 0.054798
7 1.43335 1.54355 0.0498222
8 1.42232 1.5284 0.0457314
9 1.77002 1.55525 0.0484496
10 1.4944 1.54916 0.0437597
11 1.56421 1.55053 0.0396058
12 1.43958 1.54128 0.0373185
13 1.63192 1.54826 0.0350288
14 1.56867 1.54971 0.0324632
15 1.60008 1.55307 0.0304075
16 1.46989 1.54787 0.0289148
17 1.46947 1.54326 0.0275495
18 1.59975 1.5464 0.0261628
19 1.50619 1.54428 0.0248378
20 1.60446 1.54729 0.0237546
21 1.49482 1.54479 0.0227329
22 1.57583 1.5462 0.0217208
23 1.49962 1.54418 0.0208535
24 1.64792 1.5485 0.0204282
25 1.49356 1.5463 0.019717
26 1.43916 1.54218 0.0193865
27 1.42838 1.53797 0.0191249
28 1.46695 1.53543 0.018603
29 1.45802 1.53276 0.0181474
30 1.43739 1.52958 0.017818
31 1.53794 1.52985 0.0172357
32 1.59756 1.53197 0.016822
33 1.36733 1.52698 0.0170505
34 1.51301 1.52657 0.0165466
35 1.51242 1.52616 0.0160719
36 1.57592 1.52755 0.0156801
37 1.392 1.52388 0.0156843
38 1.38577 1.52025 0.0156927
39 1.57061 1.52154 0.0153395
40 1.41415 1.51885 0.0151902
41 1.57802 1.5203 0.0148852
42 1.45221 1.51868 0.0146166
43 1.53592 1.51908 0.0142783
44 1.45617 1.51765 0.0140231
45 1.54501 1.51826 0.0137214
46 1.51234 1.51813 0.0134204
47 1.48589 1.51744 0.0131497
48 1.50366 1.51715 0.012876
49 1.52472 1.51731 0.0126114
50 1.68623 1.52069 0.0128102
