1 -0.99872 -0.99872 0
2 -0.99632 -0.99752 0.0012
3 -0.99552 -0.996853 0.00096148
4 -0.9968 -0.99684 0.00068
5 -0.99312 -0.996096 0.000911579
6 -0.99344 -0.995653 0.000865989
7 -0.99616 -0.995726 0.000735465
8 -0.99616 -0.99578 0.000639241
9 -0.9968 -0.995893 0.000575036
10 -0.99328 -0.995632 0.000576913
11 -0.99152 -0.995258 0.000641914
12 -0.99504 -0.99524 0.000586267
13 -0.99632 -0.995323 0.000545649
14 -0.9976 -0.995486 0.000530707
15 -0.99728 -0.995605 0.000508336
16 -0.99824 -0.99577 0.00050321
17 -0.99632 -0.995802 0.000473789
18 -0.99824 -0.995938 0.00046677
19 -0.99568 -0.995924 0.000441729
20 -0.99488 -0.995872 0.0004223
21 -0.99312 -0.995741 0.000422524
22 -0.99648 -0.995775 0.000404259
23 -0.99376 -0.995687 0.000396089
24 -0.99616 -0.995707 0.000379738
25 -0.99168 -0.995546 0.000398255
26 -0.99888 -0.995674 0.000403552
27 -0.99696 -0.995721 0.000391229
28 -0.99456 -0.99568 0.000379272
29 -0.99248 -0.99557 0.000382234
30 -0.99856 -0.995669 0.00038249
31 -0.99536 -0.995659 0.00037008
32 -0.99712 -0.995705 0.000361224
33 -0.99808 -0.995777 0.000357428
34 -0.99616 -0.995788 0.000346939
35 -0.9968 -0.995817 0.000338119
36 -0.99296 -0.995738 0.000338041
37 -0.99616 -0.995749 0.000328976
38 -0.99568 -0.995747 0.000320207
39 -0.99856 -0.995819 0.000320118
40 -0.9936 -0.995764 0.000316907
41 -0.99248 -0.995684 0.000319291
42 -0.9968 -0.99571 0.000312727
43 -0.9984 -0.995773 0.000311708
44 -0.99808 -0.995825 0.000309022
45 -0.9992 -0.9959 0.000311245
46 -0.99584 -0.995899 0.000304407
47 -0.99872 -0.995959 0.000303846
48 -0.9976 -0.995993 0.000299407
49 -0.9984 -0.996042 0.000297318
50 -0.99488 -0.996019 0.000292237
