1 -0.224 -0.224 0
2 -0.23728 -0.23064 0.00664
3 -0.23216 -0.231147 0.00386694
4 -0.2256 -0.22976 0.00306585
5 -0.2232 -0.228448 0.00271312
6 -0.21472 -0.22616 0.0031847
7 -0.23008 -0.22672 0.0027492
8 -0.21408 -0.22514 0.00285744
9 -0.23024 -0.225707 0.00258295
10 -0.22224 -0.22536 0.00233613
11 -0.22256 -0.225105 0.00212838
12 -0.23744 -0.226133 0.00219808
13 -0.22304 -0.225895 0.00203589
14 -0.22752 -0.226011 0.00188844
15 -0.22336 -0.225835 0.0017669
16 -0.21536 -0.22518 0.00177772
17 -0.22864 -0.225384 0.00168224
18 -0.22864 -0.225564 0.00159631
19 -0.22304 -0.225432 0.00151579
20 -0.22768 -0.225544 0.0014424
21 -0.23664 -0.226072 0.00147022
22 -0.21696 -0.225658 0.00146171
23 -0.21744 -0.225301 0.0014417
24 -0.22208 -0.225167 0.00138683
25 -0.216 -0.2248 0.00137981
26 -0.22576 -0.224837 0.00132619
27 -0.22064 -0.224681 0.00128556
28 -0.22144 -0.224566 0.00124419
29 -0.21504 -0.224237 0.00124465
30 -0.2224 -0.224176 0.001204
31 -0.22192 -0.224103 0.00116679
32 -0.22304 -0.22407 0.00113023
33 -0.22288 -0.224034 0.00109604
34 -0.22144 -0.223958 0.00106605
35 -0.22352 -0.223945 0.00103521
36 -0.23536 -0.224262 0.00105483
37 -0.22944 -0.224402 0.00103543
38 -0.22192 -0.224337 0.00100993
39 -0.22608 -0.224382 0.000984704
40 -0.23056 -0.224536 0.000972121
41 -0.2272 -0.224601 0.000950338
42 -0.2264 -0.224644 0.000928424
43 -0.23568 -0.2249 0.000942205
44 -0.22944 -0.225004 0.000926306
45 -0.22128 -0.224921 0.000909261
46 -0.21952 -0.224803 0.000896992
47 -0.22992 -0.224912 0.000884425
48 -0.21952 -0.2248 0.000873061
49 -0.22944 -0.224895 0.000860285
50 -0.23024 -0.225002 0.000849656
