1 -0.24288 -0.24288 0
2 -0.25136 -0.24712 0.00424
3 -0.23536 -0.2432 0.00462157
4 -0.2448 -0.2436 0.00329233
5 -0.24432 -0.243744 0.00255429
6 -0.23488 -0.242267 0.0025558
7 -0.24928 -0.243269 0.0023811
8 -0.2416 -0.24306 0.00207261
9 -0.24912 -0.243733 0.00194794
10 -0.23584 -0.242944 0.00191276
11 -0.23808 -0.242502 0.00178576
12 -0.24592 -0.242787 0.00165487
13 -0.23792 -0.242412 0.00156762
14 -0.24688 -0.242731 0.001486
15 -0.24768 -0.243061 0.00142219
16 -0.244 -0.24312 0.00133163
17 -0.24304 -0.243115 0.00125085
18 -0.24208 -0.243058 0.00118072
19 -0.24512 -0.243166 0.00112211
20 -0.23952 -0.242984 0.00108002
21 -0.24656 -0.243154 0.00104133
22 -0.25232 -0.243571 0.00107673
23 -0.24112 -0.243464 0.00103436
24 -0.24288 -0.24344 0.000990623
25 -0.24944 -0.24368 0.000980014
26 -0.23872 -0.243489 0.000960698
27 -0.24576 -0.243573 0.00092825
28 -0.24768 -0.24372 0.000906429
29 -0.24864 -0.24389 0.000890917
30 -0.24192 -0.243824 0.000863208
31 -0.24912 -0.243995 0.000852198
32 -0.2528 -0.24427 0.000869807
33 -0.24928 -0.244422 0.000856598
34 -0.24592 -0.244466 0.00083219
35 -0.24384 -0.244448 0.000808261
36 -0.24208 -0.244382 0.000788238
37 -0.24352 -0.244359 0.000766992
38 -0.2496 -0.244497 0.000759169
39 -0.25056 -0.244652 0.000755614
40 -0.24048 -0.244548 0.000743831
41 -0.25136 -0.244714 0.000744244
42 -0.24528 -0.244728 0.000726433
43 -0.2496 -0.244841 0.000718331
44 -0.24624 -0.244873 0.000702536
45 -0.23856 -0.244732 0.000700928
46 -0.24096 -0.24465 0.000690409
47 -0.24416 -0.24464 0.00067564
48 -0.24464 -0.24464 0.000661415
49 -0.2472 -0.244692 0.000649879
50 -0.23008 -0.2444 0.000700612
