1 42.4603 42.4603 0
2 47.8283 45.1443 2.684
3 45.044 45.1108 1.54997
4 39.8837 43.8041 1.70554
5 46.1968 44.2826 1.40511
6 44.3611 44.2957 1.14734
7 42.2445 44.0027 1.01299
8 46.8763 44.3619 0.947961
9 45.0416 44.4374 0.839428
10 41.8488 44.1785 0.794178
11 44.1368 44.1747 0.718371
12 51.0859 44.7507 0.872777
13 42.3464 44.5657 0.823865
14 44.2949 44.5464 0.762996
15 40.9069 44.3038 0.750607
16 47.6115 44.5105 0.73193
17 42.5629 44.3959 0.697008
18 48.7509 44.6379 0.70027
19 44.7085 44.6416 0.662399
20 41.0019 44.4596 0.654228
21 49.172 44.684 0.661518
22 47.7203 44.822 0.645656
23 44.2864 44.7987 0.617385
24 36.9677 44.4724 0.675179
25 42.8277 44.4066 0.650942
26 47.3539 44.52 0.635594
27 44.5469 44.521 0.611602
28 41.7571 44.4223 0.597564
29 40.8811 44.3002 0.589379
30 46.6003 44.3768 0.574533
31 45.9336 44.4271 0.557955
32 38.9643 44.2563 0.566568
33 35.9576 44.0049 0.603975
34 48.4371 44.1352 0.600267
35 45.4317 44.1723 0.58404
36 41.5851 44.1004 0.572117
37 45.6141 44.1413 0.557942
38 45.6427 44.1808 0.544496
39 36.7432 43.9901 0.563597
40 44.1224 43.9934 0.549336
41 47.2891 44.0738 0.541767
42 41.5885 44.0146 0.532011
43 46.5256 44.073 0.522763
44 46.724 44.1333 0.514285
45 44.1179 44.1329 0.502727
46 42.0648 44.088 0.493728
47 47.5499 44.1616 0.488692
48 45.6624 44.1929 0.479423
49 41.2467 44.1328 0.473371
50 47.1568 44.1933 0.467734
