1 -0.00496 -0.00496 0
2 -0.0116 -0.00828 0.00332
3 0.00704 -0.00317333 0.00545456
4 -0.00272 -0.00306 0.00385862
5 -0.00208 -0.002864 0.00299529
6 -0.012 -0.00438667 0.00288092
7 0.0068 -0.00278857 0.00291243
8 -0.01456 -0.00426 0.00292007
9 0.00112 -0.00366222 0.00264373
10 -0.00176 -0.003472 0.00237226
11 0.008 -0.00242909 0.00238581
12 -0.01504 -0.00348 0.00241822
13 0.0072 -0.00265846 0.0023713
14 0.0028 -0.00226857 0.00222975
15 -0.01328 -0.00300267 0.00220177
16 -0.00632 -0.00321 0.00206997
17 -0.00592 -0.00336941 0.00195093
18 0.00392 -0.00296444 0.0018834
19 0.00168 -0.00272 0.00179821
20 0.00504 -0.002332 0.0017495
21 0.00904 -0.00179048 0.00175
22 0.0024 -0.0016 0.0016794
23 0.01208 -0.00100522 0.0017114
24 0.00288 -0.000843333 0.00164652
25 0.01592 -0.0001728 0.00171574
26 0.02048 0.000621538 0.00182983
27 0.01032 0.000980741 0.00179702
28 0.00464 0.00111143 0.00173658
29 0.00824 0.00135724 0.00169356
30 -0.002 0.00124533 0.00163996
31 -0.0148 0.000727742 0.00166849
32 -0.01088 0.000365 0.00165573
33 -0.0124 -2.18182e-05 0.00165073
34 -0.01112 -0.000348235 0.00163438
35 -0.00832 -0.000576 0.00160325
36 -0.01176 -0.000886667 0.00158875
37 0.00888 -0.000622703 0.0015676
38 0.00704 -0.000421053 0.00153906
39 0.01728 3.28205e-05 0.00156628
40 0.00312 0.00011 0.00152857
41 0.00224 0.000161951 0.00149173
42 0.01056 0.000409524 0.00147668
43 -0.00696 0.00023814 0.00145208
44 -0.0068 7.81818e-05 0.00142768
45 0.01992 0.000519111 0.00146359
46 -0.00424 0.000415652 0.00143515
47 0.00536 0.000520851 0.00140822
48 0.00656 0.000646667 0.0013843
49 -0.00896 0.000450612 0.00136986
50 0.00792 0.0006 0.00135047
