1 5.67942 5.67942 0
2 5.34473 5.51207 0.167345
3 5.75375 5.59263 0.125795
4 5.51258 5.57262 0.0911738
5 5.41949 5.54199 0.0769774
6 5.63345 5.55724 0.0646739
7 5.65862 5.57172 0.0565457
8 5.82735 5.60367 0.0584728
9 6.18109 5.66783 0.0823132
10 5.85193 5.68624 0.07589
11 5.75665 5.69264 0.0689429
12 6.06036 5.72328 0.0699997
13 6.15316 5.75635 0.072385
14 5.0752 5.7077 0.0828146
15 4.97382 5.65877 0.09131
16 5.02691 5.61928 0.0941005
17 5.71782 5.62508 0.0885819
18 5.21862 5.6025 0.0865147
19 5.52524 5.59843 0.0819357
20 5.73004 5.60501 0.0780091
21 5.13862 5.5828 0.0774538
22 5.81775 5.59348 0.0746175
23 5.89178 5.60645 0.0724695
24 5.52087 5.60288 0.0694758
25 5.66662 5.60543 0.0666876
26 5.7808 5.61218 0.0644254
27 5.68538 5.61489 0.0620527
28 5.73411 5.61915 0.0599468
29 5.63113 5.61956 0.0578443
30 6.13018 5.63658 0.0584174
31 5.39113 5.62866 0.0570537
32 5.82924 5.63493 0.0555964
33 5.80451 5.64007 0.0541298
34 5.45804 5.63472 0.0527859
35 5.94124 5.64347 0.0519983
36 5.03564 5.62659 0.0532794
37 5.88291 5.63352 0.0522804
38 5.27491 5.62408 0.0517537
39 5.01062 5.60835 0.0528064
40 5.81993 5.61364 0.0517404
41 5.6944 5.61561 0.0505011
42 5.49265 5.61268 0.0493709
43 5.36364 5.60689 0.0485557
44 5.40087 5.60221 0.0476699
45 5.49484 5.59982 0.0466595
46 5.64422 5.60079 0.0456441
47 4.9584 5.58712 0.046707
48 5.76262 5.59078 0.0458695
49 6.18109 5.60282 0.046511
50 6.15345 5.61384 0.046883
