1 -0.6488 -0.6488 0
2 -0.65264 -0.65072 0.00192
3 -0.65136 -0.650933 0.00112885
4 -0.64688 -0.64992 0.00128996
5 -0.64624 -0.649184 0.00124101
6 -0.64192 -0.647973 0.00157875
7 -0.64336 -0.647314 0.00148817
8 -0.65168 -0.64786 0.00139957
9 -0.6472 -0.647787 0.00123648
10 -0.64608 -0.647616 0.00111903
11 -0.65104 -0.647927 0.00105899
12 -0.6432 -0.647533 0.0010439
13 -0.6464 -0.647446 0.000964199
14 -0.6408 -0.646971 0.00101105
15 -0.65536 -0.647531 0.00109484
16 -0.6504 -0.64771 0.00103971
17 -0.65344 -0.648047 0.00103317
18 -0.64048 -0.647627 0.00106093
19 -0.65232 -0.647874 0.00103349
20 -0.65152 -0.648056 0.000997261
21 -0.64896 -0.648099 0.000949561
22 -0.644 -0.647913 0.000924344
23 -0.64592 -0.647826 0.00088748
24 -0.65168 -0.647987 0.000864738
25 -0.64064 -0.647693 0.000879948
26 -0.6408 -0.647428 0.000886018
27 -0.64624 -0.647384 0.000853705
28 -0.65456 -0.64764 0.000861651
29 -0.64224 -0.647454 0.000852005
30 -0.64592 -0.647403 0.000824701
31 -0.65056 -0.647505 0.000804131
32 -0.6488 -0.647545 0.000779648
33 -0.64752 -0.647544 0.000755653
34 -0.6432 -0.647416 0.000744143
35 -0.64512 -0.647351 0.000725542
36 -0.6576 -0.647636 0.000760407
37 -0.6504 -0.64771 0.000743335
38 -0.6472 -0.647697 0.000723633
39 -0.64544 -0.647639 0.000707206
40 -0.65552 -0.647836 0.000716905
41 -0.64528 -0.647774 0.000701974
42 -0.64768 -0.647771 0.00068506
43 -0.64944 -0.64781 0.000670064
44 -0.64832 -0.647822 0.00065476
45 -0.64608 -0.647783 0.000641214
46 -0.64304 -0.64768 0.00063554
47 -0.63952 -0.647506 0.000645652
48 -0.64992 -0.647557 0.000634055
49 -0.64912 -0.647589 0.000621799
50 -0.64768 -0.64759 0.000609239
