1 -0.48192 -0.48192 0
2 -0.49584 -0.48888 0.00696
3 -0.48224 -0.486667 0.0045876
4 -0.48 -0.485 0.00364703
5 -0.48832 -0.485664 0.00290196
6 -0.48256 -0.485147 0.00242526
7 -0.47824 -0.48416 0.00227483
8 -0.48432 -0.48418 0.00197016
9 -0.4896 -0.484782 0.00183893
10 -0.48176 -0.48448 0.00167232
11 -0.48368 -0.484407 0.00151442
12 -0.48736 -0.484653 0.0014042
13 -0.47312 -0.483766 0.001567
14 -0.49008 -0.484217 0.00151925
15 -0.48336 -0.48416 0.0014155
16 -0.48992 -0.48452 0.00137214
17 -0.49248 -0.484988 0.00137132
18 -0.48592 -0.48504 0.00129393
19 -0.48 -0.484775 0.00125235
20 -0.48816 -0.484944 0.00120008
21 -0.47808 -0.484617 0.00118738
22 -0.48464 -0.484618 0.00113212
23 -0.48368 -0.484577 0.00108255
24 -0.48816 -0.484727 0.00104715
25 -0.47808 -0.484461 0.00103899
26 -0.4824 -0.484382 0.00100137
27 -0.47632 -0.484083 0.00100877
28 -0.47984 -0.483931 0.000983812
29 -0.48368 -0.483923 0.000949321
30 -0.47776 -0.483717 0.000939856
31 -0.47968 -0.483587 0.000918314
32 -0.47696 -0.48338 0.000912953
33 -0.48128 -0.483316 0.000887141
34 -0.48496 -0.483365 0.00086201
35 -0.48672 -0.483461 0.000842491
36 -0.4808 -0.483387 0.000822083
37 -0.48144 -0.483334 0.000801285
38 -0.47136 -0.483019 0.000841164
39 -0.48672 -0.483114 0.000824789
40 -0.48448 -0.483148 0.00080463
41 -0.48592 -0.483216 0.000787667
42 -0.48768 -0.483322 0.000775999
43 -0.48656 -0.483397 0.00076147
44 -0.47536 -0.483215 0.000766059
45 -0.48336 -0.483218 0.000748849
46 -0.48128 -0.483176 0.000733599
47 -0.48304 -0.483173 0.000717827
48 -0.47712 -0.483047 0.000713938
49 -0.4744 -0.48287 0.000721139
50 -0.48496 -0.482912 0.000707804
