1 0.02272 0.02272 0
2 0.0172 0.01996 0.00276
3 0.00712 0.01568 0.00456701
4 0.01048 0.01438 0.00348121
5 0.00472 0.012448 0.00331721
6 0.00512 0.0112267 0.00297113
7 0.01816 0.0122171 0.00269935
8 -0.01032 0.0094 0.00366076
9 -0.00928 0.00732444 0.0038381
10 0.0288 0.009472 0.0040493
11 -0.0212 0.00668364 0.00460332
12 -0.0008 0.00606 0.00424826
13 -0.01336 0.00456615 0.00418363
14 0.01272 0.00514857 0.00391683
15 0.00448 0.005104 0.00364664
16 0.0088 0.005335 0.00341893
17 0.00208 0.00514353 0.00321723
18 0.01344 0.00560444 0.00306805
19 -0.00464 0.00506526 0.00295175
20 0.0088 0.005252 0.0028065
21 -0.01568 0.00425524 0.00284953
22 -0.01344 0.00345091 0.00283348
23 -0.01456 0.00266783 0.00281845
24 0.00992 0.00297 0.00271533
25 0.0056 0.0030752 0.00260658
26 0.02048 0.00374462 0.00259224
27 -0.0024 0.00351704 0.00250475
28 -0.0056 0.00319143 0.0024355
29 -0.01184 0.0026731 0.0024065
30 0.01176 0.002976 0.00234455
31 -0.03016 0.0019071 0.00250695
32 -0.01104 0.0015025 0.00246084
33 0.01552 0.00192727 0.00242263
34 0.02304 0.00254824 0.00243094
35 0.02368 0.003152 0.00243646
36 -0.008 0.00284222 0.00238799
37 0.01936 0.00328865 0.00236507
38 0.00248 0.00326737 0.00230209
39 -0.00736 0.00299487 0.00225878
40 0.01504 0.003296 0.00222208
41 -0.0132 0.00289366 0.00220424
42 0.0464 0.00392952 0.00238754
43 0.00568 0.00397023 0.00233171
44 -0.02736 0.00325818 0.00238678
45 -0.00784 0.00301156 0.00234614
46 0.01792 0.00333565 0.00231735
47 -0.01864 0.00286809 0.00231521
48 0.01952 0.003215 0.00229286
49 0.00488 0.00324898 0.00224584
50 -0.01232 0.0029376 0.00222238
