1 1.91736 1.91736 0
2 1.72687 1.82212 0.0952471
3 1.83539 1.82654 0.0551685
4 1.84122 1.83021 0.0391824
5 2.04941 1.87405 0.0533207
6 1.87896 1.87487 0.0435439
7 2.1392 1.91263 0.0527281
8 1.8752 1.90795 0.045903
9 1.85318 1.90187 0.0409376
10 1.91699 1.90338 0.0366469
11 1.89252 1.90239 0.0331631
12 1.96376 1.90751 0.0307026
13 1.82645 1.90127 0.0289224
14 2.09976 1.91545 0.0302989
15 2.04734 1.92424 0.0295455
16 2.06409 1.93298 0.0289865
17 1.70438 1.91953 0.0303678
18 1.86522 1.91652 0.0287896
19 1.79473 1.91011 0.0279764
20 2.05346 1.91728 0.0274916
21 1.81393 1.91235 0.0266087
22 1.86108 1.91002 0.0254773
23 1.82005 1.90611 0.0246567
24 1.97732 1.90908 0.0237927
25 1.73544 1.90213 0.0238547
26 1.99878 1.90585 0.0232183
27 2.01534 1.90991 0.0227069
28 1.82645 1.90692 0.022083
29 1.91548 1.90722 0.02131
30 1.87134 1.90602 0.0206221
31 2.07144 1.91136 0.0206472
32 1.95238 1.91264 0.0200326
33 1.91718 1.91278 0.0194165
34 1.76452 1.90842 0.0193349
35 1.99445 1.91088 0.0189346
36 1.856 1.90935 0.0184642
37 1.87605 1.90845 0.0179807
38 1.87699 1.90762 0.0175207
39 1.8928 1.90724 0.0170698
40 1.76414 1.90367 0.0170179
41 1.75285 1.89999 0.0170004
42 1.92565 1.9006 0.0166019
43 1.69685 1.89586 0.0168895
44 1.86042 1.89505 0.0165208
45 2.01638 1.89775 0.016373
46 1.97666 1.89947 0.0161048
47 1.81704 1.89771 0.0158557
48 1.98089 1.89945 0.0156183
49 1.79934 1.8974 0.015432
50 1.87906 1.89704 0.0151247
