1 0.0012 0.0012 0
2 -0.01136 -0.00508 0.00628
3 0.00384 -0.00210667 0.00468901
4 0.0028 -0.00088 0.00353527
5 -0.00656 -0.002016 0.00296469
6 0.0032 -0.00114667 0.00257203
7 -0.00112 -0.00114286 0.00217376
8 0.00632 -0.00021 0.00210099
9 0.02128 0.00217778 0.00302237
10 -0.00912 0.001048 0.00292988
11 -0.00504 0.000494545 0.00270735
12 -0.00584 -3.33333e-05 0.0025272
13 -0.00496 -0.000412308 0.00235538
14 -0.00928 -0.00104571 0.00227078
15 -0.008 -0.00150933 0.00216423
16 0.01264 -0.000625 0.00220917
17 0.01488 0.000287059 0.00226674
18 0.01352 0.00102222 0.00226002
19 -0.00856 0.000517895 0.00219645
20 -0.00152 0.000416 0.00208622
21 0.0088 0.000815238 0.00202416
22 0.01224 0.00133455 0.0019986
23 -0.0028 0.00115478 0.00191817
24 0.00976 0.00151333 0.00187118
25 0.00864 0.0017984 0.00181727
26 -0.00312 0.00160923 0.0017562
27 -0.00704 0.00128889 0.00172
28 -0.00592 0.00103143 0.00167731
29 -0.008 0.00072 0.00164813
30 -0.01008 0.00036 0.00163243
31 0.00096 0.000379355 0.00157901
32 -0.00728 0.00014 0.0015475
33 0.00672 0.000339394 0.00151307
34 -0.00144 0.000287059 0.00146882
35 0.0116 0.000610286 0.00146241
36 -0.00088 0.000568889 0.00142181
37 0.00528 0.000696216 0.0013887
38 0.00648 0.000848421 0.0013602
39 0.00256 0.000892308 0.00132559
40 0.00048 0.000882 0.00129207
41 -0.00672 0.000696585 0.00127373
42 -0.00264 0.000617143 0.00124557
43 -0.01224 0.00031814 0.00125247
44 0.00504 0.000425455 0.00122837
45 -0.0084 0.000229333 0.00121667
46 -0.0008 0.000206957 0.00119014
47 0.0076 0.000364255 0.00117512
48 -0.00224 0.00031 0.00115165
49 -0.00088 0.000285714 0.00112817
50 0.01744 0.0006288 0.00115739
