1 -0.85088 -0.85088 0
2 -0.8464 -0.84864 0.00224
3 -0.85216 -0.849813 0.00174621
4 -0.84752 -0.84924 0.00136137
5 -0.84592 -0.848576 0.00124615
6 -0.85248 -0.849227 0.00120774
7 -0.852 -0.849623 0.00109492
8 -0.8536 -0.85012 0.00107065
9 -0.85072 -0.850187 0.000946573
10 -0.84944 -0.850112 0.000849927
11 -0.84304 -0.849469 0.00100218
12 -0.85168 -0.849653 0.000933229
13 -0.85072 -0.849735 0.000862359
14 -0.85296 -0.849966 0.000830949
15 -0.85392 -0.850229 0.000817256
16 -0.84736 -0.85005 0.000785226
17 -0.84752 -0.849901 0.000752456
18 -0.84608 -0.849689 0.000740504
19 -0.84352 -0.849364 0.000772037
20 -0.84928 -0.84936 0.000732431
21 -0.84928 -0.849356 0.000696691
22 -0.85088 -0.849425 0.00066787
23 -0.84944 -0.849426 0.000638172
24 -0.85168 -0.84952 0.000618179
25 -0.84992 -0.849536 0.000593152
26 -0.84912 -0.84952 0.000570107
27 -0.84912 -0.849505 0.000548785
28 -0.84592 -0.849377 0.000544103
29 -0.85248 -0.849484 0.000535798
30 -0.8504 -0.849515 0.000518529
31 -0.84928 -0.849507 0.000501581
32 -0.85152 -0.84957 0.00048971
33 -0.84832 -0.849532 0.000476148
34 -0.84656 -0.849445 0.00047013
35 -0.84912 -0.849435 0.000456594
36 -0.84704 -0.849369 0.000448691
37 -0.85184 -0.849436 0.000441477
38 -0.84832 -0.849406 0.000430704
39 -0.84864 -0.849387 0.000419975
40 -0.84784 -0.849348 0.000411163
41 -0.84752 -0.849303 0.00040348
42 -0.85264 -0.849383 0.00040169
43 -0.84944 -0.849384 0.00039224
44 -0.84864 -0.849367 0.000383594
45 -0.84816 -0.84934 0.000375932
46 -0.84912 -0.849336 0.0003677
47 -0.84256 -0.849191 0.000387599
48 -0.85056 -0.84922 0.000380507
49 -0.8504 -0.849244 0.000373438
50 -0.848 -0.849219 0.000366738
