1 0.441451 0.441451 0
2 0.43599 0.438721 0.00273067
3 0.462145 0.446529 0.00796557
4 0.420731 0.440079 0.00856269
5 0.439694 0.440002 0.00663308
6 0.417495 0.436251 0.00658815
7 0.439642 0.436736 0.00558903
8 0.458984 0.439517 0.00558233
9 0.429031 0.438352 0.00505914
10 0.450528 0.439569 0.00468601
11 0.461146 0.441531 0.00467053
12 0.453928 0.442564 0.00438696
13 0.415761 0.440502 0.00453159
14 0.433677 0.440015 0.00422367
15 0.435699 0.439727 0.00394253
16 0.371838 0.435484 0.00562173
17 0.479447 0.43807 0.00587992
18 0.443392 0.438366 0.00555152
19 0.43724 0.438306 0.00525155
20 0.464749 0.439628 0.00515451
21 0.386811 0.437113 0.00551038
22 0.422702 0.436458 0.00529462
23 0.462473 0.437589 0.00518409
24 0.436173 0.43753 0.00496374
25 0.449579 0.438012 0.00478538
26 0.40609 0.436785 0.00475875
27 0.451755 0.437339 0.00461256
28 0.423599 0.436848 0.00447178
29 0.466506 0.437871 0.00443436
30 0.444699 0.438099 0.00429004
31 0.434795 0.437992 0.00415072
32 0.387557 0.436416 0.00431691
33 0.456717 0.437031 0.00422903
34 0.40204 0.436002 0.00422987
35 0.425649 0.435706 0.00411788
36 0.438479 0.435783 0.0040026
37 0.445939 0.436058 0.00390259
38 0.437695 0.436101 0.00379874
39 0.390409 0.434929 0.00388111
40 0.460893 0.435578 0.00383812
41 0.420439 0.435209 0.00376151
42 0.482253 0.436329 0.00383794
43 0.471437 0.437146 0.00383553
44 0.438872 0.437185 0.00374755
45 0.472587 0.437972 0.00374685
46 0.434783 0.437902 0.00366515
47 0.450704 0.438175 0.00359665
48 0.422133 0.43784 0.00353674
49 0.43056 0.437692 0.003467
50 0.484245 0.438623 0.00352223
