1 0.1968 0.1968 0
2 0.209335 0.203067 0.00626736
3 0.201172 0.202436 0.00367318
4 0.191071 0.199594 0.00384952
5 0.191214 0.197918 0.00342061
6 0.209478 0.199845 0.00339296
7 0.18152 0.197227 0.00388278
8 0.193514 0.196763 0.00339447
9 0.190918 0.196114 0.00306327
10 0.215506 0.198053 0.00335671
11 0.195924 0.197859 0.00304242
12 0.203178 0.198303 0.00281248
13 0.205674 0.19887 0.00264852
14 0.197405 0.198765 0.00245428
15 0.205075 0.199186 0.00232321
16 0.212748 0.200033 0.00233262
17 0.191658 0.199541 0.00224582
18 0.179231 0.198412 0.00239925
19 0.182086 0.197553 0.00242669
20 0.186964 0.197024 0.00236225
21 0.194632 0.19691 0.00224983
22 0.187244 0.19647 0.00218967
23 0.186909 0.196055 0.00213319
24 0.186988 0.195677 0.00207702
25 0.187968 0.195368 0.00201593
26 0.177345 0.194675 0.00205715
27 0.192033 0.194577 0.00198191
28 0.222111 0.195561 0.00214811
29 0.197072 0.195613 0.00207336
30 0.177088 0.194995 0.00209608
31 0.197272 0.195069 0.00202867
32 0.19068 0.194932 0.00196903
33 0.190272 0.19479 0.00191365
34 0.203283 0.19504 0.00187324
35 0.189559 0.194884 0.00182566
36 0.184595 0.194598 0.00179709
37 0.216033 0.195177 0.00184136
38 0.181691 0.194822 0.00182705
39 0.177688 0.194383 0.00183301
40 0.19738 0.194458 0.00178817
41 0.225952 0.195226 0.00190568
42 0.195882 0.195242 0.00185982
43 0.179897 0.194885 0.00185078
44 0.191658 0.194811 0.00180972
45 0.174199 0.194353 0.00182739
46 0.192326 0.194309 0.00178776
47 0.184096 0.194092 0.00176276
48 0.180115 0.193801 0.00175004
49 0.218118 0.194297 0.00178435
50 0.205448 0.19452 0.00176247
