1 0.969664 0.969664 0
2 0.889856 0.92976 0.039904
3 0.808576 0.889365 0.0465027
4 0.949568 0.904416 0.0361632
5 0.885952 0.900723 0.0282542
6 0.816064 0.886613 0.0270424
7 0.887296 0.886711 0.0228552
8 0.818752 0.878216 0.0215391
9 0.87776 0.878165 0.0189958
10 0.950976 0.885446 0.0184847
11 0.843712 0.881652 0.0171451
12 0.961984 0.888347 0.0170228
13 0.888832 0.888384 0.0156588
14 0.895552 0.888896 0.0145062
15 0.847488 0.886135 0.0137838
16 0.918016 0.888128 0.0130466
17 0.844288 0.885549 0.0125236
18 0.950528 0.889159 0.0123469
19 1.05242 0.897752 0.0144993
20 0.8064 0.893184 0.0144937
21 0.891072 0.893083 0.0137867
22 0.996416 0.89778 0.013959
23 0.860416 0.896156 0.0134369
24 0.902528 0.896421 0.0128676
25 1.03802 0.902085 0.0135796
26 0.905152 0.902203 0.0130474
27 0.813184 0.898906 0.0129806
28 0.920576 0.89968 0.0125323
29 0.870912 0.898688 0.0121331
30 0.81536 0.89591 0.0120463
31 0.891328 0.895763 0.0116521
32 0.916288 0.896404 0.0113003
33 0.808832 0.89375 0.0112695
34 0.878912 0.893314 0.0109417
35 0.864256 0.892484 0.0106569
36 0.797248 0.889838 0.0106891
37 0.908544 0.890344 0.0104085
38 1.03667 0.894195 0.0108381
39 0.836288 0.89271 0.0106604
40 0.855488 0.891779 0.0104321
41 0.886208 0.891643 0.0101753
42 0.837952 0.890365 0.0100121
43 0.954432 0.891855 0.00988934
44 0.892672 0.891873 0.00966199
45 0.829184 0.89048 0.00954702
46 0.926848 0.891271 0.00937058
47 0.908672 0.891641 0.00917651
48 0.997248 0.893841 0.0092488
49 0.811712 0.892165 0.00921185
50 0.895872 0.892239 0.00902604
