1 -0.23248 -0.23248 0
2 -0.22208 -0.22728 0.0052
3 -0.22784 -0.227467 0.00300802
4 -0.23328 -0.22892 0.0025761
5 -0.23296 -0.229728 0.00215282
6 -0.22352 -0.228693 0.00203968
7 -0.22288 -0.227863 0.00191346
8 -0.22768 -0.22784 0.00165726
9 -0.22464 -0.227484 0.00150419
10 -0.2272 -0.227456 0.00134569
11 -0.22688 -0.227404 0.00121835
12 -0.23584 -0.228107 0.00131576
13 -0.2248 -0.227852 0.00123676
14 -0.22576 -0.227703 0.00115473
15 -0.23312 -0.228064 0.00113404
16 -0.23376 -0.22842 0.00111894
17 -0.22896 -0.228452 0.00105154
18 -0.21824 -0.227884 0.00114225
19 -0.22704 -0.22784 0.00108137
20 -0.21888 -0.227392 0.00111943
21 -0.22016 -0.227048 0.0011191
22 -0.22864 -0.22712 0.00106947
23 -0.23952 -0.227659 0.00115541
24 -0.21648 -0.227193 0.00120029
25 -0.2296 -0.22729 0.00115529
26 -0.22416 -0.227169 0.00111648
27 -0.23392 -0.227419 0.00110304
28 -0.23184 -0.227577 0.00107458
29 -0.2304 -0.227674 0.00104142
30 -0.21648 -0.227301 0.00107308
31 -0.23968 -0.227701 0.00111205
32 -0.22944 -0.227755 0.00107811
33 -0.23184 -0.227879 0.00105224
34 -0.21824 -0.227595 0.00105945
35 -0.22832 -0.227616 0.00102895
36 -0.2376 -0.227893 0.0010377
37 -0.224 -0.227788 0.00101474
38 -0.23376 -0.227945 0.0010001
39 -0.22768 -0.227938 0.00097414
40 -0.23536 -0.228124 0.000967433
41 -0.2248 -0.228043 0.000947018
42 -0.21984 -0.227848 0.000944607
43 -0.22224 -0.227717 0.000931551
44 -0.22288 -0.227607 0.000916749
45 -0.24 -0.227883 0.000937506
46 -0.2248 -0.227816 0.000919345
47 -0.2264 -0.227786 0.000900076
48 -0.224 -0.227707 0.000884647
49 -0.22208 -0.227592 0.000873981
50 -0.23648 -0.22777 0.00087458
