1 1.60844 1.60844 0
2 1.59271 1.60058 0.00786667
3 1.72916 1.64344 0.0430992
4 1.73529 1.6664 0.0381585
5 1.55698 1.64452 0.0367773
6 1.61324 1.6393 0.0304775
7 1.67244 1.64404 0.0261897
8 1.59253 1.6376 0.023577
9 1.72622 1.64745 0.0230067
10 1.70071 1.65277 0.021256
11 1.62418 1.65017 0.0194017
12 1.8632 1.66793 0.0250765
13 1.51902 1.65647 0.0257543
14 1.71956 1.66098 0.0242659
15 1.664 1.66118 0.0225912
16 1.86089 1.67366 0.0245431
17 1.59458 1.66901 0.0235189
18 1.60249 1.66531 0.0224797
19 1.63333 1.66363 0.0213301
20 1.78622 1.66976 0.0211435
21 1.65404 1.66901 0.0201254
22 1.60533 1.66612 0.0194059
23 1.72116 1.66851 0.0186968
24 1.61938 1.66646 0.0180175
25 1.69733 1.6677 0.0173258
26 1.70444 1.66911 0.016706
27 1.82756 1.67498 0.017113
28 1.68409 1.6753 0.0164937
29 1.70729 1.67641 0.015953
30 1.68053 1.67655 0.0154126
31 1.62276 1.67481 0.0150078
32 1.62782 1.67334 0.0146052
33 1.62782 1.67196 0.0142228
34 1.66178 1.67166 0.0138014
35 1.7352 1.67348 0.0135237
36 1.62427 1.67211 0.0132135
37 1.81022 1.67584 0.0133826
38 1.58578 1.67347 0.0132395
39 1.63511 1.67249 0.012933
40 1.65707 1.6721 0.0126115
41 1.62844 1.67104 0.012346
42 1.60871 1.66956 0.0121395
43 1.8352 1.67341 0.0124641
44 1.63298 1.67249 0.0122121
45 1.56444 1.67009 0.0121767
46 1.61627 1.66892 0.0119664
47 1.65493 1.66862 0.0117128
48 1.67236 1.6687 0.0114665
49 1.7848 1.67107 0.0114773
50 1.62587 1.67016 0.0112817
