1 0.0506 0.0506 0
2 0.0501031 0.0503516 0.000248417
3 0.0535362 0.0514131 0.0010712
4 0.0554721 0.0524279 0.00126627
5 0.0530007 0.0525424 0.000987518
6 0.0552736 0.0529976 0.00092592
7 0.0521474 0.0528762 0.000791916
8 0.0511636 0.0526621 0.00071845
9 0.0545421 0.052871 0.000667161
10 0.053146 0.0528985 0.00059736
11 0.0529935 0.0529071 0.000540402
12 0.0494298 0.0526173 0.000572131
13 0.0493664 0.0523673 0.000582675
14 0.051844 0.0523299 0.000540746
15 0.0566904 0.0526206 0.000581312
16 0.0513593 0.0525418 0.000549452
17 0.0551139 0.0526931 0.000537841
18 0.0546659 0.0528027 0.00051879
19 0.0465104 0.0524715 0.000592021
20 0.0554713 0.0526215 0.000581324
21 0.0499736 0.0524954 0.000567143
22 0.0593978 0.0528091 0.000625177
23 0.055385 0.0529211 0.000607785
24 0.0519909 0.0528824 0.000583199
25 0.0532186 0.0528958 0.000559547
26 0.0541025 0.0529422 0.000539595
27 0.050823 0.0528638 0.000525124
28 0.0512163 0.0528049 0.000509432
29 0.0589569 0.053017 0.000535374
30 0.0522902 0.0529928 0.000517788
31 0.0526422 0.0529815 0.000500934
32 0.0551105 0.053048 0.000489569
33 0.056237 0.0531447 0.000484242
34 0.0517714 0.0531043 0.000471517
35 0.0539553 0.0531286 0.000458492
36 0.0485851 0.0530024 0.000463103
37 0.0496237 0.0529111 0.000459576
38 0.0539965 0.0529396 0.00044823
39 0.0509007 0.0528874 0.000439705
40 0.053416 0.0529006 0.000428775
41 0.0521575 0.0528825 0.000418579
42 0.0574313 0.0529908 0.000422605
43 0.0546304 0.0530289 0.000414418
44 0.0543564 0.0530591 0.000406012
45 0.0481913 0.0529509 0.000411365
46 0.0511637 0.052912 0.000404194
47 0.0572763 0.0530049 0.000406255
48 0.0507312 0.0529575 0.000400512
49 0.0545996 0.052991 0.000393683
50 0.0546815 0.0530248 0.000387207
