1 -0.52448 -0.52448 0
2 -0.524 -0.52424 0.00024
3 -0.5328 -0.527093 0.0028567
4 -0.53632 -0.5294 0.00306612
5 -0.5328 -0.53008 0.00247043
6 -0.53008 -0.53008 0.0020171
7 -0.52944 -0.529989 0.00170721
8 -0.53728 -0.5309 0.00173684
9 -0.52816 -0.530596 0.00156171
10 -0.52576 -0.530112 0.00147817
11 -0.52944 -0.530051 0.00133845
12 -0.53136 -0.53016 0.00122669
13 -0.5344 -0.530486 0.00117458
14 -0.52336 -0.529977 0.00120069
15 -0.53232 -0.530133 0.00112864
16 -0.53808 -0.53063 0.00116674
17 -0.51792 -0.529882 0.00132669
18 -0.52272 -0.529484 0.00131258
19 -0.52752 -0.529381 0.00124587
20 -0.53488 -0.529656 0.0012135
21 -0.52848 -0.5296 0.00115562
22 -0.52336 -0.529316 0.00113777
23 -0.5232 -0.52905 0.00111922
24 -0.52624 -0.528933 0.00107795
25 -0.52048 -0.528595 0.00108782
26 -0.52432 -0.528431 0.001058
27 -0.5264 -0.528356 0.00102084
28 -0.52128 -0.528103 0.00101564
29 -0.5224 -0.527906 0.000999531
30 -0.532 -0.528043 0.000975233
31 -0.51856 -0.527737 0.00099161
32 -0.52816 -0.52775 0.000960213
33 -0.54096 -0.52815 0.0010131
34 -0.52528 -0.528066 0.000986471
35 -0.52144 -0.527877 0.0009764
36 -0.52912 -0.527911 0.000949518
37 -0.52464 -0.527823 0.000927721
38 -0.5288 -0.527848 0.000903344
39 -0.52576 -0.527795 0.000881504
40 -0.51648 -0.527512 0.000904552
41 -0.532 -0.527621 0.000888979
42 -0.52432 -0.527543 0.000871108
43 -0.53072 -0.527617 0.000853812
44 -0.53472 -0.527778 0.000849659
45 -0.52128 -0.527634 0.000843023
46 -0.53552 -0.527805 0.000842128
47 -0.5304 -0.52786 0.000825863
48 -0.5344 -0.527997 0.000819874
49 -0.52304 -0.527896 0.000809314
50 -0.52048 -0.527747 0.000806713
