1 2.46667 2.46667 0
2 2.21483 2.34075 0.12592
3 2.38368 2.35506 0.0740951
4 2.37941 2.36115 0.0527458
5 2.71072 2.43106 0.0809774
6 2.52555 2.44681 0.0679672
7 2.39296 2.43912 0.0579556
8 2.54571 2.45244 0.0519294
9 2.67563 2.47724 0.0520804
10 2.65941 2.49546 0.0500177
11 2.56373 2.50166 0.0456665
12 2.46827 2.49888 0.0417804
13 2.47296 2.49689 0.0384841
14 2.49771 2.49694 0.0356294
15 2.3824 2.48931 0.0340368
16 2.38507 2.48279 0.0324983
17 2.42944 2.47965 0.0306878
18 2.58965 2.48577 0.029571
19 2.40416 2.48147 0.0282992
20 2.52149 2.48347 0.0269215
21 2.54293 2.4863 0.0257635
22 2.45024 2.48466 0.0246192
23 2.58208 2.4889 0.0239027
24 2.46144 2.48776 0.0229137
25 2.63691 2.49372 0.0227734
26 2.67893 2.50085 0.0230104
27 2.57184 2.50347 0.0222973
28 2.7664 2.51286 0.0234485
29 2.70848 2.51961 0.0236096
30 2.50272 2.51905 0.022816
31 2.50603 2.51863 0.0220717
32 2.53899 2.51926 0.0213803
33 2.28149 2.51206 0.0219392
34 2.32064 2.50643 0.0220162
35 2.56971 2.50824 0.0214542
36 2.5248 2.5087 0.0208548
37 2.40565 2.50591 0.0204736
38 2.32501 2.50115 0.0204883
39 2.33557 2.49691 0.0204027
40 2.85547 2.50587 0.021813
41 2.40779 2.50348 0.0214084
42 2.89696 2.51285 0.0228969
43 2.32693 2.50852 0.0227723
44 2.68107 2.51244 0.0225917
45 2.72064 2.51707 0.0225633
46 2.65451 2.52006 0.0222687
47 2.35627 2.51657 0.0220667
48 2.81376 2.52276 0.0224718
49 2.49525 2.5222 0.0220156
50 2.69045 2.52557 0.0218317
