1 0.290154 0.290154 0
2 0.306219 0.298186 0.00803243
3 0.309603 0.301992 0.00599909
4 0.269697 0.293918 0.00912036
5 0.280567 0.291248 0.0075524
6 0.287924 0.290694 0.00619134
7 0.321124 0.295041 0.00680278
8 0.277396 0.292835 0.0062907
9 0.291755 0.292715 0.00554917
10 0.311339 0.294578 0.00530124
11 0.322219 0.297091 0.00541366
12 0.278216 0.295518 0.00518624
13 0.307252 0.29642 0.00485529
14 0.311694 0.297511 0.00462563
15 0.28243 0.296506 0.00442204
16 0.307712 0.297206 0.00419531
17 0.263038 0.295196 0.00442377
18 0.287928 0.294793 0.00419027
19 0.294493 0.294777 0.00396363
20 0.274844 0.29378 0.00389007
21 0.294145 0.293797 0.00370023
22 0.302226 0.294181 0.00354877
23 0.28877 0.293945 0.00339912
24 0.311284 0.294668 0.00333363
25 0.270756 0.293711 0.00333749
26 0.274802 0.292984 0.003288
27 0.264178 0.291917 0.00333892
28 0.308098 0.292495 0.00326895
29 0.274871 0.291887 0.00321223
30 0.284569 0.291643 0.00311288
31 0.281811 0.291326 0.00302745
32 0.325411 0.292391 0.00311884
33 0.268344 0.291663 0.00310944
34 0.286094 0.291499 0.00302104
35 0.260471 0.290612 0.00306449
36 0.299164 0.29085 0.0029876
37 0.274124 0.290398 0.00294069
38 0.283942 0.290228 0.0028673
39 0.323476 0.291081 0.00292003
40 0.286376 0.290963 0.00284852
41 0.293507 0.291025 0.00277887
42 0.294459 0.291107 0.00271313
43 0.295297 0.291204 0.00265108
44 0.302045 0.291451 0.00260182
45 0.294209 0.291512 0.00254408
46 0.298823 0.291671 0.00249323
47 0.283566 0.291498 0.00244569
48 0.296218 0.291597 0.00239622
49 0.289906 0.291562 0.00234706
50 0.287516 0.291481 0.00230106
