1 -0.00256 -0.00256 0
2 -0.00536 -0.00396 0.0014
3 -0.01136 -0.00642667 0.00259572
4 -0.00936 -0.00716 0.00197653
5 0.01408 -0.002912 0.00451547
6 0.00552 -0.00150667 0.00394563
7 0.0032 -0.000834286 0.00340177
8 -0.00168 -0.00094 0.00294792
9 -0.01712 -0.00273778 0.00316087
10 -0.00632 -0.003096 0.00284977
11 -0.00528 -0.00329455 0.00258535
12 -0.01136 -0.00396667 0.00245393
13 0.00448 -0.00331692 0.00234894
14 -0.00656 -0.00354857 0.002187
15 0.01424 -0.00236267 0.00235618
16 0.00408 -0.00196 0.00224049
17 -0.0124 -0.00257412 0.00219234
18 -0.00696 -0.00281778 0.00208127
19 0.00888 -0.00220211 0.00206271
20 -0.00872 -0.002528 0.00198381
21 0.01456 -0.00171429 0.00205495
22 -0.01064 -0.00212 0.00200088
23 0.00216 -0.00193391 0.00192095
24 0.00792 -0.00152333 0.00188444
25 -0.00208 -0.0015456 0.00180763
26 0.00504 -0.00129231 0.00175509
27 0.00192 -0.00117333 0.00169302
28 0.00448 -0.000971429 0.00164388
29 -0.0068 -0.00117241 0.00159886
30 -0.00616 -0.00133867 0.00155357
31 0.00528 -0.00112516 0.00151771
32 0.02832 -0.000205 0.00173383
33 0.00176 -0.000145455 0.00168153
34 0.0092 0.000129412 0.00165432
35 -0.0104 -0.000171429 0.00163428
36 -0.00232 -0.000231111 0.00158936
37 -0.00104 -0.000252973 0.00154596
38 0.00656 -7.36842e-05 0.00151537
39 0.0076 0.000123077 0.00148906
40 0.00424 0.000226 0.001455
41 0.00408 0.00032 0.00142218
42 0.00856 0.00051619 0.0014017
43 0.01192 0.000781395 0.00139417
44 -0.00376 0.000678182 0.00136602
45 0.00192 0.000705778 0.00133561
46 0.00648 0.000831304 0.00131227
47 0.0124 0.00107745 0.00130742
48 -0.00536 0.000943333 0.0012869
49 0.01488 0.00122776 0.00129206
50 0.01272 0.0014576 0.00128665
