1 0.150746 0.150746 0
2 0.150918 0.150832 8.61111e-05
3 0.143195 0.148286 0.002546
4 0.149654 0.148628 0.00183249
5 0.137275 0.146358 0.00267788
6 0.143738 0.145921 0.00222966
7 0.134276 0.144257 0.0025136
8 0.144308 0.144264 0.00217685
9 0.151048 0.145018 0.00206249
10 0.151869 0.145703 0.00196788
11 0.131434 0.144405 0.00220253
12 0.138447 0.143909 0.00207104
13 0.144849 0.143981 0.00190645
14 0.132974 0.143195 0.00193221
15 0.16764 0.144825 0.00242723
16 0.162089 0.145904 0.00251382
17 0.142 0.145674 0.00237246
18 0.152591 0.146058 0.00226954
19 0.158721 0.146725 0.00224784
20 0.13295 0.146036 0.00224095
21 0.149453 0.146199 0.00213777
22 0.132973 0.145598 0.00212509
23 0.138767 0.145301 0.0020522
24 0.14468 0.145275 0.001965
25 0.14844 0.145401 0.00188901
26 0.132512 0.144906 0.00188139
27 0.145533 0.144929 0.00181052
28 0.1538 0.145246 0.00177319
29 0.135365 0.144905 0.00174455
30 0.157497 0.145325 0.00173687
31 0.151141 0.145512 0.00169036
32 0.156705 0.145862 0.00167364
33 0.137394 0.145605 0.0016423
34 0.137703 0.145373 0.00161012
35 0.159172 0.145767 0.00161239
36 0.145265 0.145753 0.00156702
37 0.147338 0.145796 0.00152468
38 0.146774 0.145822 0.00148424
39 0.139423 0.145658 0.00145496
40 0.13898 0.145491 0.00142792
41 0.144063 0.145456 0.00139309
42 0.137035 0.145256 0.00137422
43 0.15055 0.145379 0.00134752
44 0.150154 0.145487 0.001321
45 0.15322 0.145659 0.0013027
46 0.147217 0.145693 0.00127451
47 0.149389 0.145772 0.00124958
48 0.143089 0.145716 0.00122454
49 0.136564 0.145529 0.00121375
50 0.157133 0.145761 0.00121166
