1 24.3856 24.3856 0
2 24.1618 24.2737 0.111886
3 24.4665 24.338 0.0911208
4 23.4082 24.1055 0.241203
5 25.3394 24.3523 0.309526
6 22.8912 24.1088 0.35096
7 22.3474 23.8572 0.388967
8 22.2878 23.661 0.389816
9 29.0199 24.2564 0.687552
10 24.6238 24.2932 0.616061
11 26.9518 24.5349 0.607405
12 27.0363 24.7433 0.592372
13 28.9815 25.0693 0.634983
14 23.7193 24.9729 0.595737
15 24.3753 24.9331 0.55603
16 23.427 24.8389 0.528567
17 24.3797 24.8119 0.497237
18 23.5019 24.7391 0.474415
19 27.3577 24.877 0.469438
20 23.9989 24.8331 0.447507
21 27.3586 24.9533 0.442328
22 24.3822 24.9274 0.422541
23 25.275 24.9425 0.404035
24 27.6423 25.055 0.402859
25 24.4594 25.0311 0.387142
26 26.7986 25.0991 0.378115
27 24.9902 25.0951 0.363864
28 25.4142 25.1065 0.350813
29 24.2537 25.0771 0.339775
30 26.429 25.1221 0.331333
31 21.9294 25.0191 0.33661
32 23.1383 24.9604 0.331179
33 23.3941 24.9129 0.324476
34 27.1463 24.9786 0.321569
35 26.4293 25.02 0.314985
36 25.421 25.0312 0.306313
37 24.5134 25.0172 0.298248
38 24.4793 25.003 0.290638
39 24.4837 24.9897 0.283401
40 23.1778 24.9444 0.279914
41 26.7865 24.9893 0.276674
42 28.2514 25.067 0.280955
43 27.9467 25.134 0.282399
44 24.4814 25.1192 0.276305
45 22.7113 25.0656 0.275344
46 25.4135 25.0732 0.269398
47 26.1867 25.0969 0.264666
48 24.7874 25.0905 0.259174
49 23.9993 25.0682 0.254804
50 23.0891 25.0286 0.252775
