1 0.02416 0.02416 0
2 0.27616 0.15016 0.126
3 0.0228 0.107707 0.0842276
4 0.05248 0.0939 0.0611373
5 0.03552 0.082224 0.0487749
6 -0.00192 0.0682 0.0422216
7 0.00312 0.0589029 0.036875
8 0.25136 0.08296 0.0399822
9 0.11456 0.0864711 0.0354353
10 0.05336 0.08316 0.0318668
11 -0.04488 0.07152 0.0310861
12 0.10416 0.07424 0.0285077
13 -0.0724 0.06296 0.0285464
14 -0.12672 0.0494114 0.0296993
15 0.00488 0.0464427 0.0278075
16 0.03848 0.045945 0.0260163
17 0.08488 0.0482353 0.0245451
18 -0.03152 0.0438044 0.0235617
19 0.0516 0.0442147 0.0222909
20 0.0412 0.044064 0.0211476
21 -0.14728 0.0349524 0.0220828
22 -0.32344 0.0186618 0.0266214
23 -0.15952 0.0109148 0.0265912
24 0.01544 0.0111033 0.0254598
25 -0.132 0.0053792 0.0250821
26 0.20376 0.0130092 0.0252772
27 -0.10872 0.00850074 0.0247373
28 0.0756 0.0108971 0.0239576
29 -0.12304 0.00627862 0.0235736
30 0.074 0.008536 0.0228858
31 0.02248 0.00898581 0.0221398
32 -0.0192 0.008105 0.0214549
33 -0.15368 0.00320242 0.0213647
34 0.03016 0.00399529 0.020742
35 -0.02184 0.00325714 0.0201541
36 0.07824 0.00534 0.0196967
37 0.05864 0.00678054 0.0192111
38 0.20976 0.0121221 0.0194467
39 -0.00104 0.0117846 0.0189445
40 -0.02152 0.010952 0.0184836
41 -0.05296 0.00939317 0.0180944
42 0.1228 0.0120933 0.0178636
43 -0.218 0.00674233 0.0182455
44 -0.09896 0.00434 0.0179871
45 -0.03632 0.00343644 0.0176061
46 0.16968 0.00705043 0.0175943
47 -0.13936 0.00393532 0.0174954
48 -0.05952 0.00261333 0.017178
49 -0.03176 0.00191184 0.0168384
50 -0.0712 0.0004496 0.0165629
