1 0.811138 0.811138 0
2 0.900985 0.856062 0.0449231
3 0.78 0.830708 0.03627
4 0.807138 0.824815 0.0263149
5 0.802031 0.820258 0.0208866
6 0.8616 0.827149 0.0183932
7 0.855508 0.8312 0.0160643
8 0.832185 0.831323 0.0139127
9 0.774892 0.825053 0.013779
10 0.841231 0.826671 0.0124301
11 0.814708 0.825583 0.0112959
12 0.831446 0.826072 0.0103233
13 0.886277 0.830703 0.0105651
14 0.869785 0.833495 0.010172
15 0.857662 0.835106 0.00960567
16 0.955631 0.842638 0.0117251
17 0.818277 0.841205 0.0111067
18 0.812923 0.839634 0.0105887
19 0.883877 0.841963 0.010283
20 0.770954 0.838412 0.0103813
21 0.936246 0.843071 0.0109184
22 0.773415 0.839905 0.0108811
23 0.775323 0.837097 0.0107698
24 0.807077 0.835846 0.0103869
25 0.7888 0.833964 0.0101389
26 0.843508 0.834331 0.00974806
27 0.823262 0.833921 0.00938903
28 0.782462 0.832084 0.00923227
29 0.7888 0.830591 0.0090324
30 0.824615 0.830392 0.0087284
31 0.711877 0.826569 0.00926745
32 0.894215 0.828683 0.00921882
33 0.812185 0.828183 0.00894907
34 0.834215 0.82836 0.00868368
35 0.796554 0.827451 0.00848076
36 0.806031 0.826856 0.00826327
37 0.874892 0.828155 0.00814102
38 0.881231 0.829551 0.00804604
39 0.8624 0.830394 0.00788215
40 0.900185 0.832138 0.00787821
41 0.751015 0.83016 0.00793432
42 0.818215 0.829875 0.00774832
43 0.752369 0.828073 0.00777773
44 0.910215 0.82994 0.00782487
45 0.7616 0.828421 0.00779831
46 0.837415 0.828617 0.0076294
47 0.843262 0.828928 0.00747181
48 0.779138 0.827891 0.00738768
49 0.834585 0.828028 0.00723663
50 0.732677 0.826121 0.00734239
