1 0.125208 0.125208 0
2 0.126079 0.125644 0.000435503
3 0.128045 0.126444 0.000838884
4 0.130729 0.127515 0.00122444
5 0.115976 0.125207 0.00249511
6 0.13903 0.127511 0.00307531
7 0.124308 0.127053 0.0026391
8 0.121463 0.126355 0.00238998
9 0.127639 0.126497 0.00211259
10 0.1248 0.126328 0.00189716
11 0.128105 0.126489 0.00172364
12 0.124644 0.126335 0.00158096
13 0.138665 0.127284 0.00173621
14 0.126296 0.127213 0.00160896
15 0.129125 0.127341 0.00150327
16 0.139569 0.128105 0.00160046
17 0.123761 0.127849 0.00152494
18 0.115911 0.127186 0.00158333
19 0.12194 0.12691 0.00152292
20 0.115863 0.126358 0.00154675
21 0.115688 0.12585 0.0015565
22 0.119938 0.125581 0.0015082
23 0.112605 0.125017 0.00154763
24 0.119362 0.124781 0.00150036
25 0.115779 0.124421 0.00148346
26 0.127512 0.12454 0.00143021
27 0.119919 0.124369 0.00138682
28 0.127995 0.124498 0.00134264
29 0.130048 0.12469 0.00130957
30 0.135 0.125033 0.00131102
31 0.121066 0.124905 0.00127446
32 0.126348 0.12495 0.00123482
33 0.137333 0.125326 0.00125426
34 0.128492 0.125419 0.00122037
35 0.128016 0.125493 0.00118731
36 0.128921 0.125588 0.00115778
37 0.118248 0.12539 0.00114339
38 0.12579 0.1254 0.00111295
39 0.133581 0.12561 0.00110414
40 0.130698 0.125737 0.00108368
41 0.121557 0.125635 0.00106182
42 0.124983 0.12562 0.00103635
43 0.132642 0.125783 0.00102505
44 0.123587 0.125733 0.00100273
45 0.140289 0.126057 0.00103218
46 0.144076 0.126448 0.00108283
47 0.124853 0.126415 0.00106008
48 0.137304 0.126641 0.00106227
49 0.136161 0.126836 0.00105835
50 0.123886 0.126777 0.00103865
