1 0.00472 0.00472 0
2 -0.00872 -0.002 0.00672
3 -0.00536 -0.00312 0.00403822
4 -0.00288 -0.00306 0.00285608
5 0.00456 -0.001536 0.00268643
6 0.00816 8e-05 0.00272447
7 -0.0032 -0.000388571 0.00234979
8 0.00152 -0.00015 0.00204891
9 0.00544 0.000471111 0.00191074
10 0.00712 0.001136 0.0018338
11 0.00984 0.00192727 0.0018378
12 -0.00904 0.00101333 0.00191046
13 -0.01064 0.000116923 0.00197279
14 0.00408 0.0004 0.00184826
15 0.00536 0.000730667 0.00175212
16 -0.00792 0.00019 0.00172583
17 0.00952 0.000738824 0.00171152
18 -0.00632 0.000346667 0.0016606
19 0.01296 0.00101053 0.0017053
20 0.00288 0.001104 0.00162049
21 -0.00928 0.000609524 0.00161876
22 0.00368 0.000749091 0.00154973
23 -0.0104 0.000264348 0.00155814
24 -0.0044 7e-05 0.00150441
25 0.0128 0.0005792 0.00153019
26 -0.01224 8.61538e-05 0.00155063
27 0.0012 0.000127407 0.00149266
28 0.00096 0.000157143 0.00143867
29 0.00272 0.000245517 0.00139099
30 -0.00392 0.000106667 0.00135098
31 -0.00136 5.93548e-05 0.00130753
32 -0.00848 -0.0002075 0.00129383
33 0.00792 3.87879e-05 0.00127796
34 0.00424 0.000162353 0.00124595
35 -0.0064 -2.51429e-05 0.00122427
36 0.00512 0.000117778 0.00119833
37 0.00376 0.000216216 0.00116964
38 -0.00112 0.000181053 0.00113899
39 0.00088 0.000198974 0.00110954
40 -0.0048 7.4e-05 0.00108865
41 0.01496 0.000437073 0.00112212
42 0.00736 0.000601905 0.00110742
43 -0.00632 0.00044093 0.00109327
44 -0.012 0.000158182 0.00110493
45 0.00624 0.000293333 0.00108852
46 0.00784 0.000457391 0.00107716
47 0.01112 0.000684255 0.00107813
48 -0.008 0.000503333 0.00107082
49 0.00256 0.000545306 0.00104958
50 0.00312 0.0005968 0.00102966
