1 0.0754428 0.0754428 0
2 0.0655121 0.0704774 0.00496536
3 0.0780801 0.0730117 0.0038263
4 0.0717912 0.0727065 0.00272275
5 0.0756727 0.0732998 0.00219088
6 0.079456 0.0743258 0.00206221
7 0.0750215 0.0744252 0.00174572
8 0.0771481 0.0747655 0.00154968
9 0.079072 0.075244 0.00144803
10 0.0753208 0.0752517 0.00129518
11 0.073297 0.075074 0.00118494
12 0.06897 0.0745653 0.00119533
13 0.0756134 0.074646 0.00110249
14 0.0757688 0.0747262 0.00102386
15 0.0858207 0.0754658 0.00120647
16 0.0630914 0.0746924 0.00136813
17 0.0687204 0.0743411 0.00133228
18 0.0706201 0.0741344 0.00127299
19 0.0704157 0.0739387 0.00121993
20 0.0696398 0.0737237 0.00117711
21 0.0760753 0.0738357 0.00112524
22 0.0744188 0.0738622 0.00107321
23 0.0720942 0.0737853 0.00102836
24 0.0765906 0.0739022 0.000991494
25 0.0732911 0.0738778 0.000951322
26 0.0656196 0.0735602 0.000967616
27 0.0720829 0.0735054 0.000932695
28 0.0743817 0.0735367 0.000899312
29 0.0776092 0.0736772 0.000879037
30 0.0716762 0.0736105 0.000851846
31 0.0740728 0.0736254 0.000824044
32 0.0866733 0.0740331 0.000896028
33 0.0857313 0.0743876 0.000938014
34 0.0722705 0.0743253 0.000912135
35 0.0696005 0.0741904 0.00089592
36 0.0701263 0.0740775 0.000877965
37 0.0794635 0.074223 0.000866226
38 0.066557 0.0740213 0.000866922
39 0.074825 0.0740419 0.000844652
40 0.0688425 0.0739119 0.000833464
41 0.0787096 0.0740289 0.00082126
42 0.0769859 0.0740993 0.000804554
43 0.0684219 0.0739673 0.000796639
44 0.0750462 0.0739918 0.000778709
45 0.0724892 0.0739584 0.00076194
46 0.0808645 0.0741086 0.000760165
47 0.0697954 0.0740168 0.000749455
48 0.073766 0.0740116 0.000733694
49 0.074813 0.0740279 0.000718751
50 0.083175 0.0742109 0.000727603
