1 -0.00808 -0.00808 0
2 -0.00552 -0.0068 0.00128
3 -0.006 -0.00653333 0.000785649
4 -0.03384 -0.01336 0.00684923
5 -0.02216 -0.01512 0.0055897
6 0.002 -0.0122667 0.00538251
7 -0.0052 -0.0112571 0.00465972
8 -0.018 -0.0121 0.00412252
9 -0.0136 -0.0122667 0.00363954
10 -0.01296 -0.012336 0.00325604
11 0.02912 -0.00856727 0.00478304
12 0.0028 -0.00762 0.00446787
13 0.00616 -0.00656 0.00424434
14 -0.0148 -0.00714857 0.00397333
15 0.00072 -0.006624 0.00373598
16 0.01008 -0.00558 0.0036473
17 0.01896 -0.00413647 0.00371773
18 0.00816 -0.00345333 0.00357106
19 -0.00456 -0.00351158 0.00337839
20 0.00192 -0.00324 0.00321651
21 -0.02664 -0.00435429 0.00325611
22 0.008 -0.00379273 0.00315495
23 -0.00064 -0.00365565 0.00301778
24 -0.0212 -0.00438667 0.00298034
25 0.02376 -0.0032608 0.00307237
26 0.01 -0.00275077 0.00299557
27 0.01464 -0.00210667 0.00295358
28 0.02544 -0.00112286 0.00301138
29 0.01168 -0.000681379 0.00293903
30 -0.0136 -0.001112 0.00287184
31 0.00016 -0.00107097 0.00277796
32 -0.00376 -0.001155 0.00269106
33 -0.02704 -0.00193939 0.00272363
34 -0.01232 -0.00224471 0.00265989
35 -0.00184 -0.00223314 0.0025828
36 -0.0052 -0.00231556 0.00251139
37 0.002 -0.00219892 0.00244535
38 0.0188 -0.00164632 0.00244344
39 0.00816 -0.00139487 0.00239321
40 -0.00576 -0.001504 0.00233516
41 0.0012 -0.00143805 0.00227845
42 0.0008 -0.00138476 0.00222418
43 -0.02008 -0.00181953 0.00221493
44 0.01032 -0.00154364 0.00218152
45 0.00392 -0.00142222 0.00213594
46 0.0036 -0.00131304 0.00209184
47 0.00512 -0.00117617 0.00205142
48 -0.01304 -0.00142333 0.00202338
49 0.01016 -0.00118694 0.00199571
50 0.00792 -0.0010048 0.00196385
