1 -0.45216 -0.45216 0
2 -0.444 -0.44808 0.00408
3 -0.43904 -0.445067 0.00382478
4 -0.44016 -0.44384 0.00296971
5 -0.44752 -0.444576 0.00241521
6 -0.44896 -0.445307 0.00210302
7 -0.44784 -0.445669 0.00181385
8 -0.45008 -0.44622 0.00166481
9 -0.45536 -0.447236 0.00178523
10 -0.44848 -0.44736 0.0016016
11 -0.44336 -0.446996 0.00149364
12 -0.44048 -0.446453 0.00146766
13 -0.44128 -0.446055 0.00140748
14 -0.44912 -0.446274 0.00132133
15 -0.44272 -0.446037 0.00125271
16 -0.44704 -0.4461 0.00117347
17 -0.43728 -0.445581 0.00121828
18 -0.45568 -0.446142 0.00127831
19 -0.44752 -0.446215 0.00121133
20 -0.43776 -0.445792 0.00122446
21 -0.44416 -0.445714 0.00116728
22 -0.44896 -0.445862 0.0011227
23 -0.44032 -0.445621 0.0010995
24 -0.44016 -0.445393 0.001077
25 -0.43744 -0.445075 0.0010809
26 -0.44144 -0.444935 0.00104786
27 -0.4472 -0.445019 0.00101179
28 -0.44048 -0.444857 0.000988371
29 -0.44416 -0.444833 0.000953984
30 -0.43392 -0.444469 0.000990829
31 -0.45536 -0.444821 0.0010207
32 -0.4448 -0.44482 0.000988286
33 -0.44464 -0.444815 0.000957886
34 -0.44288 -0.444758 0.000931026
35 -0.42784 -0.444274 0.00102514
36 -0.44176 -0.444204 0.000998704
37 -0.44528 -0.444234 0.000971772
38 -0.4512 -0.444417 0.000963456
39 -0.4448 -0.444427 0.000938478
40 -0.44592 -0.444464 0.000915477
41 -0.44624 -0.444507 0.000893919
42 -0.44208 -0.44445 0.000874288
43 -0.4432 -0.44442 0.000854208
44 -0.44816 -0.444505 0.000838885
45 -0.44048 -0.444416 0.000824896
46 -0.44704 -0.444473 0.000808778
47 -0.44928 -0.444575 0.000797965
48 -0.45072 -0.444703 0.000791583
49 -0.45536 -0.444921 0.000805188
50 -0.44416 -0.444906 0.000789066
