1 0.30416 0.30416 0
2 0.294112 0.299136 0.005024
3 0.29312 0.297131 0.00352631
4 0.299168 0.29764 0.00254497
5 0.278784 0.293869 0.00425536
6 0.292288 0.293605 0.00348446
7 0.288992 0.292946 0.00301775
8 0.26896 0.289948 0.00397741
9 0.32336 0.29366 0.0051075
10 0.312032 0.295498 0.00492386
11 0.292704 0.295244 0.00446103
12 0.3184 0.297173 0.00450641
13 0.318336 0.298801 0.00445348
14 0.33552 0.301424 0.00488662
15 0.28128 0.300081 0.00474328
16 0.295104 0.29977 0.00444782
17 0.297824 0.299656 0.00417957
18 0.279104 0.298514 0.00410261
19 0.276096 0.297334 0.00405608
20 0.297856 0.29736 0.00384803
21 0.303008 0.297629 0.00367007
22 0.293856 0.297457 0.00350347
23 0.304544 0.297766 0.00336184
24 0.28784 0.297352 0.00324517
25 0.27696 0.296536 0.00321776
26 0.2888 0.296239 0.00310581
27 0.296672 0.296255 0.00298861
28 0.2656 0.29516 0.00308098
29 0.311296 0.295716 0.00302446
30 0.338144 0.297131 0.00324618
31 0.266784 0.296152 0.00328878
32 0.315008 0.296741 0.00323841
33 0.322944 0.297535 0.00323762
34 0.298272 0.297557 0.00314103
35 0.337184 0.298689 0.00325334
36 0.34016 0.299841 0.003365
37 0.264288 0.29888 0.00341093
38 0.330656 0.299716 0.00342365
39 0.298496 0.299685 0.00333486
40 0.278112 0.299146 0.00329486
41 0.286912 0.298847 0.00322731
42 0.324224 0.299451 0.00320697
43 0.289504 0.29922 0.00314003
44 0.313216 0.299538 0.00308428
45 0.312288 0.299822 0.00302825
46 0.288288 0.299571 0.00297228
47 0.271008 0.298963 0.00297117
48 0.331488 0.299641 0.00298649
49 0.274336 0.299124 0.00297015
50 0.275776 0.298657 0.00294737
