1 -0.31424 -0.31424 0
2 -0.30176 -0.308 0.00624
3 -0.30208 -0.306027 0.00410771
4 -0.29584 -0.30348 0.00386292
5 -0.29408 -0.3016 0.00353379
6 -0.31296 -0.303493 0.00345106
7 -0.30464 -0.303657 0.00292128
8 -0.30432 -0.30374 0.00253126
9 -0.29808 -0.303111 0.00231925
10 -0.29408 -0.302208 0.00226247
11 -0.29792 -0.301818 0.00208327
12 -0.30464 -0.302053 0.00191624
13 -0.30208 -0.302055 0.00176269
14 -0.30096 -0.301977 0.00163381
15 -0.30096 -0.301909 0.0015225
16 -0.2944 -0.30144 0.00149951
17 -0.29504 -0.301064 0.00145799
18 -0.30096 -0.301058 0.00137462
19 -0.30944 -0.301499 0.00137306
20 -0.28672 -0.30076 0.0014976
21 -0.3072 -0.301067 0.00145714
22 -0.30272 -0.301142 0.00139136
23 -0.29872 -0.301037 0.00133365
24 -0.2992 -0.30096 0.00127917
25 -0.3128 -0.301434 0.00131517
26 -0.31184 -0.301834 0.00132545
27 -0.2992 -0.301736 0.00127914
28 -0.29776 -0.301594 0.00124076
29 -0.30032 -0.30155 0.00119802
30 -0.31216 -0.301904 0.00121022
31 -0.3056 -0.302023 0.00117659
32 -0.29888 -0.301925 0.00114345
33 -0.29552 -0.301731 0.00112513
34 -0.29984 -0.301675 0.00109295
35 -0.30288 -0.30171 0.00106182
36 -0.30304 -0.301747 0.00103257
37 -0.30368 -0.301799 0.00100563
38 -0.30192 -0.301802 0.000978814
39 -0.30752 -0.301949 0.000964593
40 -0.2976 -0.30184 0.000946434
41 -0.31568 -0.302178 0.000982848
42 -0.30976 -0.302358 0.000976004
43 -0.3016 -0.30234 0.000953199
44 -0.29216 -0.302109 0.000959595
45 -0.30896 -0.302261 0.000950303
46 -0.30096 -0.302233 0.000929845
47 -0.29616 -0.302104 0.000918975
48 -0.29712 -0.302 0.000905598
49 -0.30112 -0.301982 0.000887106
50 -0.30464 -0.302035 0.000870807
