1 0.0008 0.0008 0
2 0.0004 0.0006 0.0002
3 -0.01752 -0.00544 0.0060411
4 0.01488 -0.00036 0.00663731
5 -0.00584 -0.001456 0.00525676
6 0.00656 -0.00012 0.00449525
7 0.00184 0.00016 0.00380948
8 0.00336 0.00056 0.00332327
9 0.01096 0.00171556 0.00315042
10 -0.00552 0.000992 0.00290924
11 0.0112 0.00192 0.00279034
12 -0.00016 0.00174667 0.00255311
13 -0.0028 0.00139692 0.00237442
14 -0.00424 0.000994286 0.00223486
15 -0.0008 0.000874667 0.00208397
16 -0.00032 0.0008 0.00195081
17 0.01152 0.00143059 0.00193793
18 0.00584 0.00167556 0.00184345
19 0.01632 0.00244632 0.00190648
20 -0.00096 0.002276 0.00181664
21 0.0024 0.0022819 0.00172798
22 0.00712 0.00250182 0.00166218
23 -0.01248 0.00185043 0.00171665
24 -0.0036 0.00162333 0.00165918
25 -0.00656 0.001296 0.00162475
26 -0.00608 0.00101231 0.00158658
27 0.00544 0.0011763 0.00153547
28 0.00584 0.00134286 0.00148896
29 -0.00712 0.00105103 0.00146604
30 0.00096 0.001048 0.00141633
31 0.0064 0.00122065 0.00138071
32 -0.01768 0.00063 0.00146154
33 0.00624 0.0008 0.00142672
34 0.0064 0.000964706 0.00139389
35 -0.00312 0.000848 0.0013585
36 0.00128 0.00086 0.00132028
37 -0.00112 0.000806486 0.00128521
38 0.00112 0.000814737 0.00125096
39 0.014 0.00115282 0.0012645
40 0.00648 0.001286 0.00123965
41 -0.00216 0.00120195 0.00121196
42 -0.00576 0.00103619 0.00119431
43 -0.00208 0.000963721 0.00116845
44 -0.0084 0.000750909 0.00116126
45 -0.0012 0.000707556 0.00113598
46 -0.01072 0.00045913 0.00113845
47 0.01448 0.000757447 0.00115322
48 0.00384 0.000821667 0.00113076
49 -0.01448 0.000509388 0.00115063
50 -0.00952 0.0003088 0.00114509
