1 0.0426777 0.0426777 0
2 0.0486751 0.0456764 0.00299871
3 0.0493289 0.0468939 0.00211653
4 0.0513983 0.04802 0.00187296
5 0.047238 0.0478636 0.0014592
6 0.0463825 0.0476168 0.00121673
7 0.0494318 0.0478761 0.00106051
8 0.047488 0.0478275 0.00091971
9 0.050035 0.0480728 0.00084738
10 0.0483424 0.0480998 0.000758399
11 0.0459913 0.0479081 0.000712273
12 0.0466938 0.0478069 0.00065804
13 0.0515216 0.0480927 0.000669364
14 0.0504077 0.048258 0.000641393
15 0.0499626 0.0483716 0.000607822
16 0.0460022 0.0482236 0.000587534
17 0.0506089 0.0483639 0.000569449
18 0.0465758 0.0482645 0.000545994
19 0.0482819 0.0482655 0.00051646
20 0.0520708 0.0484557 0.000525604
21 0.0468138 0.0483775 0.000506026
22 0.0456703 0.0482545 0.000497922
23 0.0512145 0.0483832 0.000492879
24 0.0514351 0.0485103 0.000488729
25 0.049719 0.0485587 0.000471259
26 0.0566994 0.0488718 0.000550488
27 0.0535444 0.0490449 0.000557261
28 0.0452922 0.0489108 0.000553462
29 0.0490026 0.048914 0.000534046
30 0.0519934 0.0490166 0.000526049
31 0.0434202 0.0488361 0.000539875
32 0.0548274 0.0490233 0.00055525
33 0.0549455 0.0492028 0.000567295
34 0.0487963 0.0491908 0.000550487
35 0.0508358 0.0492378 0.000536589
36 0.0479113 0.049201 0.000522771
37 0.046026 0.0491152 0.000515636
38 0.0468582 0.0490558 0.000505385
39 0.0498467 0.0490761 0.000492674
40 0.053026 0.0491748 0.000490247
41 0.0552132 0.0493221 0.000500309
42 0.0496711 0.0493304 0.000488323
43 0.0468609 0.049273 0.000480277
44 0.0564062 0.0494351 0.000496451
45 0.0511611 0.0494734 0.000486807
46 0.0478754 0.0494387 0.000477372
47 0.0501508 0.0494539 0.000467351
48 0.042454 0.049308 0.00048019
49 0.048869 0.0492991 0.000470374
50 0.0452085 0.0492173 0.000468075
