1 0 0 0
2 0.00709689 0.00354844 0.00354844
3 0 0.00236563 0.00236563
4 0.00709689 0.00354844 0.0020487
5 0 0.00283876 0.00173838
6 0 0.00236563 0.00149616
7 0 0.00202768 0.00130886
8 0 0.00177422 0.0011615
9 0 0.00157709 0.00104314
10 0 0.00141938 0.000946252
11 0 0.00129034 0.000865589
12 0 0.00118281 0.000797454
13 0 0.00109183 0.000739172
14 0 0.00101384 0.00068877
15 0 0.000946252 0.000644762
16 0 0.000887111 0.000606012
17 0 0.000834928 0.000571636
18 0.0352 0.0027441 0.00198378
19 0 0.00259967 0.00188202
20 0 0.00246969 0.00179017
21 0 0.00235208 0.00170684
22 0 0.00224517 0.00163092
23 0 0.00214756 0.00156145
24 0 0.00205807 0.00149765
25 0.0141653 0.00254236 0.00151594
26 0.00709689 0.00271754 0.00146696
27 0 0.00261689 0.00141517
28 0 0.00252343 0.00136689
29 0 0.00243641 0.00132178
30 0 0.0023552 0.00127954
31 0 0.00227923 0.00123991
32 0.00709689 0.00242978 0.00120994
33 0 0.00235615 0.00117501
34 0.0765013 0.00453689 0.0024607
35 0 0.00440726 0.00239288
36 0 0.00428484 0.00232868
37 0 0.00416903 0.00226783
38 0 0.00405932 0.00221006
39 0 0.00395524 0.00215517
40 0.00709689 0.00403378 0.00210206
41 0 0.00393539 0.00205251
42 0.0212053 0.00434658 0.00204482
43 0.0282169 0.00490171 0.00207243
44 0 0.0047903 0.00202784
45 0 0.00468385 0.00198512
46 0 0.00458203 0.00194416
47 0 0.00448454 0.00190484
48 0 0.00439111 0.00186707
49 0 0.0043015 0.00183076
50 0.00709689 0.0043574 0.00179465
