1 0.455908 0.455908 0
2 0.430492 0.4432 0.0127076
3 0.450172 0.445524 0.00769604
4 0.405689 0.435565 0.0113487
5 0.421177 0.432688 0.00924968
6 0.471392 0.439138 0.00993225
7 0.402556 0.433912 0.00988812
8 0.437604 0.434374 0.00857579
9 0.440644 0.43507 0.00759515
10 0.416892 0.433253 0.00703231
11 0.475516 0.437095 0.00743129
12 0.363676 0.430977 0.00913523
13 0.437941 0.431512 0.00842025
14 0.446503 0.432583 0.00786883
15 0.402386 0.43057 0.00759707
16 0.437746 0.431018 0.00712055
17 0.385689 0.428352 0.0072005
18 0.429721 0.428428 0.00678912
19 0.384 0.42609 0.00683433
20 0.388892 0.42423 0.0067451
21 0.445764 0.425255 0.0064973
22 0.400441 0.424127 0.00629677
23 0.429454 0.424359 0.00602123
24 0.436779 0.424876 0.00578807
25 0.436889 0.425357 0.00557248
26 0.396857 0.424261 0.00546492
27 0.433248 0.424594 0.00526915
28 0.409799 0.424065 0.0051049
29 0.413867 0.423714 0.00493826
30 0.407524 0.423174 0.00480124
31 0.429867 0.42339 0.00464879
32 0.444796 0.424059 0.00455061
33 0.394581 0.423166 0.00450011
34 0.398859 0.422451 0.00442389
35 0.400821 0.421833 0.00433986
36 0.399019 0.421199 0.00426493
37 0.410823 0.420918 0.00415753
38 0.468978 0.422183 0.00423967
39 0.386475 0.421268 0.00422982
40 0.442948 0.42181 0.00415819
41 0.454724 0.422612 0.0041342
42 0.427275 0.422723 0.00403609
43 0.411079 0.422453 0.0039504
44 0.400821 0.421961 0.00389076
45 0.469116 0.423009 0.00394503
46 0.43595 0.42329 0.00386856
47 0.445099 0.423754 0.00381369
48 0.412626 0.423522 0.00374059
49 0.39653 0.422972 0.00370464
50 0.420533 0.422923 0.00363012
