1 0.164056 0.164056 0
2 0.166277 0.165166 0.00111035
3 0.177622 0.169318 0.00420117
4 0.191419 0.174844 0.00627321
5 0.183522 0.176579 0.0051599
6 0.190654 0.178925 0.00482212
7 0.161407 0.176423 0.00478245
8 0.174594 0.176194 0.00414802
9 0.174087 0.17596 0.00366569
10 0.206278 0.178992 0.00446559
11 0.171845 0.178342 0.0040912
12 0.157458 0.176602 0.00412033
13 0.173841 0.176389 0.0037961
14 0.17103 0.176006 0.00353529
15 0.189884 0.176932 0.00341875
16 0.170395 0.176523 0.00322393
17 0.175082 0.176438 0.00302955
18 0.173104 0.176253 0.00286228
19 0.16959 0.175902 0.00273007
20 0.166837 0.175449 0.00262934
21 0.194851 0.176373 0.0026662
22 0.179335 0.176508 0.00254568
23 0.194756 0.177301 0.00255861
24 0.160072 0.176583 0.0025527
25 0.19062 0.177145 0.00251201
26 0.182689 0.177358 0.00242287
27 0.20099 0.178233 0.00249029
28 0.18358 0.178424 0.00240729
29 0.177146 0.17838 0.00232322
30 0.191726 0.178825 0.00228811
31 0.174667 0.178691 0.00221713
32 0.18782 0.178976 0.0021656
33 0.181017 0.179038 0.00209986
34 0.181602 0.179113 0.00203856
35 0.176537 0.17904 0.00198082
36 0.199221 0.1796 0.00200498
37 0.173108 0.179425 0.00195792
38 0.190723 0.179722 0.00192875
39 0.161117 0.179245 0.00193827
40 0.178832 0.179235 0.00188922
41 0.189237 0.179479 0.00185864
42 0.205883 0.180107 0.00191971
43 0.162424 0.179696 0.00191911
44 0.181086 0.179728 0.00187526
45 0.181839 0.179775 0.00183371
46 0.206386 0.180353 0.0018844
47 0.179268 0.18033 0.00184402
48 0.175894 0.180238 0.00180755
49 0.170314 0.180035 0.00178183
50 0.190788 0.18025 0.00175902
