1 -0.00168 -0.00168 0
2 -0.00512 -0.0034 0.00172
3 0.00416 -0.00088 0.0027086
4 -0.006 -0.00216 0.00230362
5 0.0052 -0.000688 0.00231318
6 0.00536 0.00032 0.00214085
7 0.00352 0.000777143 0.00186621
8 0.01144 0.00211 0.00209489
9 0.02392 0.00453333 0.00304727
10 -0.00776 0.003304 0.00298998
11 -0.00168 0.00285091 0.00274223
12 -0.0004 0.00258 0.00251791
13 0.00032 0.00240615 0.00232266
14 0.00168 0.00235429 0.00215099
15 0.0056 0.00257067 0.00201412
16 0.00192 0.00253 0.00188448
17 -0.00032 0.00236235 0.00177808
18 0.00432 0.00247111 0.00167991
19 0.0072 0.00272 0.00160841
20 0.00272 0.00272 0.00152587
21 -0.00232 0.00248 0.0014711
22 -0.00904 0.00195636 0.0014972
23 0.0088 0.00225391 0.00146124
24 -0.00352 0.00201333 0.00141956
25 0.00872 0.0022816 0.00138777
26 0.00952 0.00256 0.00136208
27 -0.00896 0.00213333 0.00137836
28 -0.01392 0.00156 0.00144668
29 -0.02272 0.000722759 0.00162774
30 -0.00112 0.000661333 0.00157374
31 0.00584 0.000828387 0.00153127
32 -0.00968 0.0005 0.00151858
33 -0.0096 0.000193939 0.00150333
34 -0.00712 -2.11765e-05 0.00147422
35 0.00624 0.000157714 0.00144261
36 -0.00552 -3.61401e-19 0.00141081
37 0.00272 7.35135e-05 0.00137412
38 0.01728 0.000526316 0.00141204
39 0.0164 0.000933333 0.00143432
40 -0.01272 0.000592 0.00143907
41 -0.00872 0.000364878 0.00142179
42 -0.00504 0.00023619 0.00139348
43 0.01368 0.000548837 0.00139614
44 0.00512 0.000652727 0.00136799
45 -0.004 0.000549333 0.00134124
46 0.0128 0.000815652 0.00133852
47 0.00656 0.000937872 0.00131542
48 -0.00272 0.000861667 0.00128998
49 8e-05 0.000845714 0.00126348
50 0.0064 0.0009568 0.00124292
