1 -0.01016 -0.01016 0
2 -0.00408 -0.00712 0.00304
3 -0.01416 -0.00946667 0.00293042
4 0.01136 -0.00426 0.00560384
5 -0.00088 -0.003584 0.00439304
6 -0.00192 -0.00330667 0.00359761
7 -0.00272 -0.00322286 0.00304169
8 0.00272 -0.00248 0.00273692
9 -0.00032 -0.00224 0.00242564
10 0.01784 -0.000232 0.00295619
11 0.02088 0.00168727 0.00329146
12 0.01224 0.00256667 0.00313073
13 -0.00296 0.00214154 0.00291106
14 -0.00312 0.00176571 0.0027212
15 -0.01288 0.000789333 0.00271494
16 -0.00016 0.00073 0.00254029
17 -8e-05 0.000682353 0.00238666
18 0.01344 0.00139111 0.00235915
19 0.0136 0.00203368 0.0023222
20 0.01296 0.00258 0.00226976
21 0.01048 0.00295619 0.00219151
22 -0.0036 0.00265818 0.00211066
23 0.00384 0.00270957 0.00201746
24 -0.01112 0.00213333 0.00201569
25 -0.00696 0.0017696 0.0019673
26 0.01656 0.00233846 0.00197387
27 0.00352 0.00238222 0.00189986
28 0.01432 0.00280857 0.00187974
29 0.00384 0.00284414 0.00181411
30 -0.0156 0.00222933 0.00185731
31 -0.01056 0.00181677 0.00184316
32 0.0012 0.0017975 0.00178474
33 0.00744 0.00196848 0.00173824
34 0.00688 0.00211294 0.00169252
35 0.00592 0.00222171 0.00164704
36 0.00096 0.00218667 0.00160102
37 0.00256 0.00219676 0.00155718
38 -0.0036 0.00204421 0.00152331
39 0.0048 0.00211487 0.00148542
40 0.00168 0.002104 0.00144785
41 0.00896 0.00227122 0.00142196
42 -0.00888 0.00200571 0.00141286
43 0.0104 0.00220093 0.00139335
44 -0.01872 0.00172545 0.00144197
45 0.00048 0.00169778 0.00140983
46 -0.00776 0.00149217 0.00139409
47 -0.008 0.00129021 0.00137897
48 -0.00328 0.001195 0.00135329
49 -0.00064 0.00115755 0.00132591
50 0.0028 0.0011904 0.00129954
