1 3.62166 3.62166 0
2 3.82068 3.72117 0.0995077
3 3.54277 3.6617 0.0826854
4 3.86585 3.71274 0.0776086
5 3.5104 3.67227 0.0724672
6 3.1936 3.59249 0.0993257
7 3.47655 3.57593 0.0855639
8 3.74818 3.59746 0.0771654
9 3.35212 3.5702 0.0733102
10 3.55212 3.56839 0.0655955
11 3.16197 3.53145 0.0698969
12 3.25354 3.50829 0.0678797
13 3.52197 3.50934 0.0624491
14 3.52517 3.51047 0.0578277
15 3.88012 3.53511 0.0592071
16 3.63471 3.54134 0.0557318
17 3.39729 3.53287 0.0530322
18 3.3328 3.52175 0.0512198
19 3.57662 3.52464 0.048535
20 3.86117 3.54146 0.0490226
21 3.51742 3.54032 0.0466439
22 3.65883 3.54571 0.0447982
23 3.94474 3.56306 0.0461884
24 3.66375 3.56725 0.0444206
25 3.82314 3.57749 0.0438189
26 3.44246 3.57229 0.042419
27 3.19065 3.55816 0.0431959
28 3.8224 3.5676 0.042681
29 3.77575 3.57477 0.0418038
30 3.6896 3.5786 0.0405673
31 3.68308 3.58197 0.0393813
32 3.29305 3.57294 0.0391852
33 3.54437 3.57208 0.0379891
34 3.36258 3.56591 0.0373663
35 3.75852 3.57142 0.0366979
36 3.49625 3.56933 0.0357251
37 3.83065 3.57639 0.0354566
38 3.55249 3.57576 0.0345167
39 3.73588 3.57987 0.0338697
40 3.84382 3.58647 0.0336652
41 3.36185 3.58099 0.0332877
42 3.73563 3.58467 0.0326935
43 3.7808 3.58923 0.0322483
44 3.52037 3.58767 0.0315457
45 3.24775 3.58011 0.0317484
46 3.31089 3.57426 0.0315973
47 3.79643 3.57899 0.031277
48 3.90942 3.58587 0.0313828
49 3.55828 3.58531 0.0307408
50 3.72665 3.58814 0.0302521
