1 -0.61088 -0.61088 0
2 -0.61648 -0.61368 0.0028
3 -0.61856 -0.615307 0.00229333
4 -0.60864 -0.61364 0.0023254
5 -0.61296 -0.613504 0.00180637
6 -0.61632 -0.613973 0.00154777
7 -0.60896 -0.613257 0.00149133
8 -0.6184 -0.6139 0.00144268
9 -0.61376 -0.613884 0.00127242
10 -0.60912 -0.613408 0.00123379
11 -0.612 -0.61328 0.00112332
12 -0.61088 -0.61308 0.00104477
13 -0.61136 -0.612948 0.000970111
14 -0.60576 -0.612434 0.00103453
15 -0.60608 -0.612011 0.00105214
16 -0.6256 -0.61286 0.0013
17 -0.61536 -0.613007 0.00122996
18 -0.60864 -0.612764 0.00118473
19 -0.61328 -0.612792 0.00112097
20 -0.61888 -0.613096 0.00110616
21 -0.61536 -0.613204 0.00105767
22 -0.61584 -0.613324 0.00101555
23 -0.61152 -0.613245 0.000973552
24 -0.61328 -0.613247 0.000932106
25 -0.61424 -0.613286 0.000894927
26 -0.61216 -0.613243 0.000860909
27 -0.62144 -0.613547 0.000882287
28 -0.61728 -0.61368 0.000860584
29 -0.60752 -0.613468 0.000857116
30 -0.61376 -0.613477 0.000828111
31 -0.6128 -0.613455 0.00080125
32 -0.6136 -0.61346 0.00077582
33 -0.61152 -0.613401 0.000754237
34 -0.6056 -0.613172 0.000766849
35 -0.60832 -0.613033 0.00075741
36 -0.60832 -0.612902 0.000747623
37 -0.62256 -0.613163 0.000772566
38 -0.61664 -0.613255 0.000757506
39 -0.61776 -0.61337 0.000746816
40 -0.62 -0.613536 0.000746538
41 -0.61296 -0.613522 0.000728237
42 -0.61008 -0.61344 0.000715396
43 -0.61184 -0.613403 0.000699551
44 -0.61232 -0.613378 0.00068391
45 -0.62304 -0.613593 0.000702171
46 -0.61504 -0.613624 0.000687457
47 -0.60864 -0.613518 0.00068098
48 -0.6104 -0.613453 0.0006698
49 -0.61632 -0.613512 0.000658592
50 -0.60736 -0.613389 0.00065691
