1 -0.20096 -0.20096 0
2 -0.2144 -0.20768 0.00672
3 -0.19728 -0.204213 0.00520294
4 -0.2064 -0.20476 0.00371943
5 -0.20384 -0.204576 0.00288693
6 -0.2064 -0.20488 0.00237669
7 -0.20176 -0.204434 0.00205752
8 -0.20528 -0.20454 0.001785
9 -0.19552 -0.203538 0.00186618
10 -0.20464 -0.203648 0.0016728
11 -0.20128 -0.203433 0.00152834
12 -0.19968 -0.20312 0.0014298
13 -0.19648 -0.202609 0.00141092
14 -0.20912 -0.203074 0.00138657
15 -0.22096 -0.204267 0.00175727
16 -0.20928 -0.20458 0.00167338
17 -0.20688 -0.204715 0.00157767
18 -0.20368 -0.204658 0.00148856
19 -0.1984 -0.204328 0.00144604
20 -0.19952 -0.204088 0.00139274
21 -0.2128 -0.204503 0.0013882
22 -0.20336 -0.204451 0.00132462
23 -0.20272 -0.204376 0.00126795
24 -0.21152 -0.204673 0.00124994
25 -0.20336 -0.204621 0.00120005
26 -0.2056 -0.204658 0.00115358
27 -0.20432 -0.204646 0.00111011
28 -0.19568 -0.204326 0.00111662
29 -0.20848 -0.204469 0.00108691
30 -0.19328 -0.204096 0.00111433
31 -0.1952 -0.203809 0.00111533
32 -0.20656 -0.203895 0.00108333
33 -0.21008 -0.204082 0.00106659
34 -0.20032 -0.203972 0.00104064
35 -0.20576 -0.204023 0.00101176
36 -0.20928 -0.204169 0.000994041
37 -0.20768 -0.204264 0.000971448
38 -0.21024 -0.204421 0.000958527
39 -0.21008 -0.204566 0.000944835
40 -0.19856 -0.204416 0.000933072
41 -0.20384 -0.204402 0.000910138
42 -0.20944 -0.204522 0.000896267
43 -0.20576 -0.204551 0.000875649
44 -0.20528 -0.204567 0.000855677
45 -0.2048 -0.204572 0.000836462
46 -0.20624 -0.204609 0.000818879
47 -0.21648 -0.204861 0.000840134
48 -0.19504 -0.204657 0.000847514
49 -0.21296 -0.204826 0.000847159
50 -0.20944 -0.204918 0.000835156
