1 10.3367 10.3367 0
2 10.3838 10.3603 0.0235556
3 9.6624 10.1276 0.233019
4 10.422 10.2012 0.18046
5 9.9552 10.152 0.148193
6 10.0965 10.1428 0.121352
7 10.5406 10.1996 0.117256
8 9.86027 10.1572 0.11005
9 8.81333 10.0079 0.178089
10 10.0187 10.009 0.159291
11 9.98933 10.0072 0.144095
12 11.3376 10.118 0.172031
13 9.77049 10.0913 0.160488
14 9.87093 10.0756 0.149415
15 10.4361 10.0996 0.141159
16 10.1492 10.1027 0.132078
17 10.5598 10.1296 0.126947
18 10.3054 10.1394 0.120084
19 10.8612 10.1773 0.119773
20 10.9476 10.2159 0.119975
21 9.7664 10.1945 0.116109
22 10.3024 10.1994 0.110814
23 10.1296 10.1963 0.10593
24 10.5936 10.2129 0.102762
25 9.93458 10.2017 0.0991925
26 10.3909 10.209 0.0955785
27 11.2617 10.248 0.0998929
28 9.08178 10.2064 0.104884
29 9.57618 10.1846 0.103509
30 10.3349 10.1896 0.100125
31 10.8871 10.2121 0.0994206
32 10.106 10.2088 0.0963208
33 10.1394 10.2067 0.0933801
34 11.0418 10.2313 0.0938623
35 10.1698 10.2295 0.091158
36 9.64373 10.2132 0.0900716
37 10.0212 10.2081 0.0877571
38 10.6176 10.2188 0.0860938
39 10.7664 10.2329 0.0850244
40 10.1342 10.2304 0.0829083
41 10.6075 10.2396 0.0813821
42 10.408 10.2436 0.0795219
43 10.494 10.2494 0.0778687
44 10.728 10.2603 0.0768519
45 9.60764 10.2458 0.0765119
46 10.966 10.2615 0.0764506
47 9.19982 10.2389 0.0781423
48 11.1689 10.2583 0.0789125
49 10.0519 10.254 0.0773999
50 9.4816 10.2386 0.0773937
