1 0.107434 0.107434 0
2 0.0975508 0.102492 0.00494162
3 0.0969263 0.100637 0.00340327
4 0.100437 0.100587 0.002407
5 0.103424 0.101154 0.00194891
6 0.099865 0.10094 0.00160572
7 0.122277 0.103988 0.00333669
8 0.106932 0.104356 0.00291301
9 0.0966071 0.103495 0.00270946
10 0.11934 0.105079 0.00289543
11 0.11348 0.105843 0.0027281
12 0.10309 0.105614 0.00250094
13 0.112112 0.106114 0.00235421
14 0.101794 0.105805 0.00220131
15 0.103115 0.105626 0.00205713
16 0.10813 0.105782 0.00193063
17 0.107931 0.105909 0.00181791
18 0.108347 0.106044 0.00171929
19 0.103207 0.105895 0.00163313
20 0.103375 0.105769 0.00155444
21 0.0999616 0.105492 0.0015042
22 0.108037 0.105608 0.00143886
23 0.116046 0.106062 0.00144784
24 0.112292 0.106321 0.0014103
25 0.103405 0.106205 0.00135774
26 0.103487 0.1061 0.00130865
27 0.0988209 0.105831 0.00128779
28 0.112235 0.106059 0.00126185
29 0.104491 0.106005 0.00121876
30 0.104786 0.105965 0.00117813
31 0.0902697 0.105458 0.00124691
32 0.102672 0.105371 0.00121045
33 0.111394 0.105554 0.00118731
34 0.105383 0.105549 0.00115187
35 0.100928 0.105417 0.00112624
36 0.0970844 0.105185 0.00111871
37 0.0989298 0.105016 0.00110111
38 0.11131 0.105182 0.00108446
39 0.0946768 0.104912 0.00109009
40 0.119795 0.105284 0.00112575
41 0.107292 0.105333 0.00109904
42 0.113221 0.105521 0.00108888
43 0.103066 0.105464 0.00106478
44 0.118128 0.105752 0.00107938
45 0.105628 0.105749 0.00105513
46 0.111192 0.105868 0.00103869
47 0.110995 0.105977 0.00102219
48 0.118914 0.106246 0.00103633
49 0.0963948 0.106045 0.00103468
50 0.0939225 0.105803 0.00104237
