1 0.313322 0.313322 0
2 0.349252 0.331287 0.0179652
3 0.355548 0.339374 0.0131523
4 0.297009 0.328783 0.0140949
5 0.313322 0.32569 0.0113473
6 0.343826 0.328713 0.00974562
7 0.348765 0.331578 0.00872048
8 0.329252 0.331287 0.00755775
9 0.338991 0.332143 0.00672005
10 0.3376 0.332689 0.00603532
11 0.393009 0.338172 0.00773774
12 0.3608 0.340058 0.00731092
13 0.333148 0.339526 0.00674604
14 0.320487 0.338166 0.00639197
15 0.359026 0.339557 0.00611093
16 0.318365 0.338233 0.00586769
17 0.325461 0.337481 0.0055627
18 0.377739 0.339718 0.00570155
19 0.355304 0.340538 0.00545516
20 0.352383 0.34113 0.00520899
21 0.329217 0.340563 0.00498711
22 0.339548 0.340517 0.00475525
23 0.326122 0.339891 0.0045867
24 0.331548 0.339543 0.00440517
25 0.288348 0.337496 0.00469539
26 0.377391 0.33903 0.00476501
27 0.323965 0.338472 0.00461895
28 0.329878 0.338165 0.0044615
29 0.348104 0.338508 0.00431853
30 0.360035 0.339226 0.00423336
31 0.36007 0.339898 0.00414936
32 0.374678 0.340985 0.00416202
33 0.32727 0.340569 0.00405528
34 0.360487 0.341155 0.00397758
35 0.324383 0.340676 0.00389188
36 0.334435 0.340502 0.0037862
37 0.351443 0.340798 0.0036943
38 0.31127 0.340021 0.00367877
39 0.348278 0.340233 0.00358945
40 0.324 0.339827 0.00352203
41 0.338504 0.339795 0.0034352
42 0.380417 0.340762 0.00348915
43 0.291339 0.339613 0.00359569
44 0.337461 0.339564 0.00351336
45 0.342713 0.339634 0.00343511
46 0.344626 0.339742 0.00336135
47 0.305217 0.339008 0.00337009
48 0.309565 0.338394 0.00335567
49 0.288383 0.337374 0.00344131
50 0.329496 0.337216 0.00337546
