1 0.707147 0.707147 0
2 0.65472 0.680933 0.0262133
3 0.59728 0.653049 0.0317268
4 0.628107 0.646813 0.0232847
5 0.649387 0.647328 0.0180436
6 0.646507 0.647191 0.0147332
7 0.699893 0.65472 0.014551
8 0.5136 0.63708 0.0216787
9 0.626027 0.635852 0.0191583
10 0.62176 0.634443 0.0171935
11 0.666187 0.637328 0.0158176
12 0.618613 0.635769 0.0145234
13 0.681547 0.63929 0.0138159
14 0.637867 0.639189 0.0127914
15 0.6288 0.638496 0.0119283
16 0.680107 0.641097 0.011457
17 0.668853 0.642729 0.0108851
18 0.697867 0.645793 0.01071
19 0.613493 0.644093 0.0102723
20 0.614293 0.642603 0.00985836
21 0.694293 0.645064 0.00969485
22 0.707893 0.64792 0.00967479
23 0.682987 0.649445 0.00936947
24 0.60944 0.647778 0.00912413
25 0.631573 0.64713 0.00877553
26 0.647413 0.647141 0.00843126
27 0.695307 0.648924 0.0083068
28 0.756267 0.652758 0.0088753
29 0.62608 0.651838 0.00861306
30 0.650293 0.651787 0.00832117
31 0.640373 0.651418 0.00805668
32 0.668 0.651937 0.00781804
33 0.619733 0.650961 0.00764001
34 0.693387 0.652209 0.0075162
35 0.63024 0.651581 0.00732523
36 0.707947 0.653147 0.007289
37 0.5752 0.65104 0.00739565
38 0.591147 0.649464 0.00736893
39 0.628587 0.648929 0.00719743
40 0.676907 0.649628 0.00704997
41 0.64832 0.649596 0.00687595
42 0.611307 0.648684 0.00677188
43 0.602133 0.647602 0.00670055
44 0.62496 0.647087 0.00656669
45 0.669653 0.647589 0.00643866
46 0.671787 0.648115 0.00631907
47 0.626507 0.647655 0.00620023
48 0.61888 0.647056 0.00609922
49 0.634613 0.646802 0.00597884
50 0.589067 0.645647 0.00597076
