1 0.00152 0.00152 0
2 0.00168 0.0016 8e-05
3 0.01584 0.00634667 0.00474689
4 0.00504 0.00602 0.00337242
5 -0.01096 0.002624 0.00428448
6 0.01256 0.00428 0.00387042
7 -0.00312 0.00322286 0.00343768
8 0.00272 0.00316 0.00297778
9 -0.00104 0.00269333 0.0026673
10 0.0028 0.002704 0.00238573
11 0.00048 0.00250182 0.00216742
12 -0.01128 0.00135333 0.00228775
13 0.00328 0.00150154 0.00210963
14 -0.00952 0.000714286 0.00210583
15 -0.00192 0.000538667 0.00196827
16 0.0036 0.00073 0.00185107
17 0.01056 0.00130824 0.0018324
18 0.00824 0.00169333 0.00177
19 0.01864 0.00258526 0.00189702
20 0.00048 0.00248 0.00180274
21 0.00904 0.00279238 0.00174297
22 -0.0112 0.00215636 0.00177941
23 -0.00416 0.00188174 0.00172232
24 0.00192 0.00188333 0.001649
25 0.00448 0.0019872 0.00158507
26 0.0104 0.00231077 0.00155688
27 -0.00608 0.002 0.00153
28 0.02424 0.00279429 0.00167469
29 -0.01032 0.00234207 0.001678
30 -0.00704 0.00202933 0.00165099
31 0.00464 0.00211355 0.00159906
32 0.00584 0.00223 0.00155266
33 -0.00432 0.00203152 0.00151791
34 0.00728 0.00218588 0.00148065
35 -0.00288 0.00204114 0.00144499
36 -0.01184 0.00165556 0.00145626
37 0.00136 0.00164757 0.00141637
38 0.01224 0.00192632 0.0014065
39 -0.00664 0.00170667 0.00138745
40 -0.00632 0.001506 0.00136713
41 -0.00432 0.0013639 0.00134092
42 -0.00872 0.00112381 0.00133045
43 -0.00448 0.000993488 0.00130566
44 -0.00696 0.000812727 0.00128838
45 0.00304 0.000862222 0.0012604
46 0.00376 0.000925217 0.0012343
47 -0.0104 0.000684255 0.00123156
48 -0.00312 0.000605 0.00120823
49 -0.01408 0.000305306 0.00122068
50 -0.00304 0.0002384 0.00119788
