1 -0.3472 -0.3472 0
2 -0.34528 -0.34624 0.00096
3 -0.34352 -0.345333 0.00106266
4 -0.34032 -0.34408 0.00146132
5 -0.34624 -0.344512 0.00121157
6 -0.3424 -0.34416 0.00105
7 -0.34096 -0.343703 0.000998241
8 -0.34128 -0.3434 0.000916016
9 -0.34144 -0.343182 0.00083669
10 -0.3408 -0.342944 0.000785359
11 -0.35392 -0.343942 0.00122486
12 -0.34288 -0.343853 0.00112164
13 -0.34416 -0.343877 0.00103203
14 -0.33936 -0.343554 0.00100847
15 -0.34688 -0.343776 0.000964662
16 -0.344 -0.34379 0.000902467
17 -0.33408 -0.343219 0.00102219
18 -0.34192 -0.343147 0.000966427
19 -0.33632 -0.342787 0.000982224
20 -0.33584 -0.34244 0.00099446
21 -0.34176 -0.342408 0.000946475
22 -0.34384 -0.342473 0.000904774
23 -0.33248 -0.342038 0.000967571
24 -0.34336 -0.342093 0.000928014
25 -0.33168 -0.341677 0.000982758
26 -0.3472 -0.341889 0.000967805
27 -0.3392 -0.34179 0.000936582
28 -0.34736 -0.341989 0.000924179
29 -0.3368 -0.34181 0.000909513
30 -0.34176 -0.341808 0.000878675
31 -0.34096 -0.341781 0.000850298
32 -0.3464 -0.341925 0.000835857
33 -0.34832 -0.342119 0.000832987
34 -0.3376 -0.341986 0.000818973
35 -0.33696 -0.341842 0.00080809
36 -0.34864 -0.342031 0.000807704
37 -0.33872 -0.341942 0.000790652
38 -0.34608 -0.342051 0.000777232
39 -0.33888 -0.341969 0.000761393
40 -0.33728 -0.341852 0.000751316
41 -0.34256 -0.341869 0.000732966
42 -0.34352 -0.341909 0.00071638
43 -0.33424 -0.34173 0.000721897
44 -0.33328 -0.341538 0.00073098
45 -0.3304 -0.341291 0.000756206
46 -0.34608 -0.341395 0.000746876
47 -0.33968 -0.341358 0.000731723
48 -0.3448 -0.34143 0.000719896
49 -0.34032 -0.341407 0.000705415
50 -0.34816 -0.341542 0.000704234
