1 -0.00472 -0.00472 0
2 0.02672 0.011 0.01572
3 0.00112 0.00770667 0.00965499
4 -0.00744 0.00392 0.00780694
5 0.004 0.003936 0.00604725
6 -0.01488 0.0008 0.00584927
7 0.0008 0.0008 0.00494354
8 -0.0036 0.00025 0.00431641
9 -0.02352 -0.00239111 0.0046332
10 0.00096 -0.002056 0.00415759
11 0.01784 -0.000247273 0.00417303
12 0.018 0.00127333 0.00410172
13 -0.00744 0.000603077 0.0038321
14 0.0236 0.00224571 0.00390966
15 0.01328 0.00298133 0.00371329
16 0.00296 0.00298 0.00347346
17 -0.01144 0.00213176 0.00337121
18 -0.01776 0.00102667 0.00336504
19 -0.00696 0.000606316 0.00321064
20 0.00256 0.000704 0.00304745
21 0.00576 0.000944762 0.00290869
22 -0.0068 0.000592727 0.00279558
23 -0.00136 0.000507826 0.00267261
24 8e-05 0.00049 0.0025589
25 -0.01968 -0.0003168 0.00258361
26 0.01048 9.84615e-05 0.00251675
27 -0.0224 -0.000734815 0.00256109
28 0.00304 -0.0006 0.00247161
29 -0.00528 -0.000761379 0.00239031
30 0.02216 2.66667e-06 0.00243237
31 0.00472 0.000154839 0.00235752
32 -0.0136 -0.000275 0.00232278
33 -0.0108 -0.000593939 0.00227377
34 -0.00992 -0.000868235 0.00222287
35 0.004 -0.000729143 0.0021629
36 -0.00064 -0.000726667 0.00210196
37 -0.02712 -0.00144 0.00216524
38 0.01688 -0.000957895 0.00216193
39 0.03224 -0.000106667 0.00227131
40 0.0096 0.000136 0.00222706
41 0.01472 0.000491707 0.00220099
42 0.0004 0.000489524 0.00214795
43 -0.002 0.000431628 0.0020982
44 0.016 0.000785455 0.00208027
45 0.0148 0.00109689 0.00205723
46 -0.00424 0.00098087 0.00201535
47 0.0044 0.00105362 0.00197335
48 0.0192 0.00143167 0.00196844
49 0.00064 0.00141551 0.00192792
50 0.00176 0.0014224 0.00188898
