1 -0.25136 -0.25136 0
2 -0.25472 -0.25304 0.00168
3 -0.23888 -0.24832 0.00481863
4 -0.24784 -0.2482 0.0034094
5 -0.2536 -0.24928 0.00285321
6 -0.23856 -0.247493 0.00293588
7 -0.24288 -0.246834 0.0025673
8 -0.25216 -0.2475 0.00232087
9 -0.24896 -0.247662 0.00205324
10 -0.2568 -0.248576 0.00205125
11 -0.23088 -0.246967 0.00245573
12 -0.25792 -0.24788 0.00242045
13 -0.25264 -0.248246 0.0022564
14 -0.248 -0.248229 0.00208909
15 -0.24864 -0.248256 0.00194503
16 -0.25808 -0.24887 0.00192022
17 -0.24832 -0.248838 0.00180402
18 -0.2568 -0.24928 0.00175743
19 -0.2472 -0.249171 0.00166596
20 -0.25312 -0.249368 0.00159276
21 -0.26064 -0.249905 0.00160729
22 -0.25504 -0.250138 0.00155017
23 -0.25632 -0.250407 0.00150543
24 -0.23824 -0.2499 0.00152789
25 -0.26256 -0.250406 0.00155053
26 -0.26224 -0.250862 0.00155768
27 -0.25792 -0.251123 0.0015215
28 -0.2392 -0.250697 0.00152674
29 -0.25888 -0.250979 0.00149993
30 -0.24912 -0.250917 0.0014504
31 -0.2424 -0.250643 0.00142948
32 -0.26 -0.250935 0.00141464
33 -0.24944 -0.25089 0.00137185
34 -0.24704 -0.250776 0.0013357
35 -0.25904 -0.251013 0.00131829
36 -0.25632 -0.25116 0.0012896
37 -0.25072 -0.251148 0.00125432
38 -0.24016 -0.250859 0.00125464
39 -0.248 -0.250786 0.00122425
40 -0.2456 -0.250656 0.00120027
41 -0.2536 -0.250728 0.00117283
42 -0.25952 -0.250937 0.00116355
43 -0.24944 -0.250902 0.0011367
44 -0.24816 -0.25084 0.00111232
45 -0.24864 -0.250791 0.00108842
46 -0.25392 -0.250859 0.00106666
47 -0.25552 -0.250958 0.00104842
48 -0.25088 -0.250957 0.00102635
49 -0.2504 -0.250945 0.00100525
50 -0.24976 -0.250922 0.000985223
