1 0.160017 0.160017 0
2 0.170215 0.165116 0.00509884
3 0.173841 0.168024 0.00413821
4 0.161977 0.166512 0.00329363
5 0.157709 0.164752 0.00309974
6 0.173842 0.166267 0.00294971
7 0.19586 0.170494 0.00490792
8 0.183233 0.172087 0.00453887
9 0.168349 0.171671 0.00402439
10 0.163405 0.170845 0.00369323
11 0.149564 0.16891 0.0038604
12 0.169706 0.168976 0.00352467
13 0.158113 0.168141 0.00334819
14 0.171726 0.168397 0.00311038
15 0.166246 0.168254 0.00289915
16 0.17434 0.168634 0.00273846
17 0.177214 0.169139 0.00262138
18 0.149157 0.168029 0.00270933
19 0.166096 0.167927 0.00256478
20 0.161782 0.16762 0.00245249
21 0.158416 0.167181 0.00237359
22 0.145882 0.166213 0.00246152
23 0.163246 0.166084 0.0023556
24 0.170001 0.166247 0.00226121
25 0.15902 0.165958 0.00218806
26 0.158991 0.16569 0.00211923
27 0.173785 0.16599 0.00206115
28 0.177417 0.166398 0.00202767
29 0.170545 0.166541 0.00196172
30 0.153559 0.166109 0.00194398
31 0.168694 0.166192 0.00188208
32 0.166858 0.166213 0.00182243
33 0.180168 0.166636 0.00181626
34 0.166489 0.166631 0.00176203
35 0.165051 0.166586 0.00171154
36 0.161292 0.166439 0.00166981
37 0.17052 0.166549 0.0016278
38 0.149494 0.166101 0.00164672
39 0.175407 0.166339 0.0016216
40 0.171703 0.166473 0.00158622
41 0.180441 0.166814 0.00158411
42 0.15487 0.16653 0.00157187
43 0.16467 0.166486 0.00153549
44 0.161851 0.166381 0.00150388
45 0.161322 0.166269 0.00147437
46 0.178479 0.166534 0.00146619
47 0.15186 0.166222 0.00146824
48 0.180126 0.166511 0.00146622
49 0.16108 0.166401 0.00144026
50 0.168271 0.166438 0.00141166
