1 0.0827755 0.0827755 0
2 0.094313 0.0885442 0.00576875
3 0.0826195 0.0865693 0.0038721
4 0.0880874 0.0869488 0.00276416
5 0.084282 0.0864155 0.00220654
6 0.0965705 0.088108 0.00247193
7 0.0884105 0.0881512 0.00208961
8 0.098237 0.0894119 0.00220551
9 0.0827164 0.088668 0.0020825
10 0.094907 0.0892919 0.00196436
11 0.093432 0.0896683 0.00181625
12 0.0907855 0.0897614 0.00166062
13 0.0967445 0.0902985 0.00161924
14 0.0912924 0.0903695 0.0015008
15 0.0942924 0.090631 0.00142144
16 0.0979875 0.0910908 0.00140688
17 0.0963955 0.0914029 0.00135788
18 0.0972924 0.09173 0.00132137
19 0.093893 0.0918439 0.00125506
20 0.0854045 0.0915219 0.00123342
21 0.0911375 0.0915036 0.00117336
22 0.0839795 0.0911616 0.00116986
23 0.0766014 0.0905286 0.00128465
24 0.0882 0.0904315 0.00123378
25 0.0928094 0.0905266 0.00118722
26 0.0948624 0.0906934 0.00115277
27 0.089075 0.0906335 0.00111087
28 0.0966474 0.0908482 0.0010918
29 0.0896714 0.0908077 0.00105426
30 0.0961374 0.0909853 0.00103389
31 0.089425 0.090935 0.00100125
32 0.0880095 0.0908436 0.000973753
33 0.0880114 0.0907577 0.000947678
34 0.083078 0.0905319 0.000946723
35 0.0857564 0.0903954 0.000929347
36 0.092033 0.0904409 0.000904307
37 0.087012 0.0903482 0.000884396
38 0.0759664 0.0899698 0.000940335
39 0.081927 0.0897635 0.000938836
40 0.0911125 0.0897973 0.000915686
41 0.0918464 0.0898472 0.00089447
42 0.0799255 0.089611 0.000904314
43 0.0909094 0.0896412 0.000883549
44 0.091153 0.0896756 0.000863918
45 0.0835924 0.0895404 0.000855253
46 0.0989174 0.0897442 0.000860935
47 0.0956624 0.0898702 0.000851776
48 0.0908814 0.0898912 0.000834108
49 0.086072 0.0898133 0.000820618
50 0.0795355 0.0896077 0.000829898
