1 -0.00448 -0.00448 0
2 0.02384 0.00968 0.01416
3 0.01576 0.0117067 0.00842274
4 -0.00392 0.0078 0.00712273
5 0.00848 0.007936 0.00551892
6 0.00776 0.00790667 0.00450628
7 0.0052 0.00752 0.00382808
8 0.01904 0.00896 0.00361445
9 -0.00536 0.00736889 0.00356268
10 -0.00088 0.006544 0.0032916
11 -0.00256 0.00571636 0.00309025
12 0.0044 0.00560667 0.00282313
13 0.01504 0.00633231 0.00269638
14 -0.00312 0.00565714 0.00258605
15 0.0132 0.00616 0.00245944
16 -0.00672 0.005355 0.00243737
17 -0.00224 0.00490824 0.00233269
18 -0.00736 0.00422667 0.00230247
19 -0.00032 0.00398737 0.00219103
20 0.00688 0.004132 0.00208362
21 -0.00136 0.00387048 0.0019991
22 0.00368 0.00386182 0.00190608
23 0.00904 0.00408696 0.00183519
24 0.00616 0.00417333 0.00175918
25 -0.0168 0.0033344 0.0018844
26 0.00528 0.00340923 0.00181202
27 0 0.00328296 0.00174818
28 0.01224 0.00360286 0.00171469
29 -0.00384 0.00334621 0.0016743
30 -0.01528 0.00272533 0.00173259
31 0.00176 0.00269419 0.00167606
32 -0.00424 0.0024775 0.00163724
33 0.00512 0.00255758 0.00158887
34 0.00168 0.00253176 0.00154164
35 0.00368 0.00256457 0.00149731
36 -0.01104 0.00218667 0.00150339
37 0.00224 0.00218811 0.0014622
38 0.0048 0.00225684 0.00142486
39 -0.00512 0.00206769 0.00140067
40 0.00176 0.00206 0.00136523
41 -0.0072 0.00183415 0.00135053
42 0.01344 0.00211048 0.00134664
43 -0.00816 0.00187163 0.00133647
44 0.01144 0.00208909 0.00132373
45 0.00744 0.002208 0.00129943
46 -0.0052 0.00204696 0.00128103
47 -0.00104 0.00198128 0.00125519
48 0.0076 0.00209833 0.00123433
49 0.00904 0.00224 0.00121715
50 0.00224 0.00224 0.00119256
