1 0.350151 0.350151 0
2 0.347271 0.348711 0.00144
3 0.316018 0.337813 0.0109294
4 0.371627 0.346267 0.0114536
5 0.332444 0.343502 0.00929265
6 0.385564 0.350513 0.0103303
7 0.377742 0.354403 0.00955804
8 0.280107 0.345116 0.0124405
9 0.374578 0.348389 0.0114494
10 0.332267 0.346777 0.0103668
11 0.341369 0.346285 0.00939001
12 0.354987 0.34701 0.00860248
13 0.35072 0.347296 0.00791828
14 0.355129 0.347855 0.00735222
15 0.314738 0.345647 0.00719182
16 0.34304 0.345484 0.00672931
17 0.342684 0.34532 0.00632323
18 0.347413 0.345436 0.00596273
19 0.336462 0.344964 0.00565992
20 0.334044 0.344418 0.00539716
21 0.355093 0.344926 0.00515883
22 0.343076 0.344842 0.00491947
23 0.314738 0.343533 0.00487954
24 0.369422 0.344612 0.00479472
25 0.353387 0.344963 0.00461231
26 0.358507 0.345484 0.00446188
27 0.347911 0.345574 0.00429438
28 0.338453 0.345319 0.00414598
29 0.354987 0.345653 0.00401432
30 0.333831 0.345259 0.00389817
31 0.345102 0.345254 0.00377033
32 0.381013 0.346371 0.00381782
33 0.305884 0.345144 0.00389841
34 0.362524 0.345655 0.0038164
35 0.331271 0.345244 0.00372847
36 0.364587 0.345782 0.00366304
37 0.371307 0.346472 0.00362884
38 0.335182 0.346175 0.00354453
39 0.323591 0.345595 0.00350067
40 0.375004 0.346331 0.00349035
41 0.33856 0.346141 0.00340943
42 0.325724 0.345655 0.00336258
43 0.355556 0.345885 0.00329151
44 0.311467 0.345103 0.00330961
45 0.378844 0.345853 0.00332098
46 0.362382 0.346212 0.0032678
47 0.318969 0.345633 0.00324963
48 0.338453 0.345483 0.00318472
49 0.329351 0.345154 0.00313638
50 0.328498 0.344821 0.00309101
