1 -0.37648 -0.37648 0
2 -0.38928 -0.38288 0.0064
3 -0.38576 -0.38384 0.00381771
4 -0.3872 -0.38468 0.0028272
5 -0.38336 -0.384416 0.0022058
6 -0.37968 -0.383627 0.0019664
7 -0.37888 -0.382949 0.00179493
8 -0.37312 -0.38172 0.00198134
9 -0.38 -0.381529 0.0017578
10 -0.3848 -0.381856 0.00160589
11 -0.37504 -0.381236 0.00157922
12 -0.37696 -0.38088 0.00148502
13 -0.38448 -0.381157 0.00139381
14 -0.3792 -0.381017 0.00129796
15 -0.37664 -0.380725 0.00124307
16 -0.3744 -0.38033 0.00122816
17 -0.38208 -0.380433 0.00115824
18 -0.3856 -0.38072 0.00112909
19 -0.38848 -0.381128 0.00114345
20 -0.37248 -0.380696 0.00116778
21 -0.38 -0.380663 0.00111127
22 -0.3816 -0.380705 0.00106041
23 -0.38384 -0.380842 0.00102238
24 -0.37024 -0.3804 0.00107392
25 -0.38992 -0.380781 0.0010982
26 -0.38144 -0.380806 0.00105542
27 -0.37952 -0.380759 0.0010167
28 -0.38176 -0.380794 0.000980365
29 -0.37264 -0.380513 0.000986862
30 -0.37504 -0.380331 0.000970697
31 -0.37968 -0.38031 0.000939097
32 -0.37792 -0.380235 0.000912338
33 -0.37696 -0.380136 0.000889811
34 -0.38224 -0.380198 0.000865459
35 -0.37888 -0.38016 0.000841211
36 -0.37296 -0.37996 0.000841619
37 -0.37616 -0.379857 0.000824974
38 -0.38688 -0.380042 0.000823964
39 -0.38448 -0.380156 0.000810586
40 -0.37552 -0.38004 0.000798517
41 -0.38416 -0.38014 0.000785253
42 -0.392 -0.380423 0.000816696
43 -0.39392 -0.380737 0.000857026
44 -0.38272 -0.380782 0.000838534
45 -0.36944 -0.38053 0.000857563
46 -0.388 -0.380692 0.00085429
47 -0.38032 -0.380684 0.000835954
48 -0.3832 -0.380737 0.000820029
49 -0.38192 -0.380761 0.000803483
50 -0.37456 -0.380637 0.000796957
