1 0.0437631 0.0437631 0
2 0.0407694 0.0422662 0.00149687
3 0.0377683 0.0407669 0.00173054
4 0.0395485 0.0404623 0.00126102
5 0.039711 0.0403121 0.000988274
6 0.0360844 0.0396074 0.00107126
7 0.042534 0.0400255 0.000997247
8 0.0430743 0.0404066 0.000943985
9 0.0405196 0.0404192 0.000832612
10 0.0446041 0.0408377 0.000854244
11 0.0345283 0.0402641 0.000962311
12 0.0387262 0.0401359 0.000887765
13 0.0413481 0.0402292 0.000821931
14 0.0406642 0.0402602 0.000761595
15 0.0408885 0.0403021 0.000710242
16 0.0427478 0.040455 0.000681728
17 0.0421241 0.0405532 0.000647855
18 0.0373657 0.0403761 0.000635955
19 0.043072 0.040518 0.000618061
20 0.0382886 0.0404065 0.000596845
21 0.039273 0.0403525 0.000570273
22 0.042487 0.0404496 0.000552322
23 0.0377389 0.0403317 0.000540761
24 0.04334 0.040457 0.000532697
25 0.0372431 0.0403285 0.00052687
26 0.0374851 0.0402191 0.000517878
27 0.0392351 0.0401827 0.00049966
28 0.0425143 0.040266 0.000488632
29 0.0436232 0.0403817 0.000485486
30 0.0368727 0.0402648 0.000483389
31 0.0367 0.0401498 0.00048147
32 0.037727 0.0400741 0.000472289
33 0.0407263 0.0400938 0.00045818
34 0.0373764 0.0400139 0.000451628
35 0.0394764 0.0399985 0.000438804
36 0.0382294 0.0399494 0.000429263
37 0.037579 0.0398853 0.000422387
38 0.0415121 0.0399281 0.000413344
39 0.0441339 0.040036 0.000416799
40 0.038272 0.0399919 0.000408632
41 0.0379282 0.0399415 0.000401706
42 0.0416646 0.0399826 0.000394166
43 0.0419761 0.0400289 0.000387672
44 0.0369089 0.039958 0.000385339
45 0.0433012 0.0400323 0.000383935
46 0.0374062 0.0399752 0.000379811
47 0.0379116 0.0399313 0.000374227
48 0.0430007 0.0399953 0.000371886
49 0.0386234 0.0399673 0.000365292
50 0.0415217 0.0399984 0.00035926
