1 0.0537853 0.0537853 0
2 0.0529317 0.0533585 0.000426793
3 0.0474453 0.0513874 0.0019864
4 0.0492164 0.0508447 0.00150581
5 0.0447988 0.0496355 0.00168006
6 0.0443263 0.0487506 0.0016324
7 0.0490293 0.0487904 0.0013802
8 0.042368 0.0479876 0.00143987
9 0.0470019 0.0478781 0.00127456
10 0.0503061 0.0481209 0.00116557
11 0.047221 0.0480391 0.00105747
12 0.0483735 0.048067 0.000965732
13 0.0474886 0.0480225 0.000889458
14 0.0447128 0.0477861 0.000856739
15 0.0435346 0.0475026 0.000846445
16 0.0501909 0.0476707 0.000809407
17 0.0483214 0.0477089 0.000761268
18 0.0502888 0.0478523 0.000731901
19 0.0398184 0.0474294 0.000811223
20 0.0463543 0.0473757 0.000771469
21 0.0464756 0.0473328 0.000735064
22 0.0426047 0.0471179 0.000733067
23 0.0446274 0.0470096 0.00070879
24 0.0503363 0.0471482 0.000692627
25 0.0483512 0.0471963 0.000666085
26 0.0439113 0.04707 0.000652306
27 0.0502769 0.0471888 0.000638821
28 0.0396389 0.0469191 0.000672047
29 0.0465525 0.0469065 0.000648582
30 0.04541 0.0468566 0.000628572
31 0.04599 0.0468286 0.0006086
32 0.0468847 0.0468304 0.000589277
33 0.0444618 0.0467586 0.000575634
34 0.0451553 0.0467115 0.000560434
35 0.0498804 0.046802 0.000551667
36 0.0494101 0.0468745 0.000540997
37 0.0489899 0.0469316 0.000529269
38 0.0516614 0.0470561 0.000529976
39 0.0441493 0.0469816 0.000521561
40 0.0522366 0.0471129 0.000525057
41 0.0442125 0.0470422 0.000516953
42 0.0449359 0.0469921 0.000506981
43 0.0455892 0.0469594 0.000496125
44 0.0479159 0.0469812 0.000485205
45 0.0403013 0.0468327 0.000496986
46 0.0432742 0.0467554 0.00049218
47 0.0448317 0.0467144 0.00048333
48 0.0496574 0.0467757 0.00047711
49 0.0467988 0.0467762 0.000467272
50 0.0506611 0.0468539 0.000464377
