1 0.343353 0.343353 0
2 0.342945 0.343149 0.000204255
3 0.352613 0.346304 0.00315681
4 0.321123 0.340009 0.00667909
5 0.356187 0.343244 0.00610214
6 0.298383 0.335767 0.00898487
7 0.297804 0.330344 0.0093314
8 0.309413 0.327728 0.00849422
9 0.352545 0.330485 0.00798258
10 0.302604 0.327697 0.0076649
11 0.331166 0.328012 0.00694033
12 0.354179 0.330193 0.00670036
13 0.315983 0.3291 0.00625962
14 0.310502 0.327771 0.00594558
15 0.297702 0.325767 0.00588686
16 0.352885 0.327462 0.00576159
17 0.32623 0.327389 0.00541255
18 0.335796 0.327856 0.00512433
19 0.342026 0.328602 0.00490416
20 0.343796 0.329362 0.00471411
21 0.319762 0.328905 0.00450726
22 0.338791 0.329354 0.00432094
23 0.34686 0.330115 0.00419836
24 0.338111 0.330448 0.00403341
25 0.320749 0.33006 0.00388812
26 0.329055 0.330022 0.00373578
27 0.320783 0.329679 0.00361101
28 0.348153 0.330339 0.00354165
29 0.317209 0.329886 0.00344721
30 0.294128 0.328694 0.0035372
31 0.316357 0.328296 0.00344426
32 0.339609 0.32865 0.00335358
33 0.330962 0.32872 0.00325112
34 0.333277 0.328854 0.0031569
35 0.309957 0.328314 0.00311256
36 0.301243 0.327562 0.00311693
37 0.334877 0.32776 0.00303796
38 0.323234 0.327641 0.00295933
39 0.305021 0.327061 0.00294022
40 0.347745 0.327578 0.00291205
41 0.348017 0.328076 0.00288356
42 0.340323 0.328368 0.00282913
43 0.360511 0.329115 0.0028619
44 0.34737 0.32953 0.00282671
45 0.341004 0.329785 0.00277492
46 0.313021 0.329421 0.00273829
47 0.315166 0.329118 0.0026965
48 0.330145 0.329139 0.00263982
49 0.333855 0.329235 0.00258717
50 0.309072 0.328832 0.00256678
