1 -0.00048 -0.00048 0
2 0.0256 0.01256 0.01304
3 0.01608 0.0137333 0.00761953
4 -0.01424 0.00674 0.0088281
5 0.0156 0.008512 0.00706408
6 -0.01112 0.00524 0.00663125
7 -0.00888 0.00322286 0.00595638
8 -0.01152 0.00138 0.00547768
9 -0.00312 0.00088 0.00485667
10 0.00352 0.001144 0.00435195
11 -0.00712 0.000392727 0.00400753
12 0.00456 0.00074 0.00367481
13 0.01144 0.00156308 0.00347909
14 0.00176 0.00157714 0.00322105
15 0.01288 0.00233067 0.00309186
16 -0.00104 0.00212 0.00289983
17 -0.00432 0.00174118 0.00275013
18 -0.01048 0.00106222 0.00268027
19 -0.004 0.000795789 0.00254924
20 0.00168 0.00084 0.00241883
21 -0.00696 0.000468571 0.00233055
22 0.02008 0.00136 0.00239423
23 0.00048 0.00132174 0.00228809
24 -0.00888 0.000896667 0.00223154
25 -0.01632 0.000208 0.00224847
26 -0.00832 -0.00012 0.00218502
27 0.004 3.25926e-05 0.00210807
28 -0.0112 -0.000368571 0.00207062
29 0.00032 -0.000344828 0.00199808
30 -0.01064 -0.000688 0.0019606
31 0.0028 -0.000575484 0.00189964
32 -0.0076 -0.000795 0.00185237
33 0.01544 -0.00030303 0.00186154
34 0.00184 -0.00024 0.00180706
35 0.00368 -0.000128 0.00175824
36 0.0072 7.55556e-05 0.00172079
37 0.00544 0.000220541 0.0016799
38 -0.01184 -9.68421e-05 0.00166561
39 -0.00824 -0.000305641 0.00163572
40 -0.02056 -0.000812 0.00167279
41 -0.01 -0.0010361 0.0016468
42 -0.0132 -0.00132571 0.001633
43 -0.01512 -0.00164651 0.00162652
44 -0.00528 -0.00172909 0.00159126
45 0.002 -0.00164622 0.00155771
46 0.00728 -0.00145217 0.00153578
47 -0.01896 -0.00182468 0.00154823
48 -0.00048 -0.00179667 0.00151589
49 -0.02 -0.00216816 0.0015304
50 0.00464 -0.002032 0.00150565
