1 0.363239 0.363239 0
2 0.367968 0.365604 0.00236444
3 0.343968 0.358392 0.00733991
4 0.371992 0.361792 0.00620465
5 0.376786 0.364791 0.00566493
6 0.356654 0.363435 0.00482008
7 0.37419 0.364971 0.00435385
8 0.415555 0.371294 0.00736184
9 0.384839 0.372799 0.00666469
10 0.373959 0.372915 0.00596221
11 0.393133 0.374753 0.00569763
12 0.389867 0.376013 0.00535152
13 0.322805 0.37192 0.0064019
14 0.353383 0.370596 0.0060731
15 0.344089 0.368829 0.00592347
16 0.388441 0.370054 0.00567487
17 0.367022 0.369876 0.00533359
18 0.342165 0.368336 0.00525893
19 0.379928 0.368947 0.00501173
20 0.35905 0.368452 0.00478022
21 0.362112 0.36815 0.00455691
22 0.327772 0.366314 0.00471658
23 0.378272 0.366834 0.00453673
24 0.402492 0.36832 0.00459067
25 0.36261 0.368092 0.00440914
26 0.357689 0.367692 0.00425501
27 0.373308 0.3679 0.00409967
28 0.346955 0.367152 0.00402074
29 0.370564 0.367269 0.0038814
30 0.405959 0.368559 0.00396537
31 0.399897 0.36957 0.00396631
32 0.362546 0.36935 0.00384663
33 0.34549 0.368627 0.00379771
34 0.386214 0.369144 0.00372045
35 0.375644 0.36933 0.00361736
36 0.364689 0.369201 0.0035178
37 0.355068 0.368819 0.00344267
38 0.355328 0.368464 0.0033696
39 0.369667 0.368495 0.00328221
40 0.402506 0.369345 0.00331017
41 0.367054 0.369289 0.00322891
42 0.380939 0.369567 0.00316327
43 0.398644 0.370243 0.00316199
44 0.403608 0.371001 0.00318099
45 0.373457 0.371056 0.00310998
46 0.317045 0.369882 0.00326038
47 0.386439 0.370234 0.00320964
48 0.377617 0.370388 0.00314583
49 0.390467 0.370798 0.00310809
50 0.363524 0.370652 0.00304877
