1 0.570477 0.570477 0
2 0.619252 0.594865 0.0243871
3 0.575381 0.58837 0.0155056
4 0.614348 0.594865 0.0127433
5 0.6272 0.601332 0.0118008
6 0.610116 0.602796 0.0097459
7 0.639639 0.608059 0.00977481
8 0.649445 0.613232 0.00992083
9 0.633703 0.615507 0.00904017
10 0.560929 0.610049 0.00975536
11 0.594839 0.608666 0.00893174
12 0.63649 0.610985 0.00847681
13 0.608877 0.610823 0.00779921
14 0.6032 0.610278 0.00724117
15 0.67391 0.61452 0.00796483
16 0.691665 0.619342 0.00887444
17 0.669419 0.622288 0.00884125
18 0.592568 0.620637 0.00849756
19 0.590194 0.619034 0.00819603
20 0.624206 0.619293 0.00777973
21 0.611045 0.6189 0.00741042
22 0.614142 0.618684 0.00706886
23 0.594477 0.617631 0.00683604
24 0.572026 0.615731 0.00681528
25 0.637832 0.616615 0.00659649
26 0.600465 0.615994 0.00636807
27 0.562684 0.61402 0.00643793
28 0.601497 0.613572 0.00621984
29 0.605987 0.613311 0.00600723
30 0.666632 0.615088 0.00606961
31 0.660181 0.616543 0.00604807
32 0.591587 0.615763 0.00590772
33 0.616 0.61577 0.00572591
34 0.64929 0.616756 0.00564176
35 0.607174 0.616482 0.00548503
36 0.617652 0.616515 0.00533059
37 0.672568 0.61803 0.00540132
38 0.557471 0.616436 0.0054935
39 0.613419 0.616359 0.00535134
40 0.644903 0.617072 0.00526444
41 0.618529 0.617108 0.00513455
42 0.624 0.617272 0.0050135
43 0.638039 0.617755 0.00491928
44 0.631329 0.618063 0.00481607
45 0.564903 0.616882 0.00485378
46 0.599639 0.616507 0.00476187
47 0.603561 0.616232 0.00466759
48 0.584877 0.615578 0.00461576
49 0.610013 0.615465 0.00452201
50 0.626632 0.615688 0.00443627
