1 -0.2968 -0.2968 0
2 -0.2992 -0.298 0.0012
3 -0.29584 -0.29728 0.0009992
4 -0.29024 -0.29552 0.00189652
5 -0.29968 -0.296352 0.00168828
6 -0.28672 -0.294747 0.00211596
7 -0.30512 -0.296229 0.00232252
8 -0.28816 -0.29522 0.00225007
9 -0.27696 -0.293191 0.00283798
10 -0.28928 -0.2928 0.00256832
11 -0.29888 -0.293353 0.00238798
12 -0.29568 -0.293547 0.00218853
13 -0.2952 -0.293674 0.00201717
14 -0.30208 -0.294274 0.00196169
15 -0.30624 -0.295072 0.00199285
16 -0.29168 -0.29486 0.00187616
17 -0.29424 -0.294824 0.00176272
18 -0.28896 -0.294498 0.00169353
19 -0.29024 -0.294274 0.00161752
20 -0.29056 -0.294088 0.00154571
21 -0.2888 -0.293836 0.00149167
22 -0.29488 -0.293884 0.00142304
23 -0.29088 -0.293753 0.00136602
24 -0.29296 -0.29372 0.00130828
25 -0.29856 -0.293914 0.00126971
26 -0.28304 -0.293495 0.00128959
27 -0.30304 -0.293849 0.00129028
28 -0.30144 -0.29412 0.00127256
29 -0.28752 -0.293892 0.00124881
30 -0.29328 -0.293872 0.00120664
31 -0.28912 -0.293719 0.00117709
32 -0.29744 -0.293835 0.00114563
33 -0.2936 -0.293828 0.00111039
34 -0.29632 -0.293901 0.00107973
35 -0.29568 -0.293952 0.00104966
36 -0.28672 -0.293751 0.00103968
37 -0.29264 -0.293721 0.00101163
38 -0.2992 -0.293865 0.000995151
39 -0.29024 -0.293772 0.000973746
40 -0.304 -0.294028 0.000982929
41 -0.28512 -0.293811 0.000982968
42 -0.30176 -0.294 0.000977772
43 -0.29456 -0.294013 0.000954851
44 -0.29584 -0.294055 0.000933821
45 -0.29232 -0.294016 0.000913647
46 -0.29808 -0.294104 0.000897922
47 -0.30176 -0.294267 0.00089358
48 -0.2944 -0.29427 0.00087477
49 -0.30176 -0.294423 0.000870262
50 -0.29376 -0.29441 0.000852782
