1 -0.72368 -0.72368 0
2 -0.72032 -0.722 0.00168
3 -0.72272 -0.72224 0.0009992
4 -0.7248 -0.72288 0.00095331
5 -0.72912 -0.724128 0.0014501
6 -0.72816 -0.7248 0.00136141
7 -0.71472 -0.72336 0.00184323
8 -0.72368 -0.7234 0.00159678
9 -0.72528 -0.723609 0.00142364
10 -0.72288 -0.723536 0.00127543
11 -0.72448 -0.723622 0.00115685
12 -0.72544 -0.723773 0.00106687
13 -0.72208 -0.723643 0.000989985
14 -0.71968 -0.72336 0.000959267
15 -0.71344 -0.722699 0.00111124
16 -0.71424 -0.72217 0.00116619
17 -0.72624 -0.722409 0.0011213
18 -0.71296 -0.721884 0.00118034
19 -0.72144 -0.721861 0.00111673
20 -0.72016 -0.721776 0.00106284
21 -0.72064 -0.721722 0.0010124
22 -0.72544 -0.721891 0.000979973
23 -0.72368 -0.721969 0.000939622
24 -0.72352 -0.722033 0.000901939
25 -0.7216 -0.722016 0.000865283
26 -0.72336 -0.722068 0.000832943
27 -0.71792 -0.721914 0.000816088
28 -0.72672 -0.722086 0.000804915
29 -0.7264 -0.722234 0.000790784
30 -0.7184 -0.722107 0.000774588
31 -0.71408 -0.721848 0.000792666
32 -0.72352 -0.7219 0.000769273
33 -0.71408 -0.721663 0.000782349
34 -0.71504 -0.721468 0.000783588
35 -0.71872 -0.72139 0.000764912
36 -0.7128 -0.721151 0.000780715
37 -0.7216 -0.721163 0.000759419
38 -0.71808 -0.721082 0.000743604
39 -0.71872 -0.721022 0.000726814
40 -0.7176 -0.720936 0.000713556
41 -0.72448 -0.721022 0.000701283
42 -0.72368 -0.721086 0.000687301
43 -0.72096 -0.721083 0.000671133
44 -0.71792 -0.721011 0.000659631
45 -0.71104 -0.720789 0.000681814
46 -0.72544 -0.72089 0.000674448
47 -0.71488 -0.720763 0.000672218
48 -0.72464 -0.720843 0.000663004
49 -0.72688 -0.720967 0.000660916
50 -0.71904 -0.720928 0.000648708
