1 -0.76704 -0.76704 0
2 -0.76688 -0.76696 8e-05
3 -0.76528 -0.7664 0.000561902
4 -0.76064 -0.76496 0.00149381
5 -0.75936 -0.76384 0.00161037
6 -0.75328 -0.76208 0.00219692
7 -0.75968 -0.761737 0.00188813
8 -0.7608 -0.76162 0.00163936
9 -0.75776 -0.761191 0.00150805
10 -0.76624 -0.761696 0.00144024
11 -0.75728 -0.761295 0.0013632
12 -0.76048 -0.761227 0.00124627
13 -0.764 -0.76144 0.00116608
14 -0.76064 -0.761383 0.0010811
15 -0.76048 -0.761323 0.00100824
16 -0.7712 -0.76194 0.0011272
17 -0.75168 -0.761336 0.00121875
18 -0.76192 -0.761369 0.00114951
19 -0.76512 -0.761566 0.0011051
20 -0.75824 -0.7614 0.0010615
21 -0.7608 -0.761371 0.00101009
22 -0.76032 -0.761324 0.000964272
23 -0.76672 -0.761558 0.000950797
24 -0.75504 -0.761287 0.000949971
25 -0.76224 -0.761325 0.000911978
26 -0.77232 -0.761748 0.000972915
27 -0.7664 -0.76192 0.000951913
28 -0.75744 -0.76176 0.000931136
29 -0.764 -0.761837 0.000901768
30 -0.7704 -0.762123 0.000916756
31 -0.76368 -0.762173 0.000888112
32 -0.76112 -0.76214 0.00086054
33 -0.76128 -0.762114 0.000834462
34 -0.75344 -0.761859 0.000848794
35 -0.76112 -0.761838 0.000824456
36 -0.75664 -0.761693 0.000814132
37 -0.76064 -0.761665 0.000792335
38 -0.7544 -0.761474 0.000794545
39 -0.75728 -0.761366 0.000781339
40 -0.75008 -0.761084 0.000812143
41 -0.76576 -0.761198 0.000800256
42 -0.75968 -0.761162 0.000781806
43 -0.76704 -0.761299 0.00077555
44 -0.76128 -0.761298 0.000757719
45 -0.76512 -0.761383 0.000745543
46 -0.7616 -0.761388 0.000729171
47 -0.76768 -0.761522 0.000725939
48 -0.75648 -0.761417 0.000718375
49 -0.7568 -0.761322 0.000709842
50 -0.76464 -0.761389 0.000698658
