1 1.18909 1.18909 0
2 1.14291 1.166 0.0230909
3 1.12778 1.15326 0.0184397
4 1.12298 1.14569 0.0150768
5 1.22785 1.16212 0.0201599
6 1.07404 1.14744 0.0220564
7 1.17011 1.15068 0.0189202
8 0.999345 1.13176 0.0250266
9 1.03571 1.12109 0.0245164
10 1.05251 1.11423 0.0229756
11 1.3312 1.13396 0.0286522
12 1.14058 1.13451 0.0261616
13 1.10713 1.1324 0.0241571
14 1.13964 1.13292 0.0223711
15 1.15571 1.13444 0.0208817
16 1.22356 1.14001 0.0203118
17 1.12916 1.13937 0.0190903
18 1.08524 1.13636 0.018248
19 1.15338 1.13726 0.0172841
20 1.0984 1.13532 0.0165119
21 1.30982 1.14363 0.0177687
22 1.11193 1.14219 0.0170029
23 1.08065 1.13951 0.0164656
24 1.24538 1.14392 0.0163702
25 1.08618 1.14161 0.0158707
26 1.07258 1.13896 0.0154775
27 1.20815 1.14152 0.0151121
28 1.25273 1.14549 0.0150943
29 1.11484 1.14443 0.0146028
30 1.23367 1.14741 0.0144178
31 0.988727 1.14229 0.0148548
32 1.20931 1.14438 0.0145348
33 1.12575 1.14382 0.0140987
34 1.12822 1.14336 0.0136855
35 1.14175 1.14331 0.0132888
36 1.15418 1.14362 0.0129179
37 1.13396 1.14336 0.0125666
38 1.04073 1.14065 0.0125261
39 1.05331 1.13841 0.0124045
40 1.17491 1.13933 0.0121248
41 1.14131 1.13938 0.0118255
42 1.13338 1.13923 0.0115414
43 1.08022 1.13786 0.011353
44 1.17185 1.13863 0.0111189
45 1.15396 1.13897 0.0108743
46 1.15295 1.13928 0.0106396
47 1.09636 1.13836 0.0104508
48 1.01069 1.1357 0.0105708
49 1.14916 1.13598 0.0103565
50 1.03425 1.13394 0.0103492
