1 0.368722 0.368722 0
2 0.423233 0.395978 0.0272557
3 0.452366 0.414774 0.0245137
4 0.44414 0.422115 0.0188244
5 0.45694 0.42908 0.0161593
6 0.412462 0.42631 0.0134816
7 0.404475 0.423191 0.0118133
8 0.414048 0.422048 0.0102943
9 0.441349 0.424193 0.00932854
10 0.398053 0.421579 0.00874357
11 0.42907 0.42226 0.00793813
12 0.442228 0.423924 0.00743509
13 0.38896 0.421234 0.00734911
14 0.38526 0.418665 0.00727302
15 0.411508 0.418188 0.0067876
16 0.419968 0.418299 0.00635019
17 0.399739 0.417207 0.00606406
18 0.441416 0.418552 0.00587331
19 0.386529 0.416867 0.00580562
20 0.404965 0.416272 0.00553975
21 0.388448 0.414947 0.00543337
22 0.430075 0.415634 0.00522595
23 0.427822 0.416164 0.00502161
24 0.46789 0.418319 0.0052688
25 0.422149 0.418473 0.00505597
26 0.398811 0.417716 0.00491613
27 0.421632 0.417861 0.00473277
28 0.418232 0.417875 0.00456063
29 0.4184 0.417893 0.0044006
30 0.413792 0.417756 0.00425358
31 0.387803 0.41679 0.00422602
32 0.417857 0.416823 0.00409196
33 0.454318 0.417959 0.00412557
34 0.477208 0.419702 0.0043653
35 0.393537 0.418954 0.00430416
36 0.477516 0.420581 0.00448807
37 0.4083 0.420249 0.00437768
38 0.445792 0.420921 0.00431362
39 0.48795 0.42264 0.00453949
40 0.49556 0.424463 0.00478538
41 0.369541 0.423124 0.00485564
42 0.430075 0.423289 0.00474151
43 0.448082 0.423866 0.00466569
44 0.445358 0.424354 0.00458452
45 0.385249 0.423485 0.00456496
46 0.404352 0.423069 0.00448395
47 0.396411 0.422502 0.00442402
48 0.4269 0.422594 0.00433184
49 0.438528 0.422919 0.00425496
50 0.392524 0.422311 0.00421308
