1 0.286767 0.286767 0
2 0.342033 0.3144 0.0276333
3 0.3115 0.313433 0.0159834
4 0.293267 0.308392 0.0123755
5 0.296167 0.305947 0.0098929
6 0.3086 0.306389 0.00808962
7 0.3276 0.309419 0.00747837
8 0.3299 0.311979 0.00696411
9 0.299467 0.310589 0.00629715
10 0.293767 0.308907 0.0058782
11 0.308433 0.308864 0.0053172
12 0.309233 0.308894 0.00485402
13 0.3215 0.309864 0.00456912
14 0.334433 0.311619 0.00457977
15 0.325167 0.312522 0.00435815
16 0.307367 0.3122 0.00408939
17 0.313767 0.312292 0.00384242
18 0.3223 0.312848 0.00366508
19 0.2938 0.311846 0.00360887
20 0.3114 0.311823 0.00342374
21 0.337733 0.313057 0.00348252
22 0.294067 0.312194 0.00343082
23 0.3256 0.312777 0.00332967
24 0.3417 0.313982 0.0034081
25 0.333 0.314743 0.00335629
26 0.3381 0.315641 0.00334742
27 0.3123 0.315517 0.00322343
28 0.272333 0.313975 0.00346799
29 0.318667 0.314137 0.00335018
30 0.2843 0.313142 0.00338594
31 0.322233 0.313435 0.003288
32 0.335067 0.314111 0.00325457
33 0.329633 0.314582 0.00318928
34 0.300967 0.314181 0.00311986
35 0.303867 0.313887 0.00304371
36 0.326267 0.314231 0.00297788
37 0.339033 0.314901 0.00297284
38 0.321133 0.315065 0.00289819
39 0.302033 0.314731 0.00284261
40 0.3048 0.314482 0.00278174
41 0.321967 0.314665 0.00271917
42 0.344533 0.315376 0.00274728
43 0.319367 0.315469 0.00268423
44 0.335533 0.315925 0.00266187
45 0.3192 0.315998 0.00260306
46 0.2736 0.315076 0.00270755
47 0.346433 0.315743 0.00273204
48 0.2846 0.315094 0.00275209
49 0.296667 0.314718 0.00272145
50 0.325233 0.314929 0.00267474
