1 0.00432 0.00432 0
2 0.012 0.00816 0.00384
3 0.00288 0.0064 0.00283069
4 0.00304 0.00556 0.00217071
5 0.0016 0.004768 0.00185862
6 0.00744 0.00521333 0.00158155
7 0.00272 0.00485714 0.0013833
8 -0.00176 0.00403 0.00145578
9 0.01672 0.00544 0.00190695
10 -0.0056 0.004336 0.00203174
11 0.00832 0.00469818 0.00187313
12 0.01576 0.00562 0.00194257
13 -0.0092 0.00448 0.00211958
14 -0.00256 0.00397714 0.00202576
15 0.0016 0.00381867 0.00189253
16 0.00256 0.00374 0.00177204
17 -0.0068 0.00312 0.00177626
18 -0.01312 0.00221778 0.00190225
19 0.00064 0.00213474 0.00180126
20 -0.01944 0.001056 0.00202083
21 -0.0024 0.000891429 0.00192923
22 0.00104 0.000898182 0.00183946
23 -0.01016 0.000417391 0.00182223
24 -0.00696 0.00011 0.00177153
25 -0.00512 -9.92e-05 0.00171202
26 0.00424 6.76923e-05 0.0016533
27 0.0024 0.000154074 0.00159323
28 -0.00512 -3.42857e-05 0.00154679
29 0.00248 5.24138e-05 0.00149502
30 0.01824 0.000658667 0.0015664
31 0.00664 0.000851613 0.00152727
32 -0.01 0.0005125 0.00151715
33 0.01112 0.000833939 0.00150518
34 0.01032 0.00111294 0.00148666
35 0.01032 0.001376 0.00146733
36 0.01256 0.00168667 0.00145944
37 0.00336 0.00173189 0.00142016
38 -0.00928 0.00144211 0.00141234
39 0.01112 0.00169026 0.00139785
40 -0.00248 0.001586 0.00136644
41 0.00952 0.00177951 0.00134667
42 -0.00696 0.00157143 0.00133059
43 -0.00776 0.00135442 0.00131727
44 0.00184 0.00136545 0.00128703
45 0.0004 0.001344 0.00125829
46 -0.00072 0.00129913 0.00123145
47 0.01304 0.00154894 0.00123059
48 -0.0092 0.001325 0.00122531
49 -0.00584 0.00117878 0.00120892
50 -0.00176 0.00112 0.00118595
