1 0.249912 0.249912 0
2 0.3456 0.297756 0.0478438
3 0.307384 0.300966 0.0278085
4 0.29524 0.299534 0.0197156
5 0.313774 0.302382 0.0155349
6 0.289889 0.3003 0.012854
7 0.322683 0.303498 0.0113244
8 0.320364 0.305606 0.0100313
9 0.336302 0.309016 0.00948144
10 0.308731 0.308988 0.00848051
11 0.408673 0.31805 0.011873
12 0.26882 0.313948 0.011589
13 0.354565 0.317072 0.0111087
14 0.320512 0.317318 0.0102876
15 0.290463 0.315528 0.00974315
16 0.296197 0.314319 0.00919361
17 0.312786 0.314229 0.00863636
18 0.31572 0.314312 0.00814286
19 0.313672 0.314278 0.00770245
20 0.310943 0.314111 0.00730909
21 0.424443 0.319365 0.00871425
22 0.341048 0.320351 0.00836696
23 0.384507 0.32314 0.00846754
24 0.343096 0.323972 0.00814958
25 0.372178 0.3259 0.00805112
26 0.252616 0.323081 0.0082328
27 0.313774 0.322737 0.00792951
28 0.319488 0.322621 0.00764195
29 0.316027 0.322393 0.00737723
30 0.344658 0.323135 0.00716562
31 0.398848 0.325578 0.00734837
32 0.330644 0.325736 0.00711679
33 0.295419 0.324817 0.00695867
34 0.3106 0.324399 0.00676384
35 0.327327 0.324483 0.00656828
36 0.371528 0.32579 0.00651561
37 0.385408 0.327401 0.00653871
38 0.279634 0.326144 0.00648726
39 0.317932 0.325933 0.00632224
40 0.306642 0.325451 0.006181
41 0.36587 0.326437 0.00610844
42 0.340808 0.326779 0.00597104
43 0.322248 0.326674 0.00583148
44 0.329006 0.326727 0.00569765
45 0.411976 0.328621 0.00588296
46 0.316293 0.328353 0.00575989
47 0.295342 0.327651 0.0056796
48 0.359685 0.328318 0.00559992
49 0.265518 0.327037 0.00563221
50 0.337157 0.327239 0.00552213
