1 -0.00352 -0.00352 0
2 0.00336 -8e-05 0.00344
3 -0.0008 -0.00032 0.00200053
4 0.00512 0.00104 0.00196231
5 -0.0108 -0.001328 0.00281386
6 -0.01392 -0.00342667 0.00311174
7 -0.00912 -0.00424 0.0027528
8 0.00104 -0.00358 0.00247367
9 0.01056 -0.00200889 0.00268843
10 -0.01144 -0.002952 0.00258294
11 0.00096 -0.00259636 0.00236327
12 0.00704 -0.00179333 0.00230197
13 0.00664 -0.00114462 0.00221464
14 0.00496 -0.000708571 0.00209622
15 0.00112 -0.000586667 0.00195527
16 -0.00328 -0.000755 0.00183672
17 -0.0076 -0.00115765 0.00177166
18 -0.0084 -0.00156 0.00171811
19 -0.00544 -0.00176421 0.00163795
20 0.00728 -0.001312 0.00161836
21 0.00616 -0.00095619 0.00157996
22 -0.01256 -0.00148364 0.0015961
23 -0.00256 -0.00153043 0.00152584
24 0.00416 -0.00129333 0.00148
25 0.00304 -0.00112 0.00143011
26 -0.00288 -0.00118769 0.00137567
27 -0.01288 -0.00162074 0.00139277
28 -0.00704 -0.00181429 0.00135599
29 -8e-05 -0.00175448 0.00130976
30 0.00976 -0.00137067 0.00132228
31 0.00208 -0.00125935 0.00128375
32 0.0048 -0.00107 0.00125733
33 0.00136 -0.000996364 0.00122085
34 -0.01832 -0.00150588 0.00128935
35 0.0084 -0.00122286 0.00128356
36 -0.00144 -0.00122889 0.00124741
37 0.0092 -0.000947027 0.00124554
38 -0.00664 -0.00109684 0.00122154
39 -0.008 -0.00127385 0.0012029
40 0.00104 -0.001216 0.00117387
41 -0.00048 -0.00119805 0.00114502
42 0.00576 -0.00103238 0.00112964
43 -0.00168 -0.00104744 0.00110316
44 0.00632 -0.00088 0.00109073
45 -0.00048 -0.000871111 0.00106625
46 -0.00696 -0.00100348 0.00105118
47 -0.00888 -0.00117106 0.00104213
48 0.01112 -0.000915 0.00105184
49 -0.00232 -0.000943673 0.00103055
50 -0.0056 -0.0010368 0.00101401
