1 -0.0068 -0.0068 0
2 0.01152 0.00236 0.00916
3 0.00224 0.00232 0.00528868
4 -0.0068 4e-05 0.00437989
5 -0.00928 -0.001824 0.00387099
6 0.00616 -0.000493333 0.00342934
7 0.002 -0.000137143 0.00292013
8 0.00104 1e-05 0.00253318
9 -0.00672 -0.000737778 0.00235588
10 -0.00496 -0.00116 0.00214905
11 0.01064 -8.72727e-05 0.00222024
12 -0.00032 -0.000106667 0.00202688
13 0.00184 4.30769e-05 0.00187046
14 -0.00296 -0.000171429 0.00174495
15 -0.00376 -0.000410667 0.00164198
16 -0.00072 -0.00043 0.00153605
17 0.0144 0.000442353 0.00168608
18 0.01512 0.00125778 0.00178659
19 0.00312 0.00135579 0.00169279
20 -0.01152 0.000712 0.00173016
21 -0.00632 0.000377143 0.00167943
22 -0.01208 -0.000189091 0.00169844
23 0.00672 0.000111304 0.00165048
24 -0.00968 -0.000296667 0.00163203
25 0.0144 0.0002912 0.00167213
26 -0.00544 7.07692e-05 0.00162159
27 0.01376 0.000577778 0.00164068
28 -0.00832 0.00026 0.00161261
29 0.00808 0.000529655 0.00157921
30 -0.00016 0.000506667 0.00152583
31 0.0036 0.000606452 0.00147916
32 0.01264 0.0009825 0.00148074
33 -0.00568 0.000780606 0.0014493
34 0.00816 0.000997647 0.00142268
35 -0.00544 0.000813714 0.00139362
36 -0.00664 0.000606667 0.00137009
37 -0.01272 0.000246486 0.00138037
38 -0.00232 0.000178947 0.00134525
39 -0.01592 -0.000233846 0.00137379
40 0.00168 -0.000186 0.00133985
41 -0.00208 -0.000232195 0.00130758
42 0.00256 -0.000165714 0.0012778
43 0.00704 1.86047e-06 0.00125893
44 -0.00112 -2.36364e-05 0.00123025
45 -0.00664 -0.000170667 0.00121156
46 0.01008 5.21739e-05 0.0012057
47 -0.0016 1.70213e-05 0.00118029
48 0.00336 8.66667e-05 0.00115754
49 0.01704 0.000432653 0.00118529
50 0.00392 0.0005024 0.00116343
