1 85.2483 85.2483 0
2 81.4394 83.3438 1.90448
3 80.3488 82.3455 1.48516
4 79.8691 81.7264 1.21907
5 79.4106 81.2632 1.05176
6 80.6928 81.1682 0.864007
7 75.8387 80.4068 1.05493
8 76.3472 79.8994 1.04506
9 82.1085 80.1448 0.953786
10 82.1091 80.3412 0.875415
11 71.2166 79.5117 1.14678
12 82.9744 79.8003 1.0859
13 74.4803 79.3911 1.07946
14 75.0714 79.0825 1.04593
15 83.1133 79.3512 1.01011
16 78.7155 79.3115 0.945707
17 81.2509 79.4256 0.895632
18 81.4944 79.5405 0.852196
19 81.4544 79.6412 0.812366
20 82.5293 79.7856 0.78409
21 73.7059 79.4961 0.800038
22 77.6464 79.4121 0.767426
23 72.9578 79.1314 0.785162
24 74.3792 78.9334 0.777376
25 72.567 78.6788 0.78792
26 84.9869 78.9214 0.794939
27 81.0499 79.0002 0.768982
28 78.5408 78.9838 0.741191
29 77.1699 78.9213 0.717906
30 75.1971 78.7971 0.704585
31 73.0378 78.6113 0.706348
32 78.9328 78.6214 0.683993
33 79.5597 78.6498 0.663551
34 79.6688 78.6798 0.644436
35 78.8637 78.685 0.625775
36 72.5507 78.5146 0.631565
37 70.8166 78.3066 0.648537
38 82.8669 78.4266 0.642546
39 82.0736 78.5201 0.632801
40 82.2698 78.6139 0.623861
41 76.2787 78.5569 0.611115
42 70.959 78.376 0.62322
43 76.0998 78.3231 0.610852
44 78.3526 78.3237 0.596808
45 64.0022 78.0055 0.664557
46 78.5043 78.0163 0.65004
47 80.3965 78.067 0.638072
48 72.9245 77.9598 0.633758
49 85.967 78.1232 0.64184
50 80.2915 78.1666 0.630366
