1 0.500933 0.500933 0
2 0.477556 0.489244 0.0116889
3 0.4988 0.49243 0.00746249
4 0.516444 0.498433 0.00799305
5 0.475244 0.493796 0.00773578
6 0.449156 0.486356 0.00975953
7 0.523911 0.491721 0.00983965
8 0.482667 0.490589 0.00859621
9 0.482489 0.489689 0.00763438
10 0.479244 0.488644 0.00690781
11 0.490178 0.488784 0.00624991
12 0.5452 0.493485 0.00739282
13 0.472133 0.491843 0.00699594
14 0.484667 0.49133 0.00649723
15 0.4844 0.490868 0.00606621
16 0.579111 0.496383 0.00791305
17 0.472667 0.494988 0.0075628
18 0.481422 0.494235 0.00717
19 0.417156 0.490178 0.00790285
20 0.471822 0.48926 0.00755326
21 0.471422 0.488411 0.00723463
22 0.444044 0.486394 0.00718669
23 0.483556 0.486271 0.00686823
24 0.492311 0.486522 0.00658064
25 0.444578 0.484844 0.00653111
26 0.510267 0.485822 0.00635061
27 0.427467 0.483661 0.00648183
28 0.4876 0.483802 0.00624763
29 0.468889 0.483287 0.00605024
30 0.465556 0.482696 0.0058749
31 0.518667 0.483857 0.00579949
32 0.4444 0.482624 0.00574911
33 0.436222 0.481218 0.00574684
34 0.524444 0.482489 0.00571838
35 0.447111 0.481478 0.00564385
36 0.5072 0.482193 0.00553118
37 0.450756 0.481343 0.00544629
38 0.491156 0.481601 0.00530732
39 0.529867 0.482839 0.00531552
40 0.446 0.481918 0.00526215
41 0.4632 0.481461 0.00515246
42 0.491333 0.481696 0.00503378
43 0.457422 0.481132 0.00494763
44 0.446933 0.480355 0.00489596
45 0.457867 0.479855 0.00481195
46 0.510978 0.480531 0.00475456
47 0.509956 0.481157 0.00469424
48 0.497556 0.481499 0.00460808
49 0.477689 0.481421 0.00451373
50 0.495156 0.481696 0.00443105
