1 -8e-05 -8e-05 0
2 0.0084 0.00416 0.00424
3 0.03152 0.01328 0.00944282
4 -0.0496 -0.00244 0.0170793
5 0.05296 0.00864 0.0172565
6 -0.0052 0.00633333 0.0142775
7 -0.02736 0.00152 0.0129912
8 0.03112 0.00522 0.0118435
9 0.02048 0.00691556 0.0105817
10 0.08352 0.014576 0.0121762
11 -0.04904 0.00879273 0.0124399
12 0.0328 0.0107933 0.0115309
13 0.02592 0.0119569 0.0106705
14 -0.02344 0.00942857 0.0101974
15 0.02664 0.010576 0.00956234
16 0.05112 0.01311 0.00929675
17 0.00144 0.0124235 0.00875972
18 0.02552 0.0131511 0.00829073
19 0.06304 0.0157768 0.00827014
20 -0.0384 0.013068 0.00830022
21 -0.03096 0.0109714 0.00816871
22 0.06616 0.01348 0.00818258
23 -0.0056 0.0126504 0.00786261
24 -0.02608 0.0110367 0.00769891
25 -0.07536 0.0075808 0.00815318
26 -0.05192 0.00529231 0.00816077
27 -0.08408 0.00198222 0.00852183
28 -0.04344 0.00036 0.00837054
29 -0.00912 3.31034e-05 0.00808336
30 -0.02232 -0.000712 0.00784473
31 -0.00056 -0.000707097 0.00758746
32 -0.09352 -0.0036075 0.00789834
33 0.0088 -0.00323152 0.00766448
34 0.02696 -0.00234353 0.00748848
35 0.0136 -0.001888 0.00728563
36 0.03328 -0.000911111 0.00714743
37 0.00728 -0.00068973 0.0069551
38 0.02784 6.10526e-05 0.0068111
39 0.0072 0.000244103 0.00663668
40 0.04064 0.001254 0.006547
41 0.02952 0.00194341 0.00642243
42 -0.04392 0.000851429 0.00636206
43 -0.00072 0.000814884 0.00621245
44 -0.01272 0.000507273 0.00607741
45 0.04712 0.00154311 0.00603045
46 0.00864 0.00169739 0.00589991
47 0.04544 0.00262809 0.00584756
48 0.01832 0.002955 0.00573377
49 -0.0812 0.00123755 0.00587229
50 -0.01936 0.0008256 0.00576838
