1 -0.00296 -0.00296 0
2 -0.0024 -0.00268 0.00028
3 -0.00816 -0.00450667 0.00183381
4 -0.01768 -0.0078 0.00353942
5 -0.00888 -0.008016 0.00275012
6 0.00112 -0.00649333 0.00271304
7 -0.00816 -0.00673143 0.00230527
8 0.01008 -0.00463 0.00289857
9 -0.00064 -0.00418667 0.00259446
10 -0.00896 -0.004664 0.00236914
11 -0.0068 -0.00485818 0.00215174
12 -0.02056 -0.00616667 0.00236018
13 0.00328 -0.00544 0.00228944
14 -0.0112 -0.00585143 0.00215917
15 0.00376 -0.00521067 0.00210973
16 0.0076 -0.00441 0.00212971
17 -0.00184 -0.00425882 0.00200622
18 0.0024 -0.00388889 0.00192732
19 -0.02496 -0.00499789 0.00213388
20 0.00032 -0.004732 0.00204176
21 0.0012 -0.00444952 0.00196254
22 -0.01496 -0.00492727 0.00193123
23 0.0048 -0.00450435 0.0018932
24 0.0028 -0.0042 0.00183798
25 0.02064 -0.0032064 0.00202365
26 0.0108 -0.00266769 0.00201751
27 -0.00616 -0.00279704 0.00194565
28 -0.01392 -0.00319429 0.0019165
29 0.00392 -0.00294897 0.00186543
30 0.00792 -0.00258667 0.00183824
31 0.01632 -0.00197677 0.00187965
32 0.00728 -0.0016875 0.00184281
33 -0.0036 -0.00174545 0.00178703
34 0.00424 -0.00156941 0.00174259
35 0.0096 -0.00125029 0.0017219
36 0.00448 -0.00109111 0.00168094
37 0.00968 -0.0008 0.00166059
38 0.02568 -0.000103158 0.00176012
39 0.00616 5.74359e-05 0.0017219
40 0.00144 9.2e-05 0.00167866
41 -0.00112 6.2439e-05 0.00163747
42 -0.0012 3.2381e-05 0.00159829
43 -0.0144 -0.000303256 0.00159636
44 0.00728 -0.000130909 0.00156915
45 -0.00808 -0.000307556 0.00154402
46 -0.00032 -0.000307826 0.00151008
47 -0.00616 -0.00043234 0.00148284
48 0.00552 -0.000308333 0.00145691
49 0.00272 -0.000246531 0.0014282
50 -0.0208 -0.0006576 0.00145848
