1 0.124273 0.124273 0
2 0.125384 0.124828 0.000555545
3 0.114739 0.121465 0.00337826
4 0.124454 0.122212 0.00250293
5 0.125759 0.122922 0.00206444
6 0.131227 0.124306 0.00218109
7 0.112431 0.122609 0.00250512
8 0.116003 0.121784 0.00232133
9 0.102654 0.119658 0.00295112
10 0.122438 0.119936 0.00265417
11 0.120994 0.120032 0.00240271
12 0.128298 0.120721 0.00229897
13 0.113613 0.120174 0.00218428
14 0.107088 0.11924 0.00222783
15 0.112045 0.11876 0.00212874
16 0.123434 0.119052 0.00201257
17 0.131977 0.119812 0.00203764
18 0.12589 0.12015 0.00195055
19 0.120263 0.120156 0.00184504
20 0.124396 0.120368 0.00176315
21 0.107435 0.119752 0.0017866
22 0.12553 0.120015 0.00172358
23 0.117989 0.119927 0.00164929
24 0.122587 0.120038 0.00158296
25 0.129876 0.120431 0.0015685
26 0.131146 0.120843 0.00156229
27 0.134196 0.121338 0.00158258
28 0.126375 0.121518 0.00153559
29 0.114955 0.121291 0.00149887
30 0.11661 0.121135 0.00145643
31 0.115298 0.120947 0.0014212
32 0.119294 0.120895 0.00137703
33 0.124646 0.121009 0.00133949
34 0.114819 0.120827 0.00131218
35 0.122891 0.120886 0.0012755
36 0.125242 0.121007 0.00124546
37 0.116109 0.120875 0.00121854
38 0.129853 0.121111 0.00120935
39 0.127693 0.12128 0.00118996
40 0.121286 0.12128 0.00115983
41 0.112537 0.121067 0.00115111
42 0.129912 0.121277 0.00114294
43 0.115652 0.121146 0.00112368
44 0.119421 0.121107 0.00109855
45 0.11824 0.121043 0.00107575
46 0.116968 0.120955 0.00105583
47 0.119623 0.120926 0.00103351
48 0.126143 0.121035 0.00101757
49 0.138012 0.121382 0.00105509
50 0.118585 0.121326 0.00103528
