1 0 0 0
2 -0.01256 -0.00628 0.00628
3 -0.00976 -0.00744 0.0038068
4 -0.00552 -0.00696 0.00273428
5 -0.00192 -0.005952 0.0023456
6 -0.00232 -0.00534667 0.00200856
7 0.0108 -0.00304 0.00286398
8 -0.0152 -0.00456 0.00290898
9 0.00112 -0.00392889 0.00264197
10 -0.00976 -0.004512 0.00243393
11 -0.0116 -0.00515636 0.00229393
12 0.0012 -0.00462667 0.00216002
13 0.01936 -0.00278154 0.00271153
14 -0.00352 -0.00283429 0.00251094
15 0.00288 -0.00245333 0.0023684
16 -0.01368 -0.003155 0.00232389
17 0.00104 -0.00290824 0.00219682
18 0.016 -0.00185778 0.00232234
19 0.01352 -0.00104842 0.00234107
20 -8e-05 -0.001 0.00222146
21 -0.00168 -0.00103238 0.00211328
22 -0.00128 -0.00104364 0.00201496
23 -0.00192 -0.00108174 0.00192574
24 0.00464 -0.000843333 0.00185911
25 0.00304 -0.000688 0.00178995
26 0.01376 -0.000132308 0.00180728
27 0.00928 0.000216296 0.00177365
28 -0.00816 -8.28571e-05 0.00173511
29 0.00192 -1.37931e-05 0.00167564
30 0.00296 8.53333e-05 0.00162185
31 -0.00928 -0.000216774 0.00159749
32 0.00768 3e-05 0.00156632
33 -0.00984 -0.000269091 0.0015473
34 -0.00384 -0.000374118 0.00150477
35 -0.01312 -0.000738286 0.00150584
36 0.00312 -0.000631111 0.00146733
37 -0.00112 -0.000644324 0.00142719
38 -0.00888 -0.000861053 0.00140593
39 0.00056 -0.000824615 0.00136989
40 -0.00936 -0.001038 0.00135214
41 -0.01072 -0.00127415 0.00133973
42 0.00184 -0.0012 0.00130954
43 0.00704 -0.00100837 0.001293
44 -0.00048 -0.000996364 0.00126333
45 0.01496 -0.000641778 0.00128484
46 -0.01328 -0.000916522 0.00128628
47 0.0084 -0.000718298 0.00127413
48 -0.01104 -0.000933333 0.0012657
49 0.01016 -0.000706939 0.00126011
50 0.0052 -0.0005888 0.00124029
