1 0.340431 0.340431 0
2 0.378894 0.359663 0.0192318
3 0.354809 0.358045 0.0112207
4 0.338292 0.353107 0.0093455
5 0.352173 0.35292 0.0072414
6 0.310045 0.345774 0.0092748
7 0.336329 0.344425 0.00795393
8 0.32581 0.342098 0.00727069
9 0.356336 0.34368 0.00660442
10 0.335569 0.342869 0.0059626
11 0.348205 0.343354 0.00541514
12 0.365898 0.345233 0.00528829
13 0.358173 0.346228 0.00496531
14 0.361638 0.347329 0.00472693
15 0.339529 0.346809 0.00443115
16 0.348611 0.346921 0.00414649
17 0.340407 0.346538 0.00391375
18 0.380585 0.34843 0.00414647
19 0.338989 0.347933 0.00395352
20 0.347127 0.347892 0.00375085
21 0.31914 0.346523 0.00382147
22 0.321799 0.345399 0.00381301
23 0.318963 0.34425 0.00382046
24 0.359135 0.34487 0.00371003
25 0.347254 0.344966 0.00355981
26 0.351792 0.345228 0.00343022
27 0.308244 0.343858 0.00357366
28 0.363716 0.344568 0.00351594
29 0.325911 0.343924 0.00345299
30 0.345472 0.343976 0.00333631
31 0.338665 0.343805 0.00323143
32 0.302561 0.342516 0.00338389
33 0.355439 0.342907 0.00330304
34 0.319697 0.342225 0.00327633
35 0.35255 0.34252 0.00319499
36 0.354007 0.342839 0.00312133
37 0.345581 0.342913 0.0030367
38 0.352549 0.343166 0.00296656
39 0.364568 0.343715 0.00294115
40 0.378767 0.344592 0.00299762
41 0.324477 0.344101 0.00296447
42 0.322042 0.343576 0.00294031
43 0.337056 0.343424 0.00287512
44 0.376272 0.344171 0.00290653
45 0.353747 0.344383 0.00284916
46 0.31594 0.343765 0.00285432
47 0.362407 0.344162 0.00282095
48 0.336023 0.343992 0.00276676
49 0.350865 0.344132 0.00271333
50 0.333403 0.343918 0.00266716
