1 -0.216 -0.216 0
2 -0.20928 -0.21264 0.00336
3 -0.21696 -0.21408 0.00241595
4 -0.21808 -0.21508 0.00197949
5 -0.2016 -0.212384 0.00310152
6 -0.2048 -0.21112 0.00283031
7 -0.20304 -0.209966 0.00265599
8 -0.2112 -0.21012 0.00230532
9 -0.21248 -0.210382 0.00204994
10 -0.20448 -0.209792 0.00192618
11 -0.208 -0.209629 0.0017499
12 -0.2136 -0.20996 0.00163134
13 -0.19936 -0.209145 0.00170784
14 -0.19536 -0.20816 0.00186266
15 -0.21168 -0.208395 0.00174985
16 -0.20432 -0.20814 0.00165653
17 -0.2072 -0.208085 0.00155702
18 -0.21616 -0.208533 0.00153499
19 -0.21952 -0.209112 0.00156287
20 -0.20848 -0.20908 0.001483
21 -0.21888 -0.209547 0.0014858
22 -0.22256 -0.210138 0.00153519
23 -0.21248 -0.21024 0.00147046
24 -0.21792 -0.21056 0.00144376
25 -0.21728 -0.210829 0.00141066
26 -0.21056 -0.210818 0.00135535
27 -0.20208 -0.210495 0.00134375
28 -0.20464 -0.210286 0.00131164
29 -0.2048 -0.210097 0.00127966
30 -0.20944 -0.210075 0.00123647
31 -0.2112 -0.210111 0.00119647
32 -0.20896 -0.210075 0.00115903
33 -0.21808 -0.210318 0.00114925
34 -0.2136 -0.210414 0.00111911
35 -0.21504 -0.210546 0.00109467
36 -0.20592 -0.210418 0.00107157
37 -0.21584 -0.210564 0.00105245
38 -0.2136 -0.210644 0.00102749
39 -0.21248 -0.210691 0.00100191
40 -0.2088 -0.210644 0.000977683
41 -0.20448 -0.210494 0.000965318
42 -0.21408 -0.210579 0.000945916
43 -0.208 -0.210519 0.000925601
44 -0.20048 -0.210291 0.000932659
45 -0.2056 -0.210187 0.000917638
46 -0.2016 -0.21 0.000916675
47 -0.21184 -0.210039 0.000897813
48 -0.2128 -0.210097 0.000880789
49 -0.21296 -0.210155 0.000864604
50 -0.21264 -0.210205 0.000848592
