1 1.18491 1.18491 0
2 1.10057 1.14274 0.0421714
3 1.16122 1.1489 0.0251145
4 1.10766 1.13859 0.0205351
5 1.20206 1.15128 0.0203503
6 1.26484 1.17021 0.0251848
7 1.23611 1.17962 0.0232743
8 1.43787 1.2119 0.0380563
9 1.36259 1.22865 0.0375069
10 1.1981 1.22559 0.033686
11 1.25051 1.22786 0.0305543
12 1.12663 1.21942 0.0291399
13 1.29288 1.22507 0.0273938
14 1.26872 1.22819 0.0255527
15 1.19764 1.22615 0.0238753
16 1.19116 1.22397 0.0224401
17 1.15192 1.21973 0.0215006
18 1.38575 1.22895 0.0222707
19 1.19802 1.22732 0.0211288
20 1.27916 1.22992 0.0202114
21 1.12038 1.2247 0.0199199
22 1.22514 1.22472 0.0189929
23 1.25798 1.22617 0.0182059
24 1.11848 1.22168 0.0179991
25 1.13851 1.21835 0.0175817
26 1.29524 1.22131 0.0171488
27 1.2957 1.22406 0.0167299
28 1.17166 1.22219 0.0162296
29 1.18415 1.22088 0.0157148
30 1.1504 1.21853 0.0153627
31 1.28198 1.22058 0.0149991
32 1.23611 1.22106 0.014531
33 1.0717 1.21654 0.0147932
34 1.21501 1.21649 0.0143516
35 1.24069 1.21718 0.0139527
36 1.36328 1.22124 0.0141538
37 1.22819 1.22143 0.0137672
38 1.21143 1.22117 0.0134026
39 1.25166 1.22195 0.0130778
40 1.30027 1.22391 0.0128962
41 1.26941 1.22502 0.0126266
42 1.24084 1.22539 0.012328
43 1.14796 1.22359 0.0121719
44 1.23314 1.22381 0.011894
45 1.1149 1.22139 0.0118759
46 1.2301 1.22158 0.0116164
47 1.3805 1.22496 0.0118588
48 1.2301 1.22507 0.0116096
49 1.20945 1.22475 0.0113747
50 1.2512 1.22528 0.0111574
