1 0.0637666 0.0637666 0
2 0.0670816 0.0654241 0.0016575
3 0.074937 0.0685951 0.00331222
4 0.0696739 0.0688648 0.00235757
5 0.0651803 0.0681279 0.00196924
6 0.0733498 0.0689982 0.00182831
7 0.0671229 0.0687303 0.00156826
8 0.0677306 0.0686053 0.00136389
9 0.0664099 0.0683614 0.00122732
10 0.0635609 0.0678814 0.00119812
11 0.065683 0.0676815 0.00110202
12 0.0622736 0.0672309 0.00110233
13 0.0645064 0.0670213 0.00103542
14 0.0683043 0.0671129 0.000962988
15 0.0665278 0.0670739 0.000897341
16 0.0653479 0.066966 0.000846289
17 0.0671976 0.0669797 0.000795067
18 0.0719564 0.0672561 0.000798961
19 0.0645382 0.0671131 0.000769161
20 0.0678124 0.0671481 0.000730527
21 0.0692134 0.0672464 0.000701796
22 0.072658 0.0674924 0.000712916
23 0.0707903 0.0676358 0.000696142
24 0.0642834 0.0674961 0.000680985
25 0.0625878 0.0672998 0.000682046
26 0.061735 0.0670857 0.000689357
27 0.0698904 0.0671896 0.000671418
28 0.0695889 0.0672753 0.000652644
29 0.0722818 0.0674479 0.000652972
30 0.0655438 0.0673845 0.000634016
31 0.0712088 0.0675078 0.000625509
32 0.0767861 0.0677978 0.000671473
33 0.0708605 0.0678906 0.000657391
34 0.062483 0.0677315 0.000657296
35 0.0691401 0.0677718 0.000639507
36 0.068069 0.06778 0.000621544
37 0.0725809 0.0679098 0.000618281
38 0.0595154 0.0676889 0.000641054
39 0.061931 0.0675412 0.000641617
40 0.071024 0.0676283 0.000631404
41 0.075124 0.0678111 0.000642376
42 0.0698788 0.0678604 0.000628825
43 0.0734943 0.0679914 0.00062785
44 0.0693294 0.0680218 0.000614168
45 0.0699405 0.0680644 0.000601877
46 0.0675189 0.0680526 0.000588767
47 0.0700751 0.0680956 0.000577709
48 0.0644487 0.0680196 0.000570626
49 0.0690373 0.0680404 0.000559245
50 0.0702636 0.0680849 0.000549747
