1 2.2953 2.2953 0
2 2.0271 2.1612 0.1341
3 2.3459 2.22277 0.0989178
4 2.2733 2.2354 0.0710772
5 2.2893 2.24618 0.0561016
6 2.1719 2.2338 0.0474502
7 2.0815 2.21204 0.0456246
8 2.2889 2.22165 0.0406632
9 2.1158 2.20989 0.0377409
10 2.299 2.2188 0.0349129
11 2.2764 2.22404 0.0320111
12 2.0251 2.20746 0.033597
13 2.1577 2.20363 0.0311408
14 2.1937 2.20292 0.0288395
15 2.2435 2.20563 0.0269841
16 2.3938 2.21739 0.0278467
17 2.1541 2.21366 0.026421
18 2.1424 2.20971 0.0252227
19 1.9353 2.19526 0.0278891
20 2.1892 2.19496 0.0264596
21 2.1113 2.19098 0.0254815
22 2.2054 2.19163 0.0243045
23 2.0366 2.18489 0.0241821
24 2.1579 2.18377 0.0231799
25 2.1221 2.1813 0.0223698
26 2.3823 2.18903 0.0228403
27 2.4481 2.19863 0.0239813
28 2.1952 2.1985 0.0231093
29 2.0512 2.19342 0.0228694
30 2.3276 2.1979 0.0225421
31 2.4242 2.2052 0.0229925
32 2.5097 2.21471 0.0242108
33 2.3334 2.21831 0.0237397
34 2.001 2.21192 0.0239013
35 2.2807 2.21388 0.0232914
36 2.1649 2.21252 0.0226761
37 2.1639 2.21121 0.0220938
38 2.2711 2.21278 0.0215622
39 2.4294 2.21834 0.0217241
40 2.1816 2.21742 0.0211939
41 1.9663 2.2113 0.0215589
42 2.0576 2.20764 0.0213552
43 2.1883 2.20719 0.0208575
44 2.0961 2.20466 0.0205337
45 2.3187 2.2072 0.0202316
46 2.2379 2.20786 0.0197981
47 2.2488 2.20873 0.0193919
48 2.3029 2.2107 0.0190847
49 2.0859 2.20815 0.0188639
50 1.8729 2.20144 0.0196614
