1 0.0953508 0.0953508 0
2 0.0947039 0.0950273 0.000323463
3 0.0899884 0.0933477 0.00169
4 0.0935026 0.0933864 0.00119564
5 0.0956465 0.0938384 0.00103056
6 0.0994186 0.0947685 0.00125418
7 0.0950295 0.0948058 0.00106063
8 0.0924562 0.0945121 0.000964346
9 0.0945867 0.0945204 0.000850513
10 0.0937232 0.0944406 0.000764888
11 0.0939283 0.0943941 0.000693433
12 0.105591 0.0953271 0.00112753
13 0.096363 0.0954068 0.00104023
14 0.0837261 0.0945725 0.00127421
15 0.0989103 0.0948617 0.00122097
16 0.0897693 0.0945434 0.00118563
17 0.087164 0.0941093 0.00119531
18 0.0987643 0.0943679 0.00115624
19 0.0864465 0.093951 0.00117046
20 0.0896474 0.0937358 0.00113106
21 0.0972832 0.0939047 0.00108903
22 0.0879376 0.0936335 0.00107319
23 0.0843413 0.0932295 0.00110218
24 0.0907421 0.0931259 0.00106034
25 0.0902052 0.093009 0.00102373
26 0.0942318 0.0930561 0.000984689
27 0.10233 0.0933995 0.00100785
28 0.0931504 0.0933907 0.000971233
29 0.0900044 0.0932739 0.00094439
30 0.0986347 0.0934526 0.000929702
31 0.088025 0.0932775 0.000916099
32 0.0994264 0.0934696 0.000907583
33 0.0952313 0.093523 0.000881269
34 0.096363 0.0936066 0.000859027
35 0.0990194 0.0937612 0.000848338
36 0.0923992 0.0937234 0.000825304
37 0.0969491 0.0938106 0.00080741
38 0.0933076 0.0937973 0.000785986
39 0.0979325 0.0939034 0.000772875
40 0.101025 0.0940814 0.000774058
41 0.095444 0.0941146 0.000755674
42 0.091488 0.0940521 0.000740109
43 0.104454 0.094294 0.000762102
44 0.104345 0.0945224 0.000778834
45 0.100492 0.0946551 0.000772801
46 0.0917033 0.0945909 0.000758533
47 0.105759 0.0948285 0.000779325
48 0.0851075 0.094626 0.000789339
49 0.0976934 0.0946886 0.000775593
50 0.0886089 0.094567 0.000769589
