1 0.0937545 0.0937545 0
2 0.105821 0.0997879 0.00603342
3 0.0964089 0.0986615 0.00366097
4 0.0939081 0.0974732 0.00284843
5 0.0957406 0.0971267 0.00223343
6 0.0963191 0.0969921 0.00182855
7 0.113587 0.0993628 0.00282994
8 0.103592 0.0998914 0.00250716
9 0.0971917 0.0995914 0.00223136
10 0.0939137 0.0990237 0.00207498
11 0.102969 0.0993823 0.00191085
12 0.0946068 0.0989844 0.00178918
13 0.104074 0.0993759 0.00169173
14 0.0996215 0.0993934 0.00156634
15 0.0942217 0.0990486 0.00149839
16 0.116684 0.100151 0.00178309
17 0.103857 0.100369 0.00168905
18 0.0951937 0.100081 0.0016182
19 0.0937715 0.0997493 0.00156628
20 0.101276 0.0998256 0.00148786
21 0.100619 0.0998634 0.00141574
22 0.0929387 0.0995486 0.00138607
23 0.104089 0.099746 0.00133907
24 0.0950242 0.0995493 0.00129707
25 0.0998985 0.0995633 0.00124418
26 0.0991949 0.0995491 0.00119545
27 0.112608 0.100033 0.00124787
28 0.0992158 0.100004 0.00120283
29 0.0964976 0.0998827 0.00116689
30 0.101037 0.0999212 0.00112798
31 0.114841 0.100402 0.00119243
32 0.105604 0.100565 0.00116596
33 0.104742 0.100692 0.00113714
34 0.0882249 0.100325 0.00116252
35 0.0903191 0.100039 0.00116446
36 0.11301 0.100399 0.00118762
37 0.0996948 0.10038 0.00115524
38 0.100184 0.100375 0.00112444
39 0.0970597 0.10029 0.00109852
40 0.100934 0.100306 0.00107082
41 0.0991807 0.100279 0.00104474
42 0.0965773 0.100191 0.00102336
43 0.0976151 0.100131 0.00100108
44 0.0999508 0.100127 0.000978068
45 0.104316 0.10022 0.000960609
46 0.0988268 0.100189 0.000939982
47 0.0937956 0.100053 0.000929771
48 0.0964225 0.0999778 0.000913332
49 0.0963277 0.0999033 0.000897595
50 0.100621 0.0999176 0.000879577
