1 -1 -1 0
2 -0.99984 -0.99992 8e-05
3 -1 -0.999947 5.33333e-05
4 -0.99984 -0.99992 4.6188e-05
5 -1 -0.999936 3.91918e-05
6 -1 -0.999947 3.3731e-05
7 -1 -0.999954 2.95084e-05
8 -1 -0.99996 2.61861e-05
9 -1 -0.999964 2.35178e-05
10 -1 -0.999968 2.13333e-05
11 -1 -0.999971 1.95148e-05
12 -1 -0.999973 1.79787e-05
13 -1 -0.999975 1.66647e-05
14 -1 -0.999977 1.55284e-05
15 -1 -0.999979 1.45362e-05
16 -1 -0.99998 1.36626e-05
17 -1 -0.999981 1.28876e-05
18 -0.9992 -0.999938 4.50675e-05
19 -1 -0.999941 4.27552e-05
20 -1 -0.999944 4.06681e-05
21 -1 -0.999947 3.87749e-05
22 -1 -0.999949 3.70498e-05
23 -1 -0.999951 3.54714e-05
24 -1 -0.999953 3.40219e-05
25 -0.99968 -0.999942 3.44155e-05
26 -0.99984 -0.999938 3.32991e-05
27 -1 -0.999941 3.2123e-05
28 -1 -0.999943 3.10268e-05
29 -1 -0.999945 3.00025e-05
30 -1 -0.999947 2.90435e-05
31 -1 -0.999948 2.81436e-05
32 -0.99984 -0.999945 2.74596e-05
33 -1 -0.999947 2.66667e-05
34 -0.99824 -0.999896 5.64706e-05
35 -1 -0.999899 5.49131e-05
36 -1 -0.999902 5.3439e-05
37 -1 -0.999905 5.20418e-05
38 -1 -0.999907 5.07156e-05
39 -1 -0.99991 4.94552e-05
40 -0.99984 -0.999908 4.82345e-05
41 -1 -0.99991 4.70968e-05
42 -0.99952 -0.999901 4.68915e-05
43 -0.99936 -0.999888 4.74848e-05
44 -1 -0.999891 4.64624e-05
45 -1 -0.999893 4.54828e-05
46 -1 -0.999896 4.45435e-05
47 -1 -0.999898 4.36419e-05
48 -1 -0.9999 4.2776e-05
49 -1 -0.999902 4.19436e-05
50 -0.99984 -0.999901 4.11149e-05
