1 -0.30912 -0.30912 0
2 -0.31056 -0.30984 0.00072
3 -0.30048 -0.30672 0.00314757
4 -0.312 -0.30804 0.00258766
5 -0.30368 -0.307168 0.00218586
6 -0.30752 -0.307227 0.00178571
7 -0.31904 -0.308914 0.00226401
8 -0.30944 -0.30898 0.00196179
9 -0.31696 -0.309867 0.00194411
10 -0.31008 -0.309888 0.00173899
11 -0.31232 -0.310109 0.00158844
12 -0.30592 -0.30976 0.00149147
13 -0.3208 -0.310609 0.00161352
14 -0.3088 -0.31048 0.00149941
15 -0.3152 -0.310795 0.0014309
16 -0.31632 -0.31114 0.00138232
17 -0.31472 -0.311351 0.00131543
18 -0.30176 -0.310818 0.00134981
19 -0.30816 -0.310678 0.00128443
20 -0.31392 -0.31084 0.00122925
21 -0.31264 -0.310926 0.00117239
22 -0.30544 -0.310676 0.0011453
23 -0.30544 -0.310449 0.0011178
24 -0.3096 -0.310413 0.0010708
25 -0.31744 -0.310694 0.00106484
26 -0.3112 -0.310714 0.00102325
27 -0.3064 -0.310554 0.0009975
28 -0.32192 -0.31096 0.00104341
29 -0.31328 -0.31104 0.00100996
30 -0.30992 -0.311003 0.000976432
31 -0.316 -0.311164 0.000958069
32 -0.3048 -0.310965 0.000948724
33 -0.31376 -0.31105 0.000923418
34 -0.3048 -0.310866 0.00091451
35 -0.32144 -0.311168 0.000937984
36 -0.31552 -0.311289 0.000919538
37 -0.30912 -0.31123 0.000896259
38 -0.29472 -0.310796 0.000974564
39 -0.30736 -0.310708 0.000953326
40 -0.3048 -0.31056 0.000940852
41 -0.30112 -0.31033 0.000946062
42 -0.316 -0.310465 0.000933081
43 -0.30544 -0.310348 0.000918586
44 -0.30976 -0.310335 0.000897566
45 -0.3112 -0.310354 0.000877604
46 -0.32048 -0.310574 0.000886093
47 -0.31648 -0.3107 0.000876094
48 -0.31632 -0.310817 0.000865604
49 -0.31904 -0.310984 0.000864206
50 -0.30736 -0.310912 0.000849843
