1 0.00688 0.00688 0
2 0.01632 0.0116 0.00472
3 -0.00368 0.00650667 0.00577652
4 0.00312 0.00566 0.00417144
5 0.0024 0.005008 0.00329631
6 -0.01072 0.00238667 0.00375702
7 -0.0132 0.00016 0.00387818
8 -0.00608 -0.00062 0.00344799
9 -0.01192 -0.00187556 0.00328985
10 -0.00808 -0.002496 0.00300723
11 -0.00936 -0.00312 0.0027908
12 0.01592 -0.00153333 0.00300133
13 0.00704 -0.000873846 0.0028385
14 0.00296 -0.0006 0.00264217
15 0.01064 0.000149333 0.00257133
16 -0.02216 -0.001245 0.00278019
17 0.00232 -0.00103529 0.00261994
18 0.00184 -0.000875556 0.00247526
19 0.0036 -0.00064 0.00235318
20 -0.00904 -0.00106 0.00227159
21 -0.00736 -0.00136 0.00218144
22 0.0044 -0.00109818 0.00209633
23 -0.00872 -0.00142957 0.00203034
24 -0.0204 -0.00222 0.00209846
25 0.00448 -0.001952 0.00203054
26 -0.00672 -0.00213538 0.00195948
27 0.0016 -0.00199704 0.00189058
28 0.00912 -0.0016 0.00186457
29 0.00808 -0.00126621 0.00182983
30 -0.00032 -0.00123467 0.00176806
31 -0.0016 -0.00124645 0.00171012
32 0.0024 -0.0011325 0.00165973
33 0.008 -0.000855758 0.00163228
34 -0.00408 -0.000950588 0.00158638
35 0.01008 -0.000635429 0.0015723
36 0.00336 -0.000524444 0.00153203
37 0.01792 -2.59459e-05 0.00157122
38 0.02096 0.000526316 0.00162598
39 -0.0004 0.000502564 0.00158391
40 -0.00144 0.000454 0.00154457
41 -0.00112 0.00041561 0.00150692
42 -0.00256 0.000344762 0.00147231
43 0.01992 0.0008 0.00150801
44 -0.01024 0.000549091 0.00149455
45 0.00272 0.000597333 0.00146176
46 -0.00096 0.000563478 0.00143003
47 -0.0236 4.93617e-05 0.00149073
48 0.01112 0.00028 0.00147746
49 0.00736 0.00042449 0.00145419
50 0.01232 0.0006624 0.00144453
