1 3.04514 3.04514 0
2 2.86126 2.9532 0.0919429
3 2.98971 2.96537 0.0544608
4 2.88103 2.94429 0.0439044
5 3.31794 3.01902 0.0821057
6 3.18263 3.04629 0.0723727
7 3.14857 3.0609 0.0628872
8 2.7384 3.02059 0.0677583
9 3.07291 3.0264 0.0600394
10 2.88183 3.01194 0.0556128
11 2.88309 3.00023 0.0516497
12 3.33383 3.02803 0.0547349
13 2.92377 3.02001 0.0509835
14 2.96103 3.0158 0.0473892
15 2.7648 2.99906 0.0471837
16 2.9992 2.99907 0.0441363
17 3.02983 3.00088 0.0414983
18 2.88297 2.99433 0.0396695
19 3.05017 2.99727 0.0376386
20 2.71246 2.98303 0.038442
21 2.67314 2.96827 0.039431
22 3.05931 2.97241 0.037823
23 2.65177 2.95847 0.0387367
24 2.88811 2.95554 0.0372032
25 3.02971 2.95851 0.0358072
26 2.97931 2.95931 0.0344118
27 3.3504 2.97379 0.0361423
28 2.94194 2.97265 0.0348462
29 3.05463 2.97548 0.0337417
30 2.96583 2.97516 0.0325992
31 2.72057 2.96695 0.0325821
32 2.78971 2.96141 0.0320299
33 2.92194 2.96021 0.0310672
34 2.87771 2.95778 0.0302371
35 2.92297 2.95679 0.0293773
36 2.66789 2.94877 0.0296561
37 3.19051 2.9553 0.0295742
38 2.96286 2.9555 0.0287861
39 3.11257 2.95953 0.0283261
40 2.9184 2.9585 0.027628
41 2.82354 2.95521 0.027146
42 2.75737 2.9505 0.0269073
43 2.67211 2.94402 0.0270599
44 3.02217 2.9458 0.0264974
45 3.20011 2.95145 0.0265112
46 2.99051 2.9523 0.0259424
47 3.16811 2.95689 0.0257964
48 2.85394 2.95475 0.0253442
49 3.18629 2.95947 0.0252673
50 2.74674 2.95522 0.0251197
