1 -0.332 -0.332 0
2 -0.33296 -0.33248 0.00048
3 -0.33728 -0.33408 0.00162382
4 -0.3264 -0.33216 0.00223714
5 -0.33008 -0.331744 0.00178212
6 -0.33056 -0.331547 0.00146841
7 -0.3344 -0.331954 0.00130626
8 -0.33424 -0.33224 0.00116678
9 -0.33104 -0.332107 0.0010376
10 -0.32784 -0.33168 0.00102144
11 -0.3312 -0.331636 0.000924958
12 -0.34272 -0.33256 0.00125142
13 -0.33328 -0.332615 0.00115247
14 -0.32656 -0.332183 0.00115132
15 -0.336 -0.332437 0.00110161
16 -0.32112 -0.33173 0.00124987
17 -0.32304 -0.331219 0.00128051
18 -0.33088 -0.3312 0.00120742
19 -0.32784 -0.331023 0.00115571
20 -0.32576 -0.33076 0.00112755
21 -0.32976 -0.330712 0.00107357
22 -0.33728 -0.331011 0.00106625
23 -0.33136 -0.331026 0.00101895
24 -0.32832 -0.330913 0.000982064
25 -0.3376 -0.331181 0.0009792
26 -0.33296 -0.331249 0.00094327
27 -0.33536 -0.331401 0.000920343
28 -0.33248 -0.33144 0.000887701
29 -0.32496 -0.331217 0.00088521
30 -0.32512 -0.331013 0.000879007
31 -0.3328 -0.331071 0.000852131
32 -0.32864 -0.330995 0.000828562
33 -0.33568 -0.331137 0.000815514
34 -0.3344 -0.331233 0.000796965
35 -0.32592 -0.331081 0.000788607
36 -0.332 -0.331107 0.000766813
37 -0.328 -0.331023 0.000750512
38 -0.33904 -0.331234 0.000760353
39 -0.32608 -0.331102 0.000752297
40 -0.33552 -0.331212 0.000741522
41 -0.33296 -0.331255 0.000724465
42 -0.32816 -0.331181 0.000710835
43 -0.33776 -0.331334 0.00071077
44 -0.32928 -0.331287 0.000695996
45 -0.33072 -0.331275 0.00068047
46 -0.32704 -0.331183 0.00067185
47 -0.3416 -0.331404 0.000693759
48 -0.33616 -0.331503 0.000686341
49 -0.32544 -0.33138 0.000683483
50 -0.3392 -0.331536 0.000687696
