1 0.00128 0.00128 0
2 0.01016 0.00572 0.00444
3 0.00696 0.00613333 0.00259654
4 0.00216 0.00514 0.00208752
5 0.00728 0.005568 0.00167267
6 0.00696 0.0058 0.00138529
7 -0.00576 0.00414857 0.00202434
8 -0.00496 0.00301 0.00209041
9 -0.01592 0.000906667 0.00279692
10 0.00256 0.001072 0.0025071
11 0.00936 0.00182545 0.00238965
12 -0.01184 0.000686667 0.00246079
13 -0.00488 0.000258462 0.00230375
14 -0.00288 3.42857e-05 0.0021446
15 0.00392 0.000293333 0.00201325
16 -0.00824 -0.00024 0.00195729
17 0.01312 0.000545882 0.00199947
18 0.02624 0.00197333 0.00236459
19 -0.01016 0.00133474 0.00232606
20 -0.002 0.001168 0.00221298
21 0.0028 0.00124571 0.0021064
22 0.00496 0.00141455 0.00201546
23 0.00528 0.00158261 0.00193316
24 -0.00208 0.00143 0.00185714
25 -0.01496 0.0007744 0.00189812
26 0.01336 0.00125846 0.0018868
27 0.01944 0.00193185 0.00193643
28 -0.00192 0.00179429 0.00187106
29 -0.00552 0.00154207 0.00182292
30 -0.0052 0.00131733 0.00177539
31 -0.00432 0.00113548 0.00172677
32 -0.00216 0.0010325 0.0016751
33 0.01112 0.00133818 0.00165207
34 -0.00832 0.00105412 0.00162773
35 -0.00072 0.00100343 0.00158135
36 0.0268 0.00172 0.00169564
37 0.016 0.00210595 0.00169374
38 0.00568 0.0022 0.00165124
39 -0.01376 0.00179077 0.00165959
40 0.0068 0.001916 0.00162241
41 0.0168 0.00227902 0.00162346
42 0.00136 0.00225714 0.00158448
43 0.00864 0.00240558 0.0015543
44 0.00184 0.00239273 0.00151862
45 0.00496 0.00244978 0.00148558
46 -0.00832 0.00221565 0.00147167
47 -0.00632 0.00203404 0.00145143
48 -0.00144 0.00196167 0.00142271
49 -0.00608 0.00179755 0.001403
50 0.0068 0.0018976 0.00137829
