1 -0.00088 -0.00088 0
2 -0.0128 -0.00684 0.00596
3 -0.01064 -0.00810667 0.00366674
4 0.01272 -0.0029 0.00581652
5 0.01208 9.6e-05 0.00541065
6 -0.00664 -0.00102667 0.00455819
7 0.00432 -0.000262857 0.00392737
8 0.00912 0.00091 0.00359774
9 -0.00464 0.000293333 0.00323228
10 -0.00848 -0.000584 0.00302123
11 -0.0084 -0.00129455 0.00282367
12 0.00528 -0.000746667 0.00263523
13 -0.00144 -0.0008 0.00242464
14 -0.00208 -0.000891429 0.00224664
15 0.00968 -0.000186667 0.00220706
16 0.02704 0.001515 0.00267542
17 0.0008 0.00147294 0.00251347
18 -0.00768 0.000964444 0.00242367
19 0.00584 0.00122105 0.00230688
20 -0.00728 0.000796 0.00222939
21 -0.01696 -4.95238e-05 0.00228293
22 0.01736 0.000741818 0.00231607
23 -0.00936 0.000302609 0.00225624
24 0.01312 0.000836667 0.00222523
25 0.00376 0.0009536 0.00213756
26 0.01016 0.00130769 0.00208401
27 0.0196 0.00198519 0.00211669
28 0.01304 0.00238 0.00207755
29 -0.00176 0.00223724 0.00200971
30 -0.0036 0.00204267 0.00195129
31 0.00384 0.00210065 0.00188818
32 -0.01304 0.0016275 0.00188846
33 -0.0036 0.00146909 0.00183718
34 0.0024 0.00149647 0.00178254
35 -0.0244 0.000756571 0.00188237
36 0.00176 0.000784444 0.00182955
37 -0.02248 0.000155676 0.00188724
38 -0.0004 0.000141053 0.00183696
39 0.0064 0.000301538 0.00179642
40 0.00896 0.000518 0.00176427
41 -0.00968 0.000269268 0.00173858
42 0.00856 0.000466667 0.00170813
43 0.02504 0.00103814 0.00176311
44 -0.00296 0.000947273 0.00172497
45 0.01104 0.00117156 0.00170105
46 0.00352 0.00122261 0.00166445
47 -0.0112 0.000958298 0.00164996
48 0.01144 0.00117667 0.00162991
49 -0.02328 0.000677551 0.00167251
50 0.0036 0.000736 0.00163976
