1 0.00936 0.00936 0
2 -0.00432 0.00252 0.00684
3 0.00328 0.00277333 0.00395719
4 0.0044 0.00318 0.00282755
5 0.00448 0.00344 0.00220559
6 -0.00272 0.00241333 0.00207295
7 -0.01512 -9.14286e-05 0.00305667
8 -0.00912 -0.00122 0.00287769
9 0.01056 8.88889e-05 0.00285553
10 0.00592 0.000672 0.00261978
11 0.01112 0.00162182 0.00255295
12 -0.0172 5.33333e-05 0.00280917
13 -0.01128 -0.000818462 0.00272716
14 0.00176 -0.000634286 0.00253157
15 0.01104 0.000144 0.00248194
16 -0.00656 -0.000275 0.00235915
17 0.00152 -0.000169412 0.00221855
18 -0.01192 -0.000822222 0.00219117
19 -0.0084 -0.00122105 0.00211067
20 -0.0216 -0.00224 0.0022467
21 0.00688 -0.00180571 0.00218072
22 -0.01064 -0.00220727 0.00211766
23 0.00688 -0.00181217 0.0020617
24 0.00968 -0.00133333 0.00203118
25 -0.004 -0.00144 0.00195116
26 0.00728 -0.00110462 0.00190438
27 0.00712 -0.0008 0.00185763
28 0.01152 -0.00036 0.00184334
29 -0.02008 -0.00104 0.0019042
30 0.01816 -0.0004 0.00194778
31 -0.01576 -0.000895484 0.00194797
32 -0.00584 -0.00105 0.00189243
33 -0.00688 -0.00122667 0.00184268
34 0.01144 -0.000854118 0.00182607
35 -0.01592 -0.00128457 0.00182463
36 0.00016 -0.00124444 0.00177367
37 0.01112 -0.00091027 0.00175714
38 0.01328 -0.000536842 0.00175057
39 -0.00112 -0.000551795 0.00170516
40 -0.00448 -0.00065 0.00166488
41 0.00688 -0.000466341 0.00163412
42 0.00816 -0.000260952 0.00160791
43 -0.0024 -0.000310698 0.00157086
44 -0.0008 -0.000321818 0.00153478
45 -0.0072 -0.000474667 0.00150805
46 -0.00384 -0.000547826 0.00147672
47 0.00312 -0.000469787 0.00144706
48 0.0008 -0.000443333 0.00141684
49 -0.00664 -0.000569796 0.00139338
50 -0.00312 -0.0006208 0.00136618
