1 -0.26176 -0.26176 0
2 -0.26864 -0.2652 0.00344
3 -0.2632 -0.264533 0.00209499
4 -0.26336 -0.26424 0.00151014
5 -0.25984 -0.26336 0.0014638
6 -0.28016 -0.26616 0.00304442
7 -0.2624 -0.265623 0.00262847
8 -0.2576 -0.26462 0.00248744
9 -0.2584 -0.263929 0.00230001
10 -0.27776 -0.265312 0.00247892
11 -0.272 -0.26592 0.00232323
12 -0.25472 -0.264987 0.0023171
13 -0.26752 -0.265182 0.00214031
14 -0.26528 -0.265189 0.00198156
15 -0.26528 -0.265195 0.00184474
16 -0.26752 -0.26534 0.0017317
17 -0.25584 -0.264781 0.00171997
18 -0.26368 -0.26472 0.00162275
19 -0.26592 -0.264783 0.00153627
20 -0.2744 -0.265264 0.00153471
21 -0.26736 -0.265364 0.0014632
22 -0.2688 -0.26552 0.00140383
23 -0.25984 -0.265273 0.00136395
24 -0.26992 -0.265467 0.00132016
25 -0.26432 -0.265421 0.00126708
26 -0.2584 -0.265151 0.00124696
27 -0.272 -0.265404 0.00122641
28 -0.2664 -0.26544 0.00118233
29 -0.26112 -0.265291 0.00115052
30 -0.26928 -0.265424 0.00111943
31 -0.2608 -0.265275 0.00109294
32 -0.27088 -0.26545 0.00107264
33 -0.268 -0.265527 0.00104249
34 -0.2664 -0.265553 0.00101169
35 -0.2648 -0.265531 0.000982598
36 -0.24944 -0.265084 0.00105435
37 -0.2616 -0.26499 0.00102977
38 -0.26528 -0.264998 0.00100234
39 -0.26032 -0.264878 0.000983638
40 -0.26016 -0.26476 0.00096596
41 -0.2568 -0.264566 0.000961902
42 -0.26912 -0.264674 0.000944962
43 -0.25856 -0.264532 0.000933616
44 -0.272 -0.264702 0.000927807
45 -0.25472 -0.26448 0.000933687
46 -0.24928 -0.26415 0.00097111
47 -0.2792 -0.26447 0.00100273
48 -0.25616 -0.264297 0.000996766
49 -0.26912 -0.264395 0.000981162
50 -0.27952 -0.264698 0.00100781
