1 0.0534631 0.0534631 0
2 0.0521246 0.0527938 0.000669248
3 0.0446321 0.0500732 0.0027479
4 0.0493403 0.04989 0.00195168
5 0.0496745 0.0498469 0.00151238
6 0.0505279 0.0499604 0.00124005
7 0.0586385 0.0512001 0.00162336
8 0.0509211 0.0511652 0.0014063
9 0.0492398 0.0509513 0.00125856
10 0.0513038 0.0509866 0.00112624
11 0.04962 0.0508623 0.00102627
12 0.0490003 0.0507072 0.000949617
13 0.0534066 0.0509148 0.000897863
14 0.0516831 0.0509697 0.000833069
15 0.0478114 0.0507591 0.000803618
16 0.0441651 0.050347 0.000857277
17 0.0503097 0.0503448 0.000805275
18 0.0493588 0.05029 0.000761193
19 0.0527465 0.0504193 0.000731532
20 0.0522021 0.0505085 0.000699694
21 0.050544 0.0505102 0.000665544
22 0.0556207 0.0507425 0.000675754
23 0.0505694 0.0507349 0.000645749
24 0.0519124 0.050784 0.000620201
25 0.050416 0.0507693 0.000595058
26 0.0532144 0.0508633 0.000579397
27 0.0488779 0.0507898 0.000562353
28 0.0520514 0.0508348 0.000543767
29 0.0490747 0.0507741 0.00052818
30 0.0533662 0.0508605 0.000517534
31 0.0475238 0.0507529 0.000512003
32 0.0423767 0.0504912 0.000560607
33 0.0591125 0.0507524 0.000602898
34 0.0573199 0.0509456 0.000615968
35 0.0523472 0.0509856 0.000599449
36 0.0538081 0.051064 0.000587812
37 0.0474548 0.0509665 0.000579966
38 0.0489418 0.0509132 0.000567007
39 0.0499519 0.0508885 0.000552827
40 0.0563269 0.0510245 0.000555717
41 0.0534758 0.0510843 0.000545281
42 0.0525862 0.05112 0.00053334
43 0.0503401 0.0511019 0.000521105
44 0.0605768 0.0513172 0.000552791
45 0.0464164 0.0512083 0.000551232
46 0.0523682 0.0512336 0.000539705
47 0.052562 0.0512618 0.000528853
48 0.054239 0.0513238 0.00052142
49 0.0497709 0.0512922 0.000511651
50 0.0463829 0.051194 0.000510838
