1 -0.4984 -0.4984 0
2 -0.50064 -0.49952 0.00112
3 -0.50656 -0.501867 0.00243413
4 -0.49888 -0.50112 0.00187617
5 -0.50288 -0.501472 0.00149529
6 -0.4984 -0.50096 0.00132391
7 -0.50032 -0.500869 0.00112264
8 -0.49584 -0.50024 0.00115773
9 -0.50544 -0.500818 0.00117316
10 -0.50688 -0.501424 0.00121184
11 -0.50256 -0.501527 0.00110101
12 -0.50832 -0.502093 0.00115352
13 -0.50224 -0.502105 0.00106114
14 -0.50944 -0.502629 0.00111341
15 -0.50656 -0.502891 0.00106916
16 -0.5128 -0.50351 0.00117634
17 -0.51376 -0.504113 0.00125878
18 -0.50032 -0.503902 0.00120535
19 -0.4968 -0.503528 0.00119986
20 -0.50784 -0.503744 0.00115852
21 -0.49824 -0.503482 0.00113271
22 -0.496 -0.503142 0.00113228
23 -0.50624 -0.503277 0.00109028
24 -0.5072 -0.50344 0.00105659
25 -0.5112 -0.50375 0.00105992
26 -0.5104 -0.504006 0.00104996
27 -0.50752 -0.504136 0.00101867
28 -0.50784 -0.504269 0.000990488
29 -0.5008 -0.504149 0.000963178
30 -0.5064 -0.504224 0.000933539
31 -0.50992 -0.504408 0.000921428
32 -0.504 -0.504395 0.00089226
33 -0.50576 -0.504436 0.000865788
34 -0.49872 -0.504268 0.000856599
35 -0.50512 -0.504293 0.000832121
36 -0.5136 -0.504551 0.000849
37 -0.50688 -0.504614 0.00082813
38 -0.50672 -0.504669 0.000807946
39 -0.50064 -0.504566 0.00079371
40 -0.50416 -0.504556 0.00077368
41 -0.50864 -0.504656 0.00076112
42 -0.50192 -0.50459 0.000745627
43 -0.51344 -0.504796 0.000756608
44 -0.51392 -0.505004 0.000767745
45 -0.50768 -0.505063 0.000752843
46 -0.5136 -0.505249 0.000759323
47 -0.50464 -0.505236 0.000743105
48 -0.50672 -0.505267 0.000728116
49 -0.50944 -0.505352 0.000718169
50 -0.50288 -0.505302 0.000705394
