1 0.01792 0.01792 0
2 0.00136 0.00964 0.00828
3 0.01256 0.0106133 0.00487854
4 0.0308 0.01566 0.00611301
5 -0.0028 0.011968 0.00600435
6 -0.02192 0.00632 0.00747895
7 -0.006 0.00456 0.00656132
8 0.02152 0.00668 0.00606487
9 -0.02808 0.00281778 0.00659738
10 -0.008 0.001736 0.00599922
11 -0.01544 0.000174545 0.00564668
12 -0.0204 -0.00154 0.00543236
13 -0.01432 -0.00252308 0.00509283
14 -0.03824 -0.00507429 0.005361
15 0.03032 -0.00271467 0.00552051
16 -0.01152 -0.003265 0.00519321
17 0.02352 -0.00168941 0.00512631
18 0.00416 -0.00136444 0.00484404
19 0.0104 -0.000745263 0.00462365
20 0.01104 -0.000156 0.00442578
21 0 -0.000148571 0.00420977
22 0.00712 0.000181818 0.00402743
23 -0.00912 -0.000222609 0.00386953
24 0 -0.000213333 0.00370481
25 -0.01056 -0.0006272 0.00357755
26 -0.0268 -0.00163385 0.00358157
27 -0.0372 -0.00295111 0.00368953
28 0.02336 -0.00201143 0.00367741
29 -0.00112 -0.00198069 0.00354847
30 -0.00024 -0.00192267 0.00342864
31 0.0152 -0.00137032 0.00336188
32 -0.012 -0.0017025 0.00327203
33 -0.01264 -0.00203394 0.0031886
34 -0.02288 -0.00264706 0.00315357
35 0.0032 -0.00248 0.0030667
36 0.03008 -0.00157556 0.00311451
37 -0.03672 -0.00252541 0.00317459
38 0.01464 -0.00207368 0.00312277
39 -0.02032 -0.00254154 0.00307741
40 0.02448 -0.001866 0.00307462
41 -0.00472 -0.00193561 0.0029995
42 0.02144 -0.00137905 0.00297966
43 -0.00552 -0.00147535 0.00291113
44 -0.00488 -0.00155273 0.00284525
45 0.01016 -0.00129244 0.00279346
46 -0.0032 -0.00133391 0.00273237
47 -0.00664 -0.00144681 0.00267598
48 -0.0072 -0.00156667 0.00262238
49 0.00152 -0.00150367 0.00256908
50 0.01048 -0.001264 0.00252856
