1 0.428759 0.428759 0
2 0.440164 0.434462 0.00570256
3 0.440738 0.436554 0.00390096
4 0.394092 0.425938 0.0109679
5 0.458995 0.43255 0.010765
6 0.407836 0.428431 0.00970687
7 0.396841 0.423918 0.00936312
8 0.419856 0.42341 0.00812458
9 0.394133 0.420157 0.00786906
10 0.438031 0.421945 0.0072617
11 0.467569 0.426092 0.00776839
12 0.441518 0.427378 0.00720711
13 0.403077 0.425508 0.00688807
14 0.445662 0.426948 0.00653757
15 0.448205 0.428365 0.00624895
16 0.459282 0.430297 0.00615646
17 0.403036 0.428694 0.00600122
18 0.484923 0.431818 0.00646308
19 0.457682 0.433179 0.00626319
20 0.420103 0.432525 0.00597764
21 0.436718 0.432725 0.00568938
22 0.447549 0.433399 0.0054663
23 0.455549 0.434362 0.00531127
24 0.429374 0.434154 0.0050894
25 0.413251 0.433318 0.00495266
26 0.465928 0.434572 0.00492089
27 0.425436 0.434234 0.0047472
28 0.45879 0.435111 0.00465783
29 0.442913 0.43538 0.00450239
30 0.434626 0.435355 0.0043498
31 0.423713 0.434979 0.00422387
32 0.459405 0.435742 0.00416037
33 0.421744 0.435318 0.00405458
34 0.397785 0.434214 0.00408549
35 0.438072 0.434324 0.00396857
36 0.452882 0.43484 0.00389106
37 0.396431 0.433802 0.00392423
38 0.393846 0.43275 0.00396164
39 0.475077 0.433836 0.00400845
40 0.444882 0.434112 0.0039167
41 0.460103 0.434746 0.00387222
42 0.392205 0.433733 0.00391228
43 0.475159 0.434696 0.00393982
44 0.434913 0.434701 0.00384924
45 0.394995 0.433819 0.0038648
46 0.391754 0.432904 0.0038889
47 0.415385 0.432532 0.00382347
48 0.388472 0.431614 0.00385388
49 0.435651 0.431696 0.0037753
50 0.408738 0.431237 0.00372742
