1 -0.69056 -0.69056 0
2 -0.68096 -0.68576 0.0048
3 -0.68096 -0.68416 0.0032
4 -0.67952 -0.683 0.00254275
5 -0.68736 -0.683872 0.00215401
6 -0.68672 -0.684347 0.00182167
7 -0.67904 -0.683589 0.00171611
8 -0.68016 -0.68316 0.00154676
9 -0.69344 -0.684302 0.00177918
10 -0.68576 -0.684448 0.00159801
11 -0.6824 -0.684262 0.00145739
12 -0.6832 -0.684173 0.00133335
13 -0.68992 -0.684615 0.00130373
14 -0.68608 -0.68472 0.00121155
15 -0.6752 -0.684085 0.00129419
16 -0.68032 -0.68385 0.00123327
17 -0.6816 -0.683718 0.00116599
18 -0.68128 -0.683582 0.00110762
19 -0.68144 -0.683469 0.00105375
20 -0.69392 -0.683992 0.001128
21 -0.69088 -0.68432 0.00112196
22 -0.68256 -0.68424 0.00107273
23 -0.67392 -0.683791 0.00111894
24 -0.67776 -0.68354 0.00110038
25 -0.68128 -0.68345 0.00105931
26 -0.6864 -0.683563 0.00102406
27 -0.67632 -0.683295 0.00102126
28 -0.68416 -0.683326 0.0009846
29 -0.68736 -0.683465 0.000960173
30 -0.67424 -0.683157 0.000977253
31 -0.68736 -0.683293 0.000954876
32 -0.68896 -0.68347 0.000941363
33 -0.67712 -0.683278 0.000932462
34 -0.67952 -0.683167 0.000911347
35 -0.6832 -0.683168 0.000884926
36 -0.6824 -0.683147 0.000860258
37 -0.67888 -0.683031 0.000844594
38 -0.68256 -0.683019 0.000822161
39 -0.668 -0.682634 0.000888587
40 -0.68656 -0.682732 0.000871632
41 -0.68128 -0.682697 0.000850844
42 -0.68608 -0.682777 0.000834237
43 -0.6808 -0.682731 0.000815902
44 -0.68336 -0.682745 0.000797271
45 -0.67696 -0.682617 0.000789886
46 -0.68288 -0.682623 0.000772545
47 -0.68256 -0.682621 0.00075593
48 -0.68656 -0.682703 0.00074455
49 -0.6744 -0.682534 0.000748627
50 -0.67904 -0.682464 0.000736823
