1 0.0583341 0.0583341 0
2 0.0675567 0.0629454 0.00461132
3 0.0644527 0.0634478 0.00270934
4 0.057568 0.0619779 0.00241476
5 0.0564617 0.0608746 0.00217158
6 0.0594781 0.0606419 0.0017883
7 0.0540909 0.059706 0.00177768
8 0.065312 0.0604068 0.00169149
9 0.0586601 0.0602127 0.00150433
10 0.0575859 0.05995 0.00137091
11 0.0577885 0.0597535 0.00125551
12 0.0576105 0.0595749 0.00115995
13 0.0658665 0.0600589 0.00117163
14 0.0558921 0.0597613 0.00112481
15 0.0539357 0.0593729 0.00111684
16 0.05583 0.0591515 0.00106792
17 0.0591311 0.0591503 0.00100313
18 0.0605865 0.0592301 0.000949123
19 0.0628381 0.0594199 0.000917644
20 0.0613993 0.0595189 0.000876161
21 0.0558255 0.059343 0.000851751
22 0.0590057 0.0593277 0.000812257
23 0.0649161 0.0595707 0.000813282
24 0.0557741 0.0594125 0.000794565
25 0.0595215 0.0594168 0.000762132
26 0.0577149 0.0593514 0.000735153
27 0.0637763 0.0595153 0.000726137
28 0.0611357 0.0595731 0.000702112
29 0.0610067 0.0596226 0.00067927
30 0.0645885 0.0597881 0.000676792
31 0.0612201 0.0598343 0.000656224
32 0.058728 0.0597997 0.000636326
33 0.0588909 0.0597722 0.000617357
34 0.0588105 0.0597439 0.000599592
35 0.0597539 0.0597442 0.000582209
36 0.0565065 0.0596543 0.000572908
37 0.0609613 0.0596896 0.000558328
38 0.057752 0.0596386 0.000545823
39 0.0591315 0.0596256 0.000531802
40 0.0646793 0.0597519 0.000533512
41 0.0527567 0.0595813 0.000547595
42 0.0557129 0.0594892 0.000542277
43 0.061272 0.0595307 0.000531137
44 0.0499983 0.059314 0.000562333
45 0.0574735 0.0592731 0.000551214
46 0.0604371 0.0592984 0.000539691
47 0.0617459 0.0593505 0.000530645
48 0.0610927 0.0593868 0.000520739
49 0.060678 0.0594132 0.000510681
50 0.0610925 0.0594467 0.000501489
