1 1.03487 1.03487 0
2 0.9172 0.976033 0.0588333
3 1.06833 1.0068 0.0458298
4 0.8942 0.97865 0.0429256
5 0.9874 0.9804 0.0332961
6 0.909667 0.968611 0.0296321
7 0.932067 0.96339 0.0255821
8 0.9806 0.965542 0.0222589
9 0.8554 0.953304 0.0231328
10 0.965733 0.954547 0.0207279
11 0.953533 0.954455 0.0187493
12 0.849333 0.945694 0.0192272
13 0.914667 0.943308 0.0178468
14 0.975133 0.945581 0.0166786
15 0.9328 0.944729 0.0155503
16 0.995467 0.9479 0.0148876
17 1.03633 0.953102 0.0149206
18 0.929667 0.9518 0.0141274
19 1.03467 0.956161 0.0140569
20 1.00287 0.958497 0.0135385
21 0.996933 0.960327 0.0130071
22 0.958667 0.960252 0.012402
23 0.9334 0.959084 0.0119079
24 1.0426 0.962564 0.0119202
25 0.944133 0.961827 0.0114572
26 1.0836 0.96651 0.0119627
27 0.983533 0.967141 0.0115283
28 1.03813 0.969676 0.0113947
29 0.869267 0.966214 0.011527
30 0.9942 0.967147 0.0111752
31 0.986467 0.96777 0.0108266
32 0.94 0.966902 0.0105187
33 1.00907 0.96818 0.0102747
34 0.861 0.965027 0.0104545
35 0.9658 0.96505 0.0101514
36 1.06047 0.9677 0.0102153
37 0.8846 0.965454 0.010186
38 0.995867 0.966254 0.00994662
39 0.970467 0.966362 0.00968882
40 0.963267 0.966285 0.00944381
41 0.966467 0.966289 0.00921059
42 0.972067 0.966427 0.00898967
43 0.955133 0.966164 0.00878205
44 0.7972 0.962324 0.00940027
45 1.03833 0.964013 0.00934295
46 1.0104 0.965022 0.00919306
47 1.01613 0.966109 0.00906084
48 0.967333 0.966135 0.0088701
49 0.969933 0.966212 0.00868754
50 0.949067 0.965869 0.00851892
