1 0.407337 0.407337 0
2 0.409561 0.408449 0.0011122
3 0.369834 0.395577 0.0128876
4 0.371668 0.3896 0.0108982
5 0.403005 0.392281 0.00885724
6 0.399766 0.393528 0.00733871
7 0.353132 0.387757 0.0084719
8 0.358244 0.384068 0.00821219
9 0.372644 0.382799 0.00735287
10 0.409717 0.385491 0.00710617
11 0.390244 0.385923 0.00644228
12 0.404215 0.387447 0.0060753
13 0.368195 0.385966 0.00578136
14 0.39239 0.386425 0.00537213
15 0.407805 0.38785 0.00520032
16 0.415141 0.389556 0.00515483
17 0.38041 0.389018 0.00487192
18 0.440702 0.391889 0.00541692
19 0.396254 0.392119 0.00512904
20 0.435746 0.3943 0.00533242
21 0.38322 0.393773 0.00509951
22 0.396683 0.393905 0.00486399
23 0.401483 0.394235 0.00465937
24 0.373034 0.393351 0.00454762
25 0.403668 0.393764 0.00438141
26 0.388449 0.393559 0.00421448
27 0.440585 0.395301 0.00441358
28 0.360156 0.394046 0.00443438
29 0.444761 0.395795 0.00462233
30 0.430049 0.396937 0.00460925
31 0.438088 0.398264 0.00465153
32 0.427434 0.399176 0.00459515
33 0.419356 0.399787 0.00449551
34 0.435044 0.400824 0.00448287
35 0.411824 0.401138 0.00436423
36 0.392898 0.400909 0.00424745
37 0.397034 0.400805 0.00413238
38 0.424429 0.401426 0.00406993
39 0.367024 0.400544 0.00406116
40 0.415415 0.400916 0.00397574
41 0.390829 0.40067 0.00388536
42 0.419512 0.401119 0.00381817
43 0.343571 0.39978 0.00396125
44 0.399649 0.399777 0.00387017
45 0.389112 0.39954 0.00379061
46 0.35879 0.398655 0.00381166
47 0.423454 0.399182 0.00376682
48 0.424039 0.3997 0.00372369
49 0.355161 0.398791 0.00375847
50 0.351337 0.397842 0.00380287
