1 0.0570823 0.0570823 0
2 0.0647577 0.06092 0.00383772
3 0.0601147 0.0606516 0.00223191
4 0.0566873 0.0596605 0.00186357
5 0.055426 0.0588136 0.00167362
6 0.0588032 0.0588119 0.0013665
7 0.0534146 0.0580408 0.00138863
8 0.0526324 0.0573648 0.0013796
9 0.0525085 0.0568252 0.00133097
10 0.0614035 0.057283 0.00127546
11 0.0644873 0.0579379 0.00132663
12 0.055243 0.0577134 0.00123169
13 0.0526434 0.0573234 0.00119824
14 0.0508912 0.0568639 0.00120073
15 0.0543015 0.0566931 0.0011308
16 0.0512049 0.0563501 0.00111199
17 0.0527213 0.0561366 0.00106612
18 0.0661911 0.0566952 0.00114993
19 0.0574874 0.0567369 0.00108852
20 0.0572127 0.0567607 0.00103294
21 0.0591754 0.0568757 0.000989224
22 0.0536381 0.0567285 0.000954599
23 0.0608662 0.0569084 0.000929722
24 0.0555659 0.0568525 0.000891897
25 0.05496 0.0567768 0.00085882
26 0.0570153 0.0567859 0.000825179
27 0.0599125 0.0569017 0.000802428
28 0.0522949 0.0567372 0.00079055
29 0.050814 0.056533 0.000789674
30 0.0547827 0.0564746 0.000765125
31 0.0609237 0.0566181 0.00075382
32 0.0578992 0.0566582 0.00073098
33 0.0559929 0.056638 0.00070877
34 0.0584322 0.0566908 0.00068963
35 0.0553066 0.0566512 0.000670803
36 0.0555476 0.0566206 0.000652624
37 0.0556148 0.0565934 0.000635322
38 0.0526506 0.0564896 0.000627021
39 0.0569136 0.0565005 0.000610829
40 0.0578913 0.0565353 0.000596377
41 0.057025 0.0565472 0.000581772
42 0.0579894 0.0565816 0.000568789
43 0.0550121 0.0565451 0.000556601
44 0.0542507 0.0564929 0.000546299
45 0.054628 0.0564515 0.000535626
46 0.0574514 0.0564732 0.000524304
47 0.0534365 0.0564086 0.00051708
48 0.0566047 0.0564127 0.000506209
49 0.0570823 0.0564263 0.000495959
50 0.0520055 0.0563379 0.000493917
