1 -0.21744 -0.21744 0
2 -0.2152 -0.21632 0.00112
3 -0.22192 -0.218187 0.00197549
4 -0.20912 -0.21592 0.00266253
5 -0.21152 -0.21504 0.00224228
6 -0.20336 -0.213093 0.00267234
7 -0.20848 -0.212434 0.00235273
8 -0.21312 -0.21252 0.00203933
9 -0.22064 -0.213422 0.00201213
10 -0.21328 -0.213408 0.00179976
11 -0.21968 -0.213978 0.00172491
12 -0.22416 -0.214827 0.00178867
13 -0.22048 -0.215262 0.00170184
14 -0.21424 -0.215189 0.00157729
15 -0.21408 -0.215115 0.00147023
16 -0.21056 -0.21483 0.00140443
17 -0.2072 -0.214381 0.00139349
18 -0.21536 -0.214436 0.00131492
19 -0.21168 -0.214291 0.00125222
20 -0.22624 -0.214888 0.00132974
21 -0.20848 -0.214583 0.00130112
22 -0.21104 -0.214422 0.00125098
23 -0.21504 -0.214449 0.00119566
24 -0.21024 -0.214273 0.00115811
25 -0.21424 -0.214272 0.00111082
26 -0.20624 -0.213963 0.00111105
27 -0.22176 -0.214252 0.00110742
28 -0.2144 -0.214257 0.00106715
29 -0.20992 -0.214108 0.0010405
30 -0.224 -0.214437 0.00105792
31 -0.20256 -0.214054 0.00109261
32 -0.22176 -0.214295 0.00108497
33 -0.21952 -0.214453 0.00106343
34 -0.21808 -0.21456 0.00103718
35 -0.19696 -0.214057 0.00112567
36 -0.21184 -0.213996 0.00109569
37 -0.21904 -0.214132 0.00107435
38 -0.22672 -0.214463 0.00109691
39 -0.20768 -0.214289 0.00108248
40 -0.22256 -0.214496 0.00107514
41 -0.20544 -0.214275 0.0010716
42 -0.21312 -0.214248 0.00104614
43 -0.20656 -0.214069 0.00103705
44 -0.2096 -0.213967 0.00101828
45 -0.21424 -0.213973 0.000995414
46 -0.2112 -0.213913 0.000975399
47 -0.21296 -0.213893 0.000954636
48 -0.21312 -0.213877 0.000934675
49 -0.21136 -0.213825 0.000916841
50 -0.2168 -0.213885 0.000900285
