1 0.341144 0.341144 0
2 0.306215 0.323679 0.0174645
3 0.299457 0.315605 0.0129173
4 0.318749 0.316391 0.00916768
5 0.361103 0.325333 0.011419
6 0.323655 0.325054 0.0093278
7 0.314687 0.323573 0.00802133
8 0.344996 0.326251 0.00744497
9 0.316476 0.325164 0.00665506
10 0.331266 0.325775 0.00598366
11 0.362367 0.329101 0.006353
12 0.343103 0.330268 0.00591568
13 0.314422 0.329049 0.00557648
14 0.322419 0.328576 0.00518449
15 0.317751 0.327854 0.00488015
16 0.282384 0.325012 0.00537729
17 0.258471 0.321098 0.00639016
18 0.326585 0.321403 0.00603241
19 0.319746 0.321316 0.00570675
20 0.304376 0.320469 0.00547975
21 0.321818 0.320533 0.00521268
22 0.311967 0.320143 0.00498532
23 0.297023 0.319138 0.00486855
24 0.32497 0.319381 0.00466761
25 0.272705 0.317514 0.00485073
26 0.316228 0.317465 0.0046607
27 0.374886 0.319591 0.00496346
28 0.305199 0.319077 0.00481045
29 0.317578 0.319026 0.0046419
30 0.330843 0.31942 0.00450177
31 0.28578 0.318334 0.00448732
32 0.333894 0.318821 0.00437195
33 0.305512 0.318417 0.00425654
34 0.294057 0.317701 0.00419115
35 0.331948 0.318108 0.00408995
36 0.333255 0.318529 0.00399692
37 0.329547 0.318827 0.00389878
38 0.290079 0.31807 0.00386947
39 0.309668 0.317855 0.0037751
40 0.348653 0.318625 0.00375921
41 0.303634 0.318259 0.00368456
42 0.325571 0.318433 0.00359998
43 0.305322 0.318128 0.00352846
44 0.299475 0.317704 0.0034733
45 0.277723 0.316816 0.00350956
46 0.307699 0.316617 0.00343813
47 0.320055 0.316691 0.00336498
48 0.316261 0.316682 0.00329415
49 0.312552 0.316597 0.00322732
50 0.322536 0.316716 0.00316434
