1 -0.23792 -0.23792 0
2 -0.23936 -0.23864 0.00072
3 -0.23168 -0.23632 0.00235695
4 -0.2328 -0.23544 0.00188468
5 -0.22752 -0.233856 0.00215413
6 -0.25104 -0.23672 0.00336095
7 -0.23008 -0.235771 0.00299472
8 -0.23216 -0.23532 0.0026325
9 -0.23536 -0.235324 0.00232165
10 -0.23856 -0.235648 0.0021016
11 -0.22848 -0.234996 0.00200956
12 -0.24576 -0.235893 0.00204202
13 -0.24208 -0.236369 0.00193773
14 -0.2328 -0.236114 0.00181201
15 -0.22304 -0.235243 0.00189877
16 -0.23168 -0.23502 0.00179004
17 -0.23504 -0.235021 0.00168145
18 -0.23104 -0.2348 0.00160064
19 -0.23632 -0.23488 0.00151617
20 -0.24096 -0.235184 0.00147014
21 -0.21584 -0.234263 0.0016745
22 -0.22112 -0.233665 0.00170468
23 -0.2456 -0.234184 0.00170953
24 -0.24 -0.234427 0.0016546
25 -0.23856 -0.234592 0.00159562
26 -0.2352 -0.234615 0.0015332
27 -0.22976 -0.234436 0.00148624
28 -0.23584 -0.234486 0.00143306
29 -0.24 -0.234676 0.00139577
30 -0.21984 -0.234181 0.00143627
31 -0.23488 -0.234204 0.00138934
32 -0.23952 -0.23437 0.00135545
33 -0.23648 -0.234434 0.00131529
34 -0.2328 -0.234386 0.00127692
35 -0.22768 -0.234194 0.00125462
36 -0.24704 -0.234551 0.00127041
37 -0.22912 -0.234404 0.00124428
38 -0.24304 -0.234632 0.00123223
39 -0.2312 -0.234544 0.00120344
40 -0.23696 -0.234604 0.00117453
41 -0.23168 -0.234533 0.00114774
42 -0.2152 -0.234072 0.00121097
43 -0.244 -0.234303 0.0012048
44 -0.23216 -0.234255 0.00117811
45 -0.23072 -0.234176 0.00115431
46 -0.2368 -0.234233 0.00113038
47 -0.22096 -0.233951 0.00114155
48 -0.23696 -0.234013 0.00111927
49 -0.24112 -0.234158 0.00110574
50 -0.22576 -0.23399 0.00109634
