1 0.00504 0.00504 0
2 0.01088 0.00796 0.00292
3 -0.00984 0.00202667 0.00616819
4 -0.01672 -0.00266 0.0064022
5 -0.0124 -0.004608 0.005328
6 -0.01224 -0.00588 0.00453244
7 -0.00648 -0.00596571 0.00383157
8 0.01112 -0.00383 0.00394614
9 -0.01048 -0.00456889 0.00355774
10 -0.00976 -0.005088 0.0032242
11 0.00552 -0.00412364 0.00307171
12 -0.0048 -0.00418 0.00280464
13 -0.0016 -0.00398154 0.00258751
14 -0.00696 -0.00419429 0.002405
15 -0.00592 -0.00430933 0.00224189
16 -0.00784 -0.00453 0.00210867
17 -0.01832 -0.00534118 0.00214042
18 0.00024 -0.00503111 0.00204169
19 -0.00336 -0.00494316 0.00193324
20 -0.00504 -0.004948 0.00183404
21 0.00656 -0.0044 0.00182857
22 0.00816 -0.00382909 0.00183457
23 0.00312 -0.00352696 0.00177883
24 0.01352 -0.00281667 0.00184529
25 0.00064 -0.0026784 0.00177533
26 0.00576 -0.00235385 0.00173628
27 -0.00024 -0.00227556 0.00167257
28 0.01712 -0.00158286 0.00175428
29 0.00664 -0.00129931 0.00171629
30 0.01544 -0.000741333 0.00174946
31 -0.00328 -0.000823226 0.00169407
32 -0.01248 -0.0011875 0.00168024
33 -0.00864 -0.00141333 0.00164411
34 0.01288 -0.000992941 0.00164949
35 -0.00424 -0.00108571 0.00160435
36 0.0076 -0.000844444 0.00157771
37 -0.00328 -0.00091027 0.00153589
38 0.0024 -0.000823158 0.00149746
39 0.00952 -0.000557949 0.00148247
40 0.01064 -0.000278 0.00147181
41 0.00072 -0.000253659 0.00143567
42 0.01576 0.000127619 0.00145202
43 0.00408 0.000219535 0.00142082
44 -0.01008 -1.45455e-05 0.00140776
45 -0.00536 -0.000133333 0.00138123
46 0.00768 3.65217e-05 0.00136151
47 0.00576 0.000158298 0.00133778
48 0.00496 0.000258333 0.00131343
49 -0.00728 0.00010449 0.00129551
50 -0.0048 6.4e-06 0.00127312
