1 -0.05848 -0.05848 0
2 0.01248 -0.023 0.03548
3 0.1084 0.0208 0.0483534
4 0.0276 0.0225 0.0342332
5 -0.06848 0.004304 0.0321597
6 0.07128 0.0154667 0.0285325
7 0.04688 0.0199543 0.0245283
8 0.08856 0.02853 0.0229079
9 -0.12656 0.0112978 0.0265538
10 0.05192 0.01536 0.0240954
11 -0.00192 0.0137891 0.0218516
12 -0.03584 0.00965333 0.0203719
13 -0.10608 0.000750769 0.0207466
14 -0.00736 0.000171429 0.0192164
15 0.004 0.000426667 0.0178913
16 -0.01208 -0.000355 0.016754
17 0.0548 0.00288941 0.0160686
18 0.04728 0.00535556 0.015349
19 0.0016 0.00515789 0.0145201
20 -0.0588 0.00196 0.0141413
21 0.11328 0.00726095 0.0144579
22 -0.13696 0.000705455 0.0152644
23 -0.06128 -0.00198957 0.0148326
24 -0.08072 -0.00527 0.0145751
25 -0.01264 -0.0055648 0.013983
26 -0.02944 -0.00648308 0.0134658
27 0.04128 -0.00471407 0.0130777
28 0.01416 -0.00404 0.01262
29 -0.01728 -0.00449655 0.0121856
30 -0.05496 -0.00617867 0.0118919
31 0.018 -0.00539871 0.0115284
32 0.06208 -0.00329 0.0113597
33 -0.03784 -0.00433697 0.0110598
34 -0.03 -0.00509176 0.0107561
35 0.0024 -0.00487771 0.0104464
36 0.02136 -0.00414889 0.0101782
37 -0.072 -0.0059827 0.0100677
38 -0.0636 -0.00749895 0.00991583
39 0.05264 -0.00595692 0.00978056
40 -0.0924 -0.008118 0.0097748
41 0.04056 -0.00693073 0.00960705
42 -0.05616 -0.00810286 0.00944851
43 -0.0692 -0.00952372 0.00933493
44 -0.0232 -0.00983455 0.0091256
45 -0.08672 -0.0115431 0.00908265
46 0.06816 -0.00981043 0.00905041
47 0.05032 -0.00853106 0.00894769
48 -0.04744 -0.00934167 0.00879673
49 0.01688 -0.00880653 0.00863194
50 0.08888 -0.0068528 0.00868026
