1 0.300738 0.300738 0
2 0.29895 0.299844 0.000894
3 0.263028 0.287572 0.0122828
4 0.353605 0.30408 0.0186537
5 0.274246 0.298113 0.0156327
6 0.285938 0.296084 0.0129243
7 0.254137 0.290092 0.0124588
8 0.27947 0.288764 0.010871
9 0.27987 0.287776 0.00963816
10 0.275986 0.286597 0.00870088
11 0.237358 0.28212 0.00905414
12 0.250237 0.279464 0.00868181
13 0.257858 0.277802 0.0081572
14 0.272282 0.277407 0.00756238
15 0.250237 0.275596 0.00726947
16 0.283948 0.276118 0.00681998
17 0.280749 0.27639 0.00641204
18 0.234008 0.274036 0.00648769
19 0.272938 0.273978 0.00613701
20 0.292438 0.274901 0.00589479
21 0.25995 0.274189 0.00565208
22 0.247726 0.272986 0.00552167
23 0.239568 0.271533 0.00547254
24 0.26279 0.271169 0.00525221
25 0.291138 0.271968 0.00510067
26 0.26069 0.271534 0.00491973
27 0.251486 0.270791 0.00479189
28 0.251605 0.270106 0.00466814
29 0.288562 0.270743 0.00454903
30 0.26833 0.270662 0.00439552
31 0.255718 0.27018 0.00427861
32 0.25325 0.269651 0.00417639
33 0.279389 0.269946 0.0040586
34 0.284222 0.270366 0.00395975
35 0.306418 0.271396 0.00398053
36 0.25995 0.271078 0.00388142
37 0.264508 0.270901 0.00377924
38 0.28777 0.271344 0.00370513
39 0.286742 0.271739 0.00363041
40 0.26305 0.271522 0.00354515
41 0.249886 0.270994 0.00349764
42 0.247652 0.270439 0.0034583
43 0.255782 0.270098 0.00339407
44 0.260528 0.26988 0.00332316
45 0.283158 0.270175 0.00326185
46 0.275226 0.270285 0.00319204
47 0.27403 0.270365 0.0031244
48 0.272549 0.27041 0.00305895
49 0.2895 0.2708 0.0030211
50 0.262008 0.270624 0.00296528
