1 0.00208 0.00208 0
2 -0.00464 -0.00128 0.00336
3 -0.01856 -0.00704 0.00607789
4 0.01 -0.00278 0.00605128
5 0.00952 -0.00032 0.00529362
6 0.00184 4e-05 0.00433719
7 0.00512 0.000765714 0.00373674
8 -0.00328 0.00026 0.00327539
9 -0.02096 -0.00209778 0.00372871
10 -0.00696 -0.002584 0.00337031
11 0.0016 -0.00220364 0.0030722
12 -0.00496 -0.00243333 0.00281391
13 0.00464 -0.00188923 0.00264499
14 -0.00408 -0.00204571 0.00245378
15 0.00616 -0.00149867 0.00234894
16 0.00256 -0.001245 0.00221182
17 0.01128 -0.000508235 0.00220441
18 0.00176 -0.000382222 0.00208216
19 0.00712 1.26316e-05 0.00200871
20 0.00344 0.000184 0.00191332
21 -0.00552 -8.7619e-05 0.00184009
22 0.00576 0.000178182 0.00177448
23 0.01864 0.00098087 0.00187597
24 -0.01088 0.000486667 0.00186286
25 -0.00784 0.0001536 0.00181757
26 0.01328 0.000658462 0.00181778
27 0.0052 0.000826667 0.00175723
28 -0.0092 0.000468571 0.00173076
29 0.0072 0.00070069 0.00168606
30 -0.00928 0.000368 0.00166252
31 0.0076 0.00060129 0.00162483
32 -0.00496 0.0004275 0.00158281
33 0.00256 0.000492121 0.00153545
34 0.00528 0.000632941 0.00149625
35 0.00296 0.000699429 0.00145439
36 -0.00584 0.000517778 0.00142504
37 0.01144 0.000812973 0.00141708
38 0.00296 0.000869474 0.00138044
39 -0.00208 0.000793846 0.0013467
40 0.00456 0.000888 0.00131597
41 0.00344 0.000950244 0.00128498
42 -0.00744 0.000750476 0.00126983
43 -0.01296 0.000431628 0.00128029
44 -0.00784 0.000243636 0.0012649
45 -0.00648 9.42222e-05 0.00124546
46 0.002 0.000135652 0.00121879
47 0.00192 0.000173617 0.00119318
48 -0.01408 -0.000123333 0.00120522
49 -0.00328 -0.000187755 0.00118212
50 -0.00984 -0.0003808 0.00117421
