1 -0.00216 -0.00216 0
2 -0.00096 -0.00156 0.0006
3 -0.00728 -0.00346667 0.00193788
4 -0.00376 -0.00354 0.00137225
5 0.00744 -0.001344 0.00243972
6 0.01504 0.00138667 0.00338005
7 0.01184 0.00288 0.00322344
8 0.00192 0.00276 0.00279416
9 0.00504 0.00301333 0.0024772
10 0.00352 0.003064 0.00221626
11 0.008 0.00351273 0.00205429
12 0.01376 0.00436667 0.00206057
13 0.0048 0.0044 0.00189574
14 0.00336 0.00432571 0.00175669
15 0.00448 0.004336 0.00163542
16 -0.0068 0.00364 0.00168068
17 -0.01472 0.00256 0.00191279
18 -0.0108 0.00181778 0.00195016
19 0.002 0.00182737 0.0018447
20 0.00568 0.00202 0.0017606
21 -0.01272 0.0013181 0.00181581
22 0.01152 0.00178182 0.00179234
23 0.0016 0.00177391 0.00171266
24 0.00088 0.00173667 0.00164017
25 -0.02104 0.0008256 0.00181796
26 -0.01536 0.000203077 0.00185426
27 -0.00056 0.000174815 0.00178449
28 -0.00544 -2.57143e-05 0.00173123
29 -0.00536 -0.000209655 0.00168056
30 -0.00968 -0.000525333 0.00165398
31 0.00616 -0.000309677 0.00161421
32 -0.0064 -0.0005 0.00157449
33 -0.00952 -0.000773333 0.00155032
34 -0.00168 -0.0008 0.00150427
35 0.00776 -0.000555429 0.00148099
36 0.00984 -0.000266667 0.00146795
37 -0.00288 -0.000337297 0.00142947
38 -0.00976 -0.000585263 0.00141327
39 0.01408 -0.000209231 0.00142699
40 -0.00528 -0.000336 0.00139662
41 -0.01208 -0.000622439 0.00139192
42 0.00824 -0.000411429 0.00137467
43 0.01392 -7.81395e-05 0.00138308
44 -0.00104 -0.0001 0.00135145
45 0.02152 0.000380444 0.00140573
46 0.00072 0.000387826 0.00137485
47 0.00568 0.000500426 0.00134999
48 -0.00952 0.000291667 0.00133795
49 0.004 0.000367347 0.00131254
50 -0.0204 -4.8e-05 0.00135143
