1 166.667 166.667 0
2 166.641 166.654 0.0130667
3 166.667 166.658 0.00871111
4 166.547 166.63 0.0284959
5 166.667 166.637 0.0232508
6 166.667 166.642 0.0195991
7 166.667 166.646 0.0169258
8 166.667 166.648 0.0148886
9 166.667 166.65 0.0132865
10 166.667 166.652 0.0119942
11 166.667 166.653 0.0109302
12 166.667 166.654 0.0100391
13 166.667 166.655 0.009282
14 166.667 166.656 0.00863089
15 166.667 166.657 0.008065
16 166.667 166.658 0.00756865
17 166.667 166.658 0.00712978
18 165.327 166.584 0.0742274
19 166.667 166.588 0.0703463
20 166.667 166.592 0.0668508
21 166.667 166.596 0.063686
22 166.667 166.599 0.0608073
23 166.667 166.602 0.0581775
24 166.667 166.605 0.0557657
25 166.495 166.6 0.053667
26 166.615 166.601 0.0515648
27 166.667 166.603 0.0496778
28 166.667 166.606 0.047924
29 166.667 166.608 0.0462898
30 166.667 166.61 0.0447632
31 166.667 166.612 0.0433341
32 166.487 166.608 0.0421369
33 166.667 166.609 0.0408792
34 164.058 166.534 0.0848751
35 166.667 166.538 0.0825009
36 166.667 166.542 0.0802559
37 166.667 166.545 0.0781296
38 166.667 166.548 0.0761129
39 166.667 166.551 0.0741977
40 166.526 166.551 0.0723218
41 166.667 166.554 0.0705924
42 166.311 166.548 0.0691329
43 165.757 166.529 0.0699643
44 166.667 166.533 0.0684269
45 166.667 166.536 0.0669554
46 166.667 166.538 0.0655457
47 166.667 166.541 0.064194
48 166.667 166.544 0.0628968
49 166.667 166.546 0.0616509
50 166.615 166.548 0.0604212
