1 0.519624 0.519624 0
2 0.544988 0.532306 0.0126824
3 0.544 0.536204 0.0082951
4 0.530965 0.534894 0.00600999
5 0.501365 0.528188 0.00816338
6 0.550447 0.531898 0.00762823
7 0.533553 0.532134 0.00645136
8 0.528235 0.531647 0.00560826
9 0.578824 0.536889 0.00720694
10 0.566729 0.539873 0.00710327
11 0.589647 0.544398 0.00785859
12 0.501365 0.540812 0.00802027
13 0.521224 0.539305 0.00752987
14 0.518871 0.537845 0.00712247
15 0.587482 0.541155 0.00741053
16 0.545176 0.541406 0.00693647
17 0.524565 0.540415 0.00659056
18 0.524565 0.539535 0.00627573
19 0.504612 0.537697 0.00621429
20 0.543671 0.537995 0.00590296
21 0.566588 0.539357 0.00577756
22 0.529553 0.538911 0.00552668
23 0.588471 0.541066 0.00570361
24 0.506871 0.539641 0.00564361
25 0.532518 0.539356 0.00542065
26 0.552329 0.539855 0.00523184
27 0.535435 0.539692 0.00503701
28 0.539953 0.539701 0.00485379
29 0.463671 0.537079 0.00536731
30 0.529459 0.536825 0.00519153
31 0.556894 0.537472 0.00506283
32 0.504094 0.536429 0.00501181
33 0.495812 0.535199 0.00501107
34 0.551388 0.535675 0.00488472
35 0.566776 0.536563 0.00482563
36 0.536518 0.536562 0.00468967
37 0.550729 0.536945 0.0045772
38 0.567341 0.537745 0.00452636
39 0.534541 0.537663 0.00440954
40 0.550824 0.537992 0.00431046
41 0.485035 0.5367 0.00439796
42 0.493412 0.535669 0.00441399
43 0.572282 0.536521 0.00439341
44 0.557129 0.536989 0.00431788
45 0.534494 0.536934 0.0042212
46 0.597506 0.538251 0.00433333
47 0.517318 0.537805 0.00426345
48 0.482494 0.536653 0.00432984
49 0.569224 0.537318 0.00429233
50 0.500471 0.536581 0.00426969
