1 0.376564 0.376564 0
2 0.415202 0.395883 0.019319
3 0.362008 0.384592 0.0158717
4 0.403676 0.389363 0.012195
5 0.430811 0.397652 0.0125678
6 0.373315 0.393596 0.0110342
7 0.425691 0.398181 0.0103917
8 0.407242 0.399314 0.00907051
9 0.387608 0.398013 0.00810448
10 0.369376 0.395149 0.00779402
11 0.369948 0.392858 0.00741289
12 0.38119 0.391886 0.00683651
13 0.415028 0.393666 0.00653577
14 0.380293 0.392711 0.00612588
15 0.359478 0.390495 0.00611813
16 0.45086 0.394268 0.00685468
17 0.391383 0.394098 0.00644109
18 0.37825 0.393218 0.00613622
19 0.422526 0.394761 0.00600575
20 0.435305 0.396788 0.00604746
21 0.35595 0.394843 0.0060721
22 0.370612 0.393742 0.00589336
23 0.337424 0.391293 0.00614061
24 0.384017 0.39099 0.005887
25 0.408754 0.3917 0.00569115
26 0.357616 0.39039 0.00562283
27 0.39916 0.390714 0.00542031
28 0.394299 0.390842 0.00522471
29 0.405051 0.391332 0.00506509
30 0.400291 0.391631 0.00490244
31 0.412701 0.392311 0.00479013
32 0.411521 0.392911 0.00467671
33 0.376734 0.392421 0.00455921
34 0.394091 0.39247 0.00442335
35 0.435238 0.393692 0.00446555
36 0.382387 0.393378 0.00435108
37 0.471167 0.39548 0.00472533
38 0.398129 0.39555 0.00459982
39 0.423602 0.396269 0.0045377
40 0.383233 0.395943 0.00443479
41 0.402741 0.396109 0.00432845
42 0.370217 0.395493 0.00426888
43 0.37497 0.395015 0.00419566
44 0.39916 0.39511 0.00410027
45 0.363228 0.394401 0.00407025
46 0.413984 0.394827 0.00400349
47 0.409892 0.395147 0.00393047
48 0.380466 0.394841 0.00385985
49 0.401614 0.39498 0.00378279
50 0.436326 0.395807 0.00379748
