1 0.398364 0.398364 0
2 0.426764 0.412564 0.0142
3 0.383309 0.402812 0.0127399
4 0.334291 0.385682 0.0193546
5 0.352945 0.379135 0.0163593
6 0.339091 0.372461 0.0149318
7 0.325345 0.36573 0.0143024
8 0.3384 0.362314 0.0128487
9 0.394109 0.365846 0.0118695
10 0.345636 0.363825 0.010807
11 0.363455 0.363792 0.00977539
12 0.363745 0.363788 0.00892367
13 0.357782 0.363326 0.00822157
14 0.330618 0.36099 0.00796216
15 0.4192 0.36487 0.00836678
16 0.300473 0.360845 0.00880069
17 0.376691 0.361778 0.00831918
18 0.344291 0.360806 0.00790334
19 0.334073 0.359399 0.00760706
20 0.361382 0.359498 0.00721737
21 0.352255 0.359153 0.00687375
22 0.314218 0.357111 0.00686476
23 0.413673 0.35957 0.00700535
24 0.374036 0.360173 0.00673414
25 0.340218 0.359375 0.00650829
26 0.367891 0.359702 0.00626154
27 0.357127 0.359607 0.00602592
28 0.352364 0.359348 0.00581248
29 0.350036 0.359027 0.00561766
30 0.354145 0.358864 0.00542961
31 0.378109 0.359485 0.00528811
32 0.346873 0.359091 0.00513534
33 0.328982 0.358179 0.00506022
34 0.380982 0.358849 0.00495474
35 0.371709 0.359217 0.0048251
36 0.361455 0.359279 0.00468957
37 0.346836 0.358943 0.00457344
38 0.368909 0.359205 0.00445918
39 0.351745 0.359014 0.00434755
40 0.365455 0.359175 0.00424053
41 0.364109 0.359295 0.00413756
42 0.3708 0.359569 0.00404712
43 0.371309 0.359842 0.0039613
44 0.310364 0.358717 0.00403028
45 0.3232 0.357928 0.00401798
46 0.346982 0.35769 0.00393686
47 0.3576 0.357688 0.00385219
48 0.311345 0.356723 0.00389271
49 0.374182 0.357079 0.00382906
50 0.356291 0.357063 0.00375173
