1 0.443183 0.443183 0
2 0.438136 0.44066 0.00252343
3 0.39429 0.425203 0.0155252
4 0.417698 0.423327 0.0111371
5 0.447893 0.42824 0.00992781
6 0.463566 0.434128 0.0100186
7 0.451341 0.436587 0.00881714
8 0.391576 0.43096 0.00948488
9 0.458028 0.433968 0.00888913
10 0.403777 0.430949 0.00850459
11 0.468059 0.434323 0.00839995
12 0.453705 0.435938 0.00783634
13 0.429377 0.435433 0.00722603
14 0.420927 0.434397 0.00676977
15 0.468791 0.43669 0.00670647
16 0.460829 0.438199 0.00645219
17 0.393349 0.43556 0.00661007
18 0.369003 0.431863 0.00724643
19 0.418649 0.431167 0.00688963
20 0.468352 0.433026 0.00679537
21 0.432807 0.433016 0.00646369
22 0.434719 0.433093 0.00616337
23 0.442188 0.433489 0.00590257
24 0.442211 0.433852 0.00566295
25 0.49251 0.436199 0.00591681
26 0.487369 0.438167 0.00601574
27 0.404613 0.436924 0.00592054
28 0.436065 0.436893 0.00570526
29 0.435668 0.436851 0.00550517
30 0.455312 0.437466 0.00535398
31 0.388417 0.435884 0.00541472
32 0.448081 0.436265 0.00525662
33 0.355503 0.433818 0.00565215
34 0.472179 0.434946 0.00559827
35 0.478717 0.436197 0.00557797
36 0.386873 0.434827 0.00559127
37 0.417988 0.434372 0.00545707
38 0.402662 0.433537 0.00537667
39 0.422599 0.433257 0.0052445
40 0.459282 0.433907 0.00515295
41 0.448481 0.434263 0.00503825
42 0.377132 0.432903 0.00510151
43 0.366683 0.431363 0.00521407
44 0.404177 0.430745 0.00513152
45 0.402662 0.430121 0.00505486
46 0.355503 0.428499 0.00520307
47 0.472657 0.429438 0.00517713
48 0.409401 0.429021 0.00508529
49 0.419451 0.428825 0.00498425
50 0.425114 0.428751 0.00488412
