1 -0.456 -0.456 0
2 -0.45168 -0.45384 0.00216
3 -0.46496 -0.457547 0.00391083
4 -0.46368 -0.45908 0.00316202
5 -0.45856 -0.458976 0.0024515
6 -0.45744 -0.45872 0.00201795
7 -0.47088 -0.460457 0.0024344
8 -0.46192 -0.46064 0.00211617
9 -0.45744 -0.460284 0.00189985
10 -0.45792 -0.460048 0.00171565
11 -0.46304 -0.46032 0.00157552
12 -0.45392 -0.459787 0.00153395
13 -0.46192 -0.459951 0.00142054
14 -0.45648 -0.459703 0.00133833
15 -0.45936 -0.45968 0.00124612
16 -0.46272 -0.45987 0.00118102
17 -0.46608 -0.460235 0.00116797
18 -0.46368 -0.460427 0.00111768
19 -0.47056 -0.46096 0.00118413
20 -0.46304 -0.461064 0.00112817
21 -0.45216 -0.46064 0.00115383
22 -0.47072 -0.461098 0.00119173
23 -0.46448 -0.461245 0.00114819
24 -0.45904 -0.461153 0.00110314
25 -0.4464 -0.460563 0.00121154
26 -0.47424 -0.461089 0.00127735
27 -0.46624 -0.46128 0.00124385
28 -0.46368 -0.461366 0.00120166
29 -0.46512 -0.461495 0.00116669
30 -0.4656 -0.461632 0.00113541
31 -0.4632 -0.461683 0.00109933
32 -0.46912 -0.461915 0.0010895
33 -0.4592 -0.461833 0.00105917
34 -0.46736 -0.461995 0.00104033
35 -0.45968 -0.461929 0.00101233
36 -0.45936 -0.461858 0.000986394
37 -0.46624 -0.461976 0.000966648
38 -0.45536 -0.461802 0.00095684
39 -0.4616 -0.461797 0.000931998
40 -0.45872 -0.46172 0.00091165
41 -0.4608 -0.461698 0.00088942
42 -0.47408 -0.461992 0.000916688
43 -0.45776 -0.461894 0.000900511
44 -0.46608 -0.461989 0.000884936
45 -0.45968 -0.461938 0.000866567
46 -0.47056 -0.462125 0.000868
47 -0.46384 -0.462162 0.000850114
48 -0.45936 -0.462103 0.000834259
49 -0.45744 -0.462008 0.00082258
50 -0.46816 -0.462131 0.000815298
