1 0.00096 0.00096 0
2 0.00936 0.00516 0.0042
3 0.00872 0.00634667 0.00269966
4 -0.00688 0.00304 0.00381813
5 0.03224 0.00888 0.00654618
6 0.01144 0.00930667 0.00536194
7 -0.02112 0.00496 0.00627929
8 0.00112 0.00448 0.00545917
9 -0.00016 0.00396444 0.00484206
10 0.00824 0.004392 0.00435192
11 0.00712 0.00464 0.00394427
12 0.00616 0.00476667 0.00360283
13 0.00696 0.00493538 0.00331842
14 0.00784 0.00514286 0.00307925
15 0.00504 0.005136 0.00286664
16 -0.00416 0.004555 0.00274371
17 0.01176 0.00497882 0.00261189
18 -0.00096 0.00464889 0.00248452
19 0.01408 0.00514526 0.00240196
20 -0.01016 0.00438 0.00240377
21 -0.00072 0.00413714 0.0022993
22 -0.01424 0.00330182 0.00234605
23 -0.00264 0.00304348 0.00225656
24 0.0216 0.00381667 0.00229468
25 -0.00136 0.0036096 0.0022107
26 -0.0064 0.00322462 0.00215858
27 -0.00256 0.00301037 0.00208812
28 -0.012 0.00247429 0.00208235
29 -0.00432 0.00224 0.00202287
30 -0.00792 0.00190133 0.00198341
31 0.00368 0.00195871 0.00191922
32 -0.01136 0.0015425 0.00190432
33 -0.00496 0.00134545 0.0018562
34 -0.002 0.00124706 0.00180346
35 0.00272 0.00128914 0.00175168
36 0.00376 0.00135778 0.00170371
37 0.01232 0.00165405 0.0016833
38 -0.00112 0.00158105 0.00164003
39 -0.00784 0.00133949 0.00161559
40 -0.0072 0.001126 0.00158909
41 -0.00248 0.00103805 0.00155234
42 -0.0232 0.000460952 0.00162112
43 -0.01896 9.30233e-06 0.00164615
44 -0.0148 -0.000327273 0.00164314
45 0.0028 -0.000257778 0.00160771
46 0.00968 -4.17391e-05 0.00158715
47 0.026 0.00051234 0.00164889
48 0.00248 0.000553333 0.00161469
49 -0.00736 0.000391837 0.00158962
50 0.00096 0.0004032 0.00155755
