1 0.00128 0.00128 0
2 0.01056 0.00592 0.00464
3 0.00072 0.00418667 0.00319076
4 0.0068 0.00484 0.0023489
5 0.02136 0.008144 0.00377185
6 0.01568 0.0094 0.00332597
7 -0.00472 0.00738286 0.00345982
8 -0.0008 0.00636 0.00316607
9 -0.00944 0.00460444 0.00329824
10 0.00256 0.0044 0.00295712
11 0.01136 0.00503273 0.00274863
12 -0.02232 0.00275333 0.0033899
13 -0.04064 -0.000584615 0.00456787
14 -0.01856 -0.00186857 0.00441964
15 -0.00072 -0.001792 0.00411517
16 0.01208 -0.000925 0.00394582
17 0.00936 -0.00032 0.0037555
18 -0.00512 -0.000586667 0.00355075
19 -0.0092 -0.00104 0.00338913
20 -0.00976 -0.001476 0.00324464
21 -0.00824 -0.0017981 0.00310303
22 0.01776 -0.000909091 0.0030893
23 0.0032 -0.000730435 0.00295733
24 -0.00824 -0.00104333 0.00284866
25 0.00296 -0.0008832 0.00273703
26 0.01016 -0.000458462 0.00266374
27 -0.0228 -0.00128593 0.00269343
28 0.00016 -0.00123429 0.00259597
29 -0.00304 -0.00129655 0.00250563
30 -0.02952 -0.00223733 0.00259706
31 -0.0036 -0.00228129 0.00251227
32 -0.00528 -0.002375 0.0024343
33 -0.02192 -0.00296727 0.00243258
34 0.0072 -0.00266824 0.00237882
35 -0.00632 -0.00277257 0.00231221
36 -0.00208 -0.00275333 0.00224715
37 0.00424 -0.00256432 0.00219373
38 -0.00824 -0.00271368 0.00214044
39 -0.01352 -0.00299077 0.00210316
40 -0.00128 -0.002948 0.00205036
41 0.00368 -0.00278634 0.00200625
42 -0.00064 -0.00273524 0.00195856
43 -0.00904 -0.00288186 0.00191808
44 -0.0148 -0.00315273 0.00189346
45 -0.00128 -0.00311111 0.00185137
46 0.0296 -0.0024 0.00194531
47 -0.008 -0.00251915 0.0019072
48 -0.00456 -0.00256167 0.00186752
49 0.01152 -0.00227429 0.00185145
50 -0.0076 -0.0023808 0.00181717
