1 0.62985 0.62985 0
2 0.62645 0.62815 0.0017
3 0.6031 0.6198 0.00840749
4 0.59435 0.613437 0.00870772
5 0.56295 0.60334 0.0121431
6 0.60635 0.603842 0.00992746
7 0.55905 0.597443 0.0105518
8 0.6322 0.601788 0.0101184
9 0.59795 0.601361 0.00893375
10 0.54225 0.59545 0.00993935
11 0.6196 0.597645 0.00925466
12 0.57935 0.596121 0.00858478
13 0.61975 0.597938 0.00810333
14 0.59655 0.597839 0.00750288
15 0.6141 0.598923 0.00706843
16 0.54855 0.595775 0.00732321
17 0.5991 0.595971 0.00688173
18 0.59215 0.595758 0.00649163
19 0.58185 0.595026 0.00618395
20 0.5868 0.594615 0.00588101
21 0.64115 0.596831 0.00601687
22 0.582 0.596157 0.00577634
23 0.5843 0.595641 0.0055435
24 0.6259 0.596902 0.00545519
25 0.5985 0.596966 0.00523283
26 0.6169 0.597733 0.00508566
27 0.6493 0.599643 0.00525317
28 0.58935 0.599275 0.00507541
29 0.56055 0.59794 0.00507606
30 0.6201 0.598678 0.00495926
31 0.5911 0.598434 0.00480285
32 0.62605 0.599297 0.00472974
33 0.5185 0.596848 0.00519704
34 0.58445 0.596484 0.00505504
35 0.6097 0.596861 0.00492299
36 0.5776 0.596326 0.00481411
37 0.63415 0.597349 0.00479249
38 0.59805 0.597367 0.0046647
39 0.58625 0.597082 0.00455245
40 0.61095 0.597429 0.00445071
41 0.5177 0.595484 0.00475647
42 0.58505 0.595236 0.00464848
43 0.6336 0.596128 0.00462594
44 0.61655 0.596592 0.00454335
45 0.5884 0.59641 0.00444497
46 0.55985 0.595615 0.00441932
47 0.5573 0.5948 0.00440045
48 0.58045 0.594501 0.00431816
49 0.5711 0.594023 0.00425599
50 0.6254 0.594651 0.00421696
