1 -0.37408 -0.37408 0
2 -0.36192 -0.368 0.00608
3 -0.36672 -0.367573 0.00353612
4 -0.36528 -0.367 0.00256531
5 -0.36016 -0.365632 0.00241245
6 -0.36912 -0.366213 0.00205375
7 -0.36016 -0.365349 0.00193922
8 -0.3672 -0.36558 0.00169529
9 -0.37552 -0.366684 0.0018588
10 -0.3712 -0.367136 0.00172279
11 -0.36608 -0.36704 0.00156128
12 -0.3656 -0.36692 0.00143029
13 -0.36416 -0.366708 0.00133269
14 -0.36 -0.366229 0.00132359
15 -0.37296 -0.366677 0.00131137
16 -0.3648 -0.36656 0.00123228
17 -0.37328 -0.366955 0.00122316
18 -0.36992 -0.36712 0.00116491
19 -0.35968 -0.366728 0.0011694
20 -0.37024 -0.366904 0.0011232
21 -0.36624 -0.366872 0.00106884
22 -0.36384 -0.366735 0.00102838
23 -0.36768 -0.366776 0.000983512
24 -0.36176 -0.366567 0.000964553
25 -0.37792 -0.367021 0.00103062
26 -0.36384 -0.366898 0.000997714
27 -0.35584 -0.366489 0.00104377
28 -0.36512 -0.36644 0.00100699
29 -0.37152 -0.366615 0.000987305
30 -0.36368 -0.366517 0.000958832
31 -0.36176 -0.366364 0.000939998
32 -0.3704 -0.36649 0.000918847
33 -0.36752 -0.366521 0.000891115
34 -0.3728 -0.366706 0.000884013
35 -0.36864 -0.366761 0.000860161
36 -0.36896 -0.366822 0.000838154
37 -0.35984 -0.366634 0.000836744
38 -0.36208 -0.366514 0.000823195
39 -0.3688 -0.366572 0.00080395
40 -0.36912 -0.366636 0.000786178
41 -0.36368 -0.366564 0.000770145
42 -0.36704 -0.366575 0.00075167
43 -0.36352 -0.366504 0.000737412
44 -0.36768 -0.366531 0.000720954
45 -0.3616 -0.366421 0.000713218
46 -0.36816 -0.366459 0.000698564
47 -0.36176 -0.366359 0.000690813
48 -0.36304 -0.36629 0.000679794
49 -0.3648 -0.36626 0.00066647
50 -0.3656 -0.366246 0.000653138
