1 -0.93216 -0.93216 0
2 -0.93888 -0.93552 0.00336
3 -0.93328 -0.934773 0.00207863
4 -0.9312 -0.93388 0.00172
5 -0.93792 -0.934688 0.00155817
6 -0.93424 -0.934613 0.00127443
7 -0.93456 -0.934606 0.00107712
8 -0.93888 -0.93514 0.00107499
9 -0.93392 -0.935004 0.000957693
10 -0.92912 -0.934416 0.00103923
11 -0.93104 -0.934109 0.000988856
12 -0.94464 -0.934987 0.00125897
13 -0.93168 -0.934732 0.00118569
14 -0.93424 -0.934697 0.0010983
15 -0.93168 -0.934496 0.00104206
16 -0.93952 -0.93481 0.00102408
17 -0.9352 -0.934833 0.000962229
18 -0.94064 -0.935156 0.000962855
19 -0.936 -0.9352 0.000911853
20 -0.93088 -0.934984 0.000891619
21 -0.93968 -0.935208 0.000877084
22 -0.93984 -0.935418 0.000862369
23 -0.93536 -0.935416 0.000824026
24 -0.92544 -0.935 0.00089174
25 -0.932 -0.93488 0.000863704
26 -0.94048 -0.935095 0.000857316
27 -0.93488 -0.935087 0.000824992
28 -0.93408 -0.935051 0.000795795
29 -0.9296 -0.934863 0.000790539
30 -0.94048 -0.935051 0.000786345
31 -0.9344 -0.93503 0.000760846
32 -0.92784 -0.934805 0.000770186
33 -0.92512 -0.934512 0.000802103
34 -0.94224 -0.934739 0.000810674
35 -0.93808 -0.934834 0.000792939
36 -0.93216 -0.93476 0.00077417
37 -0.93856 -0.934863 0.000759928
38 -0.9344 -0.934851 0.00073976
39 -0.92768 -0.934667 0.00074363
40 -0.93424 -0.934656 0.000724879
41 -0.93648 -0.9347 0.000708377
42 -0.93168 -0.934629 0.000695035
43 -0.94048 -0.934765 0.000692187
44 -0.93808 -0.93484 0.000680458
45 -0.93296 -0.934798 0.000666475
46 -0.93328 -0.934765 0.000652661
47 -0.93664 -0.934805 0.000639868
48 -0.93712 -0.934853 0.000628249
49 -0.93184 -0.934792 0.00061836
50 -0.9384 -0.934864 0.000610149
