1 -0.0248 -0.0248 0
2 0.01352 -0.00564 0.01916
3 0.00232 -0.00298667 0.0113758
4 -0.00512 -0.00352 0.00806156
5 -0.01456 -0.005728 0.00662333
6 0.01872 -0.00165333 0.00677116
7 -0.00784 -0.00253714 0.00579052
8 -0.00184 -0.00245 0.00501549
9 0.0056 -0.00155556 0.00451278
10 -0.00368 -0.001768 0.00404194
11 -0.004 -0.00197091 0.0036617
12 -0.00016 -0.00182 0.00334606
13 0.01224 -0.000738462 0.00326242
14 0.01656 0.000497143 0.00326337
15 -0.00128 0.000378667 0.00304035
16 -0.00256 0.000195 0.00284991
17 -0.00304 4.70588e-06 0.00268378
18 -0.008 -0.00044 0.00256907
19 0.0064 -8e-05 0.00245662
20 -0.00496 -0.000324 0.00234329
21 -0.00152 -0.000380952 0.00222964
22 0.00472 -0.000149091 0.00213849
23 -0.00616 -0.000410435 0.00206004
24 -0.00872 -0.000756667 0.0020025
25 0.02296 0.000192 0.00214223
26 -0.00224 9.84615e-05 0.00206032
27 0.00696 0.000352593 0.00199876
28 0.01144 0.000748571 0.00196634
29 -0.00504 0.000548966 0.00190779
30 -0.0024 0.000450667 0.00184572
31 0.00304 0.000534194 0.00178714
32 -0.02256 -0.0001875 0.00187486
33 -0.00928 -0.00046303 0.00183793
34 0.0132 -6.11765e-05 0.00182778
35 0.0088 0.000192 0.00179275
36 0.01912 0.000717778 0.00181985
37 0.00152 0.000739459 0.00177011
38 0.01344 0.00107368 0.00175502
39 -0.012 0.000738462 0.00174199
40 -0.00392 0.000622 0.00170187
41 0.0036 0.000694634 0.00166143
42 -0.01416 0.000340952 0.00165952
43 -0.01568 -3.16279e-05 0.00166274
44 0.01336 0.000272727 0.00165278
45 0.00752 0.000433778 0.00162364
46 -0.0124 0.000154783 0.00161227
47 -0.00152 0.000119149 0.001578
48 0.004 0.0002 0.00154689
49 -0.00272 0.000140408 0.00151616
50 0.00848 0.0003072 0.00149486
