1 -0.35568 -0.35568 0
2 -0.35216 -0.35392 0.00176
3 -0.3528 -0.353547 0.00108255
4 -0.35776 -0.3546 0.0013021
5 -0.35328 -0.354336 0.00104258
6 -0.34912 -0.353467 0.00121671
7 -0.35792 -0.354103 0.0012092
8 -0.36288 -0.3552 0.00151669
9 -0.34944 -0.35456 0.00148282
10 -0.35584 -0.354688 0.00133244
11 -0.35216 -0.354458 0.00122695
12 -0.36768 -0.35556 0.00157115
13 -0.35296 -0.35536 0.00145902
14 -0.3584 -0.355577 0.00136813
15 -0.35408 -0.355477 0.00127757
16 -0.36032 -0.35578 0.00123279
17 -0.35312 -0.355624 0.00116852
18 -0.35936 -0.355831 0.00112108
19 -0.36128 -0.356118 0.00109853
20 -0.3528 -0.355952 0.00105528
21 -0.356 -0.355954 0.00100377
22 -0.34608 -0.355505 0.00105708
23 -0.36064 -0.355729 0.00103445
24 -0.34832 -0.35542 0.0010374
25 -0.33664 -0.354669 0.00124676
26 -0.34752 -0.354394 0.001229
27 -0.35248 -0.354323 0.00118473
28 -0.36256 -0.354617 0.00117893
29 -0.36576 -0.355001 0.00120069
30 -0.35408 -0.354971 0.00116038
31 -0.35536 -0.354983 0.00112239
32 -0.35856 -0.355095 0.00109249
33 -0.35184 -0.354996 0.00106345
34 -0.34608 -0.354734 0.0010645
35 -0.3584 -0.354839 0.00103894
36 -0.35248 -0.354773 0.00101179
37 -0.3624 -0.354979 0.00100542
38 -0.35392 -0.354952 0.000979
39 -0.35088 -0.354847 0.000959265
40 -0.34304 -0.354552 0.000980465
41 -0.35872 -0.354654 0.00096164
42 -0.34352 -0.354389 0.000975186
43 -0.35712 -0.354452 0.000954354
44 -0.35696 -0.354509 0.000934152
45 -0.35472 -0.354514 0.000913169
46 -0.34832 -0.354379 0.00090319
47 -0.35248 -0.354339 0.000884688
48 -0.36384 -0.354537 0.000888393
49 -0.35056 -0.354456 0.000873851
50 -0.36176 -0.354602 0.000868569
