1 0.569455 0.569455 0
2 0.578133 0.573794 0.00433939
3 0.572267 0.573285 0.00255655
4 0.525042 0.561224 0.0121953
5 0.518448 0.552669 0.0127447
6 0.467782 0.538521 0.0175627
7 0.547491 0.539803 0.0148984
8 0.553794 0.541552 0.0130203
9 0.511661 0.53823 0.0119535
10 0.554473 0.539855 0.0108142
11 0.603248 0.545618 0.0113533
12 0.556606 0.546533 0.0104045
13 0.559224 0.54751 0.00962038
14 0.50463 0.544447 0.00941864
15 0.558061 0.545354 0.00881513
16 0.559467 0.546236 0.00829284
17 0.52577 0.545032 0.00788225
18 0.540364 0.544773 0.00743598
19 0.570036 0.546103 0.00715831
20 0.518352 0.544715 0.00693127
21 0.585261 0.546646 0.00686985
22 0.552339 0.546905 0.00655525
23 0.5568 0.547335 0.00627852
24 0.568097 0.5482 0.00607315
25 0.572558 0.549174 0.00590608
26 0.553794 0.549352 0.00567716
27 0.523879 0.548409 0.00554372
28 0.594521 0.550055 0.00559016
29 0.535709 0.549561 0.00541659
30 0.599224 0.551216 0.00548853
31 0.550545 0.551195 0.00530857
32 0.52703 0.550439 0.00519518
33 0.542206 0.55019 0.00504147
34 0.553648 0.550292 0.004892
35 0.505358 0.549008 0.0049206
36 0.596218 0.550319 0.00495853
37 0.56097 0.550607 0.00483123
38 0.489406 0.548996 0.00497054
39 0.564848 0.549403 0.00485844
40 0.571539 0.549956 0.00476765
41 0.496339 0.548649 0.00483031
42 0.542788 0.548509 0.00471596
43 0.540994 0.548334 0.0046083
44 0.561891 0.548642 0.00451287
45 0.581673 0.549376 0.0044721
46 0.628994 0.551107 0.00470381
47 0.5072 0.550173 0.00469649
48 0.584 0.550878 0.0046513
49 0.554085 0.550943 0.00455586
50 0.618521 0.552295 0.00466394
