1 -0.00568 -0.00568 0
2 -0.00088 -0.00328 0.0024
3 0.00752 0.00032 0.00385746
4 -0.01144 -0.00262 0.00401044
5 0.0016 -0.001776 0.00321908
6 -0.00384 -0.00212 0.00265079
7 0.0108 -0.000274286 0.00290271
8 0.00776 0.00073 0.002707
9 0.00664 0.00138667 0.00247602
10 -0.00184 0.001064 0.002238
11 0.0028 0.00122182 0.00203049
12 -0.00752 0.000493333 0.00199159
13 0.00704 0.000996923 0.00189995
14 -0.00248 0.000748571 0.00177646
15 -0.00784 0.000176 0.00175011
16 0.00032 0.000185 0.0016371
17 0.00744 0.000611765 0.00159591
18 -0.01792 -0.000417778 0.00182315
19 -0.00736 -0.000783158 0.00176281
20 -0.00352 -0.00092 0.00167794
21 -0.002 -0.000971429 0.00159687
22 -0.00504 -0.00115636 0.00153374
23 -0.00328 -0.0012487 0.00146845
24 -0.00104 -0.00124 0.00140596
25 -0.00216 -0.0012768 0.00134905
26 0.0124 -0.000750769 0.0013988
27 0.00392 -0.000577778 0.00135707
28 -0.00272 -0.000654286 0.00130994
29 -0.00496 -0.000802759 0.00127265
30 0.00168 -0.00072 0.00123228
31 -0.0108 -0.00104516 0.00123543
32 -0.00272 -0.0010975 0.00119734
33 0.0024 -0.000991515 0.00116532
34 0.00056 -0.000945882 0.00113145
35 0.0028 -0.000838857 0.00110385
36 0.00864 -0.000575556 0.00110459
37 0.002 -0.000505946 0.00107657
38 -0.0076 -0.000692632 0.00106436
39 0.00432 -0.000564103 0.00104464
40 0.00152 -0.000512 0.00101953
41 -0.00848 -0.000706341 0.00101316
42 0.00048 -0.000678095 0.000989148
43 -0.00216 -0.000712558 0.000966485
44 -0.00288 -0.000761818 0.000945548
45 -0.0036 -0.000824889 0.000926447
46 -0.00728 -0.000965217 0.000916885
47 -0.01 -0.00115745 0.000917527
48 -0.00568 -0.00125167 0.000903137
49 -0.01688 -0.00157061 0.000940261
50 -0.0088 -0.0017152 0.000932541
