0.958889
0.4427
0.11968
0.701767
0.238673
0.370359
0.637798
0.211067
0.94385
0.322183
0.0971867
0.934868
0.327344
0.686092
0.32682
0.859388
0.972719
0.866297
0.220617
0.299622
0.840024
0.861389
0.380121
0.890096
0.910378
0.692555
0.956918
0.372759
0.855948
0.847302
0.806013
0.559973
0.311579
0.381307
0.0899342
0.237542
0.999936
0.333169
0.405041
0.999941
0.849309
0.978743
0.954123
0.973252
0.995606
0.910879
0.605772
0.779158
0.661363
0.745259
0.976574
0.714788
0.44771
0.796403
0.152821
0.406547
0.617568
0.99765
0.506949
0.951667
0.987556
0.810508
0.822423
0.985117
0.761525
0.280892
0.7452
0.965555
0.146427
0.842163
0.82933
0.8731
0.18405
0.978738
0.798936
0.90429
0.976781
0.883054
0.663604
0.191254
0.973718
0.956195
0.943447
0.949084
0.788408
0.945671
0.922344
0.953525
0.381454
0.995397
0.109269
0.992522
0.4258
0.481654
0.103811
0.161358
0.950643
0.762764
0.458818
0.30545
0.991955
0.862507
0.960421
0.0677627
0.300603
0.547268
0.853416
0.184683
0.750562
0.0906412
0.69607
0.265473
0.963414
0.99622
0.978503
0.915461
0.697402
0.894547
0.895282
0.816342
0.885728
0.924354
0.999889
0.922116
0.956779
0.911725
0.870222
0.817337
0.783118
0.778977
0.211876
0.868855
0.74051
0.805183
0.0142655
0.621257
0.999798
0.861179
0.336675
0.664503
0.944628
0.546966
0.77829
0.933973
0.0589446
0.816409
0.701997
0.0472608
0.9635
0.726767
0.940154
0.177486
0.840809
0.216085
0.14818
0.828926
0.699942
0.42225
0.822973
0.983126
0.716402
0.301404
0.659841
0.969184
0.272618
0.966993
0.403912
0.984077
0.774593
0.500947
0.992758
0.682273
0.757098
0.886027
0.219608
0.227018
0.31572
0.387687
0.996019
0.819481
0.0497953
0.246469
0.613014
0.927101
0.868523
0.950997
0.919339
0.988292
0.672998
0.418471
0.907962
0.908509
0.593535
0.492795
0.960753
0.0745237
0.826591
0.396679
0.97579
0.785558
0.988618
0.0573407
0.922479
0.997947
0.404554
0.130927
0.743234
0.141175
0.0604455
0.486201
0.486725
0.999999
0.99849
0.83907
0.0327312
0.513296
0.185425
0.685927
0.60678
0.215002
0.748006
0.999158
0.534201
0.946721
0.740331
0.699524
0.767772
0.989037
0.962526
0.788898
0.918035
0.594053
0.219266
0.280767
0.967796
0.128225
0.999683
0.764376
0.502605
0.78599
0.572579
0.776993
0.890469
0.257026
0.95276
0.909728
0.998593
0.838455
0.999319
0.139209
0.682762
0.906206
0.72506
0.577777
0.660584
0.916824
0.0982905
0.718843
0.400509
0.0812889
0.69821
0.608297
0.98128
0.618932
0.721883
0.794018
0.881532
0.913462
0.947772
0.129614
0.108861
0.873099
0.735433
0.976534
0.988967
0.89466
0.259126
0.998223
0.54525
0.348422
0.986353
0.948289
0.999793
0.938543
0.92278
0.633381
0.145307
0.463238
0.715524
0.221722
0.967003
0.612582
0.812341
0.992616
0.66709
0.999643
0.665906
0.695632
0.998822
0.881617
0.00185917
0.906786
0.383686
0.660756
0.218552
0.150514
0.804782
0.172547
0.683214
0.111615
0.938189
0.999939
0.995958
0.498764
0.89524
0.909116
0.6818
0.289423
0.174597
0.999771
0.852137
0.946395
0.280173
0.915218
0.982808
0.21043
0.87053
0.797629
0.358456
0.997086
0.550643
0.624635
0.923053
0.0539443
0.59586
0.782469
0.837044
0.452308
0.760756
0.720011
0.962907
0.900826
0.504587
0.94367
0.620418
0.581199
0.550759
0.926804
0.756487
0.999988
0.357504
0.0108539
0.998406
0.267239
0.192339
0.750035
0.449113
0.438088
0.0827346
0.879915
0.746383
0.924681
0.827528
0.392876
0.990402
0.71672
0.451312
0.981665
0.114314
0.738236
0.888053
0.256496
0.380987
0.947565
0.850983
0.454757
0.124836
0.840053
0.988538
0.820975
0.601342
0.770181
0.910789
0.155571
0.760429
0.792811
0.946568
0.716303
0.974505
0.989389
0.999198
0.495674
0.8043
0.998181
0.551771
0.613145
0.707766
0.995292
0.671176
0.625248
0.576887
0.994188
0.126504
0.975813
0.195191
0.946613
0.896899
0.49044
0.962385
0.657081
0.404171
0.899969
0.131301
0.476394
0.728209
0.748521
0.902917
0.0669244
0.94532
0.609006
0.141279
0.067386
0.749449
0.962484
0.994923
0.998202
0.353156
0.675775
0.849611
0.973001
0.433084
0.954265
0.599079
0.799913
0.565488
0.988781
0.928818
0.995539
0.991816
0.778873
0.942946
0.958178
0.991908
0.143803
0.00470942
0.569565
0.739133
0.380026
0.852672
0.165875
0.193788
0.735516
0.681995
0.989235
0.146669
0.986087
0.787275
0.639297
0.890711
0.800772
0.728428
0.272926
0.326163
0.60482
0.246783
0.0108499
0.563471
0.916348
0.991887
0.232106
0.350438
0.140882
0.310322
0.891723
0.664212
0.425188
0.999606
0.210182
0.221904
0.400189
0.933304
0.107916
0.466223
0.864642
0.418272
0.128527
0.885666
0.234633
0.594749
0.769233
0.504337
0.103575
0.998505
0.628433
0.752294
0.658331
0.560407
0.248966
0.755044
0.716388
0.32311
0.809737
0.430088
0.412341
0.492191
0.933851
0.422316
0.754145
0.891357
0.972268
0.916347
0.191305
0.980047
0.775085
0.567456
0.901713
0.293337
0.957677
0.908412
0.231544
0.990593
0.59519
0.979545
0.859192
0.751955
0.579053
0.704793
0.992996
0.971054
0.859527
0.0549337
0.27567
0.1693
0.403141
0.685433
0.469067
0.0978524
0.997602
0.61409
0.964005
0.981118
0.715456
0.0326315
0.161884
0.832214
0.00657565
0.0113656
0.544392
0.722405
0.395856
0.848475
0.396734
0.706614
0.508842
0.488624
0.845793
0.970319
0.552841
0.792921
0.980556
0.304927
0.132401
0.786466
0.890677
0.0845441
0.961975
0.985248
0.565983
0.521368
0.2805
0.98032
0.214519
0.96713
0.405973
0.977934
0.570351
0.37307
0.962019
0.994756
0.00206136
0.130403
0.996854
0.39921
0.993725
0.999016
0.371033
0.28797
0.63189
0.996488
0.531605
0.995238
0.69734
0.947786
0.744446
0.855369
0.684881
0.326831
0.204407
0.794612
0.479489
0.999977
0.0531384
0.262844
0.323162
0.679977
0.818633
0.999626
0.829036
0.134021
0.942969
0.64747
0.0872669
0.714248
0.703255
0.778812
0.942041
0.988876
0.278541
0.850854
0.425497
0.993685
0.989391
0.991886
0.582365
0.125031
0.117777
0.70017
0.992189
0.467053
0.753454
0.607149
0.197261
0.973437
0.451137
0.614276
0.899864
0.719813
0.624705
0.829651
0.993851
0.989108
0.902027
0.916404
0.99623
0.707964
0.819791
0.639159
0.384555
0.254861
0.0360783
0.176529
0.626819
0.150206
0.468349
0.94129
0.246132
0.992308
0.972496
0.993935
0.31758
0.737914
0.927664
0.675585
0.859324
0.826308
0.913803
0.534564
0.939859
0.882372
0.0586704
0.70673
0.999986
0.999929
0.0170806
0.868056
0.709364
0.974126
0.689885
0.184961
0.780627
0.98273
0.433357
0.411096
0.179586
0.715923
0.725465
0.599841
0.921838
0.108443
0.998897
0.182177
0.499506
0.981043
0.139895
0.99666
0.374858
0.893866
0.126962
0.770426
0.749884
0.901332
0.510516
0.116793
0.708014
0.709419
0.48673
0.877416
0.768403
0.995162
0.553496
0.93675
0.99216
0.639072
0.375977
0.674575
0.12344
0.471771
0.158169
0.816861
0.153923
0.999664
0.881711
0.981553
0.974171
0.929153
0.685065
0.81436
0.593292
0.715433
0.781701
0.290558
0.32139
0.463769
0.605082
0.863518
0.960163
0.580805
0.997492
0.234834
0.531124
0.879387
0.4829
0.984017
0.874417
0.981193
0.987184
0.234828
0.92108
0.835035
0.891144
0.934316
0.904549
0.443594
0.645111
0.917001
0.904545
0.230906
0.0648766
0.616628
0.28452
0.300676
0.411616
0.938706
0.268877
0.985344
0.96325
0.91246
0.861249
0.894125
0.999165
0.135738
0.861922
0.726866
0.0709445
0.470806
0.285536
0.645944
0.996003
0.56833
0.171013
0.980346
0.948712
0.947636
0.924079
0.66872
0.573096
0.258329
0.558994
0.947108
0.999722
0.663026
0.999394
0.870961
0.710285
0.994308
0.7946
0.95684
0.208407
0.989855
0.918514
0.183086
0.754217
0.665101
0.106715
0.110958
0.026915
0.937923
0.999827
0.500005
0.940289
0.696338
0.76747
0.893173
0.999383
0.537251
0.96853
0.0169327
0.659536
0.620302
0.928313
0.641077
0.706813
0.911755
0.448066
0.89825
0.960945
0.185128
0.863603
0.99615
0.239658
0.794607
0.783998
0.899654
0.999571
0.965351
0.0712078
0.166449
0.961118
0.339509
0.353893
0.841328
0.789795
0.26837
0.246162
0.992632
0.835373
0.993385
0.99743
0.82571
0.477089
0.195133
0.354418
0.675273
0.131807
0.892239
0.694515
0.372858
0.297333
0.680553
0.762069
0.804896
0.296259
0.412196
0.430378
0.946712
0.998555
0.845587
0.722804
0.261253
0.122001
0.794866
0.999205
0.664464
0.63149
0.426737
0.19334
0.00663317
0.993831
0.838911
0.322293
0.548296
0.56908
0.999755
0.286734
0.245947
0.209294
0.949311
0.38841
0.946545
0.972942
0.387525
0.817984
0.364958
0.994575
0.749052
0.573132
0.829974
0.995108
0.974943
0.42785
0.636562
0.107012
0.751655
0.768176
0.0153007
0.705834
0.107755
0.994534
0.73259
0.999414
0.115401
0.68722
0.99526
0.998693
0.32393
0.238484
0.989561
0.287022
0.875039
0.164474
0.8855
0.640795
0.997466
0.999735
0.926597
0.969174
0.994935
0.991255
0.47821
0.416467
0.2765
0.771134
0.89524
0.996133
0.858857
0.597785
0.999974
0.864837
0.733414
0.538083
0.737049
0.158623
0.7515
0.890426
0.283448
0.0904299
0.345802
0.0377262
0.697111
0.529419
0.701327
0.999933
0.39958
0.999591
0.566012
0.446709
0.266929
0.940766
0.990611
0.891692
0.749736
0.718923
0.99946
0.484254
0.824545
0.595627
0.676565
0.779082
0.397422
0.75561
0.58402
0.389454
0.846843
0.848308
0.998793
0.785761
0.635204
0.939574
0.769494
0.434684
0.827674
0.938679
0.975598
0.755248
0.401788
0.889872
0.919064
0.973272
0.797055
0.703729
0.642826
0.895651
0.989351
0.755783
0.851211
0.971686
0.410844
0.147619
0.455197
0.354871
0.630985
0.156718
0.222016
0.56632
0.770757
0.907367
0.988118
0.283582
0.937604
0.623064
0.516495
0.793024
0.769077
0.959741
0.688145
0.497029
0.3831
0.710358
0.960525
0.115795
0.876516
0.916662
0.6926
0.382958
0.149201
0.958813
0.150625
0.958999
0.965775
0.581585
0.938967
0.878517
0.737251
0.326441
0.380437
0.583874
0.982775
0.593095
0.185548
0.516318
0.999631
0.992925
0.80459
0.503275
0.622382
0.496263
0.311918
0.24794
0.524059
0.921494
0.922566
0.933518
0.257275
0.929785
0.912132
0.67625
0.996702
0.505409
0.207131
0.935163
0.18856
0.99109
0.102711
0.528513
0.208576
0.964915
0.16038
0.90231
0.296773
0.736334
0.994273
0.654101
0.688065
0.97693
0.932038
0.983693
0.973204
0.104488
0.661136
0.190721
0.834616
0.351246
0.582707
0.17595
0.706604
0.387766
0.293308
0.308851
0.35682
0.813431
0.831192
0.147289
0.566544
0.862839
0.214463
0.0245086
0.554964
0.711371
0.612215
0.742577
0.977341
0.472581
0.956117
0.49707
0.992321
0.967861
0.706444
0.978708
0.130945
0.938844
0.17738
0.530763
0.661155
0.985943
0.905945
0.99971
0.627073
0.175761
0.615501
0.446288
0.629227
0.0876079
0.999997
0.917984
0.622905
0.909406
0.835399
0.426164
0.521579
0.344766
0.789711
0.217179
0.53159
0.975165
0.617395
0.376292
0.150879
0.996091
0.995787
0.56967
0.955078
0.853587
0.993887
0.635317
0.521546
0.696785
0.564973
0.471124
0.786491
0.487408
0.656505
0.123787
0.580891
0.508135
0.106794
0.99739
0.855629
0.9079
0.660178
0.915689
0.0580425
0.413191
0.106647
0.956722
0.958578
0.319491
0.830666
0.441106
0.776007
0.972276
0.772096
0.512116
0.0116074
0.634509
0.347906
0.261843
0.819867
0.927861
0.806534
0.997957
0.708526
0.904658
0.994816
0.378998
0.0405352
0.533171
0.707121
0.247566
0.735906
0.789213
0.789737
0.873762
0.190011
0.669567
0.761825
0.484885
0.518169
0.712253
0.476699
0.702576
0.760924
0.297046
0.739828
0.306835
0.915377
0.964149
0.0724177
0.967145
0.258951
0.454427
0.770266
0.0197598
0.964045
0.802275
0.999849
0.991943
0.844905
0.723969
0.998263
0.16196
0.121855
0.368168
0.880965
0.00735137
0.975686
0.102498
0.23064
0.952205
0.0756954
0.996312
0.621991
0.025376
0.868743
0.903075
0.222172
0.266301
0.850062
0.0365895
0.0210589
0.59004
0.593012
0.99989
0.187008
0.186726
0.90095
0.732738
0.550885
0.960291
0.950513
0.247622
0.973702
0.966705
0.468914
0.848974
0.807065
0.799652
0.0224213
0.992805
0.408528
0.866423
0.996302
0.943998
0.997543
0.256729
0.370505
0.184468
0.823388
0.99907
0.758525
0.997984
0.986869
0.379811
0.0318873
0.805142
0.339651
0.69979
0.487228
0.544555
0.273327
0.71903
0.0225463
0.834046
0.346353
0.552221
0.682516
0.826529
0.0814051
0.745394
0.891687
0.825865
0.188994
0.949521
0.729565
0.992389
0.840197
0.0778454
0.926626
0.853225
0.967868
0.957942
0.849768
0.977752
0.242196
0.868632
0.987145
0.194275
0.970304
0.355917
0.402134
0.999931
0.314737
0.958307
0.662053
0.542441
0.430072
0.842082
0.25465
0.718009
0.0696614
0.830268
0.280541
0.595669
0.753009
0.362034
0.248835
0.984715
0.118493
0.204437
0.959727
0.979493
0.18528
0.584246
0.27927
0.0154923
0.420696
0.528353
0.0703453
0.746025
0.771188
0.863484
0.964779
0.395581
0.532457
0.657432
0.978412
0.84552
0.381317
0.924365
0.664985
0.641335
0.0963244
0.989006
0.750804
0.798886
0.467564
0.930359
0.0832323
0.614938
0.999841
0.999987
0.747358
0.924891
0.181169
0.965552
0.9073
0.658389
0.79713
0.526643
0.0994893
0.184547
0.246452
0.979048
0.573418
0.013529
0.340684
0.910047
0.0533676
0.898563
0.697202
0.999681
0.768085
0.858008
0.614794
0.500419
0.248706
0.999959
0.848161
0.720815
0.78467
0.161453
0.396382
0.938719
0.424365
0.274476
0.983792
0.816317
0.727077
0.811683
0.314222
0.324899
0.959698
0.998072
0.104409
0.0326848
0.91812
0.357712
0.931249
0.946851
0.526784
0.62529
0.976892
0.168106
0.0273544
0.68356
0.737777
0.925799
0.709565
0.204149
0.604252
0.152014
0.413548
0.999235
0.53596
0.828237
0.970799
0.652386
0.958665
0.59775
0.798705
0.662255
0.0743665
0.149791
0.542202
0.86494
0.962458
0.767737
0.867029
0.435242
0.680024
0.136152
0.400613
0.614693
0.981482
0.549332
0.9085
0.204636
0.885152
0.385829
0.577718
0.983105
0.929046
0.135776
0.999616
0.806938
0.830754
0.607205
0.570476
0.473869
0.877707
0.998453
0.657792
0.65925
0.983286
0.916088
0.530815
0.898458
0.486341
0.230078
0.599828
0.519384
0.923327
0.358982
0.803204
0.957308
0.238673
0.985522
0.742172
0.993699
0.996523
0.920656
0.999995
0.825618
0.424821
0.184007
0.443422
0.937444
0.412055
0.776184
0.423707
0.996997
0.0328319
0.927712
0.72408
0.551547
0.172646
0.923394
0.926989
0.211854
0.120216
0.342465
0.901991
0.528309
0.529733
0.0555854
0.62413
0.833341
0.938694
0.904079
0.690169
0.820506
0.744737
0.429713
0.96725
0.19015
0.636696
0.990084
0.270532
0.458037
0.505646
0.590522
0.264986
0.983003
0.553862
0.318766
0.925215
0.968485
0.189486
0.219866
0.940193
0.474359
0.230266
0.0536744
0.136205
0.526126
0.909711
0.653745
0.849533
0.228829
0.417505
0.377526
0.0509552
0.87328
0.571799
0.855859
0.998577
0.94892
0.218974
0.793234
0.643364
0.923158
0.727783
0.684099
0.0159243
0.764252
0.456947
0.982423
0.919788
0.929572
0.774657
0.858795
0.901569
0.7121
0.614722
0.453058
0.249163
0.595577
0.89213
0.644729
0.651442
0.114285
0.746473
0.626737
0.516982
0.925413
0.30473
0.971619
0.677043
0.617949
0.993953
0.307609
0.522986
0.40001
0.988037
0.183519
0.282298
0.845679
0.985053
0.985737
0.871194
0.677895
0.999996
0.400968
0.700622
0.901228
0.298486
0.850611
0.522804
0.359624
0.493592
0.444111
0.990171
0.936094
0.25715
0.523527
0.902045
0.996208
0.572069
0.860489
0.0355921
0.0166161
0.483019
0.478281
0.97869
0.194734
0.0356647
0.19627
0.875159
0.541934
0.273042
0.289993
0.834512
0.911924
0.817517
0.99452
0.529863
0.504364
0.814268
0.760069
0.726718
0.11038
0.896002
0.999397
0.258269
0.954359
0.334618
0.400758
0.145293
0.0389614
0.986284
0.128763
0.864741
0.972471
0.0589988
0.0701899
0.476237
0.0958579
0.973241
0.655555
0.218211
0.887444
0.257784
0.483994
0.987231
0.197066
0.457529
0.86003
0.756983
0.999997
0.891896
0.38953
0.337434
0.558608
0.602493
0.389604
0.987452
0.738852
0.125301
0.41492
0.991611
0.143953
0.733257
0.0757493
0.978935
0.271816
0.158619
0.391173
0.0898411
0.999405
0.403463
0.218955
0.163781
0.845846
0.71374
0.189944
0.442807
0.839657
0.895808
0.954864
0.204541
0.507227
0.974658
0.788956
0.420324
0.250975
0.912271
0.178247
0.59191
0.954378
0.515998
0.231493
0.459022
0.565523
0.389957
0.404154
0.994123
0.802488
0.565535
0.0412218
0.402858
0.671498
0.136932
0.771543
0.999083
0.402899
0.990724
0.784879
0.895639
0.781253
0.876044
0.333801
0.369501
0.535739
0.996527
0.170782
0.0598043
0.81288
0.390328
0.866939
0.996402
0.996089
0.418005
0.189169
0.0763124
0.631118
0.366118
0.563026
0.98277
0.404503
0.282576
0.635798
0.338969
0.103012
0.0349019
0.133834
0.927198
0.0289698
0.687259
0.702773
0.813207
0.798356
0.286594
0.949714
0.701682
0.367385
0.999459
0.238236
0.8091
0.452227
0.470839
0.204178
0.996952
0.241511
0.331099
0.63901
0.332585
0.972219
0.926299
0.835903
0.555005
0.301346
0.912232
0.245914
0.748181
0.435637
0.951229
0.926022
0.443371
0.4246
0.979011
0.0194036
0.9991
0.654655
0.951075
0.547912
0.948975
0.46641
0.923604
0.83233
0.992553
0.661857
0.938783
0.914461
0.681185
0.05563
0.961496
0.47412
0.200552
0.700494
0.795513
0.922861
0.0954389
0.213314
0.364082
0.263062
0.999562
0.964854
0.994184
0.999855
0.518621
0.568572
0.90097
0.152026
0.921161
0.305748
0.974507
0.195517
0.998993
0.722997
0.978582
0.771571
0.797616
0.328057
0.569796
0.824468
0.437665
0.202059
0.873813
0.996725
0.417081
0.984648
0.351579
0.343446
0.100156
0.769237
0.688347
0.800887
0.956578
0.984854
0.972555
0.257127
0.991195
0.634383
0.276917
0.904574
0.915298
0.118052
0.942435
0.222177
0.0847765
0.376454
0.909686
0.277753
0.695094
0.389534
0.598415
0.587589
0.598059
0.832625
0.0873672
0.72433
0.997102
0.994299
0.142912
0.934883
0.999646
0.326258
0.267932
0.197561
1
0.37158
0.848175
0.999314
0.99961
0.522592
0.204466
0.999945
0.866049
0.435881
0.116812
0.701092
0.149617
0.677215
0.214853
0.792312
0.45604
0.97064
0.479021
0.999782
0.59323
0.966318
0.999756
0.959442
0.860843
0.599918
0.959124
0.999495
0.980025
0.668559
0.786431
0.0969517
0.359876
0.732387
0.640976
0.74907
0.495622
0.578902
0.339495
0.97958
0.753997
0.0941664
0.195046
0.193004
0.99801
0.625929
0.925858
0.9744
0.723929
0.343384
0.427385
0.479398
0.496465
0.967965
0.87195
0.525651
0.156444
0.229911
0.287843
0.0499808
0.771139
0.846778
0.706935
0.0312943
0.486405
0.416604
0.500528
0.860206
0.0872026
0.864345
0.104602
0.651639
0.343315
0.854245
0.239724
0.808753
0.108099
0.0144307
0.449728
0.960084
0.939062
0.0789064
0.438733
0.887095
0.609816
0.80465
0.809219
0.961209
0.944102
0.26304
0.375742
0.994896
0.281292
0.538668
0.9942
0.886479
0.481356
0.334991
0.978747
0.93234
0.97976
0.944501
0.363197
0.364488
0.998601
0.315913
0.221462
0.516486
0.276311
0.0431583
0.298485
0.0256539
0.992034
0.0855839
0.984492
0.49581
0.451924
0.986122
0.647872
0.78799
0.915386
0.83805
0.813042
0.159991
0.846921
0.144508
0.568986
0.940548
0.30012
0.980387
0.755191
0.993369
0.811782
0.308805
0.393733
0.121251
0.0902802
0.446214
0.0215951
0.224206
0.986511
0.941037
0.870752
0.123345
0.169881
0.981365
0.82143
0.99991
0.997656
0.871284
0.0318722
0.995358
0.0648565
0.399324
0.760712
0.330077
0.782287
0.0384747
0.662137
0.314506
0.230814
0.649286
0.636587
0.900505
0.672388
0.914855
0.189334
0.00340243
0.0528272
0.94401
0.848932
0.617965
0.623685
0.739908
0.755462
0.446445
0.38011
0.621214
0.224071
0.966571
0.978251
0.0547274
0.0298366
0.709761
0.987463
0.775674
0.742241
0.599636
0.076982
0.969198
0.768672
0.808554
0.836852
0.88603
0.353847
0.993999
0.81199
0.99971
0.210027
0.58339
0.975296
0.827604
0.643962
0.752823
0.985524
0.780562
0.999987
0.209288
0.996488
0.140037
0.195919
0.967362
0.67211
0.305257
0.477682
0.886033
0.993663
0.302125
0.0302159
0.421154
0.468278
0.917269
0.936729
0.0875673
0.971474
0.20542
0.904914
0.276655
0.998739
0.834132
0.107805
0.662593
0.946838
0.229116
0.603627
0.969118
0.999392
0.685114
0.984637
0.776868
0.999694
0.688671
0.270088
0.0231221
0.937396
0.82141
0.677087
0.412923
0.654347
0.853123
0.0619031
0.277421
0.745663
0.985389
0.231313
0.673924
0.490138
0.0179033
0.752852
0.471408
0.99407
0.423211
0.629211
0.142554
0.851208
0.840005
0.878085
0.696655
0.871839
0.779857
0.510928
0.979062
0.870722
0.588809
0.980542
0.999715
0.588085
0.454413
0.999966
0.862572
0.22683
0.996544
0.987451
0.513403
0.832586
0.367424
0.67086
0.67871
0.918636
0.764753
0.923204
0.723029
0.181675
0.717959
0.651607
0.69361
0.05389
0.760777
0.539713
0.0241104
0.707094
0.557105
0.258796
0.393338
0.621539
0.874939
0.792956
0.111528
0.243878
0.166511
0.603523
0.794359
0.552249
0.844431
0.955257
0.556589
0.279178
0.8188
0.746982
0.91241
0.350498
0.877306
0.208597
0.973867
0.911462
0.98989
0.946457
0.0539247
0.855208
0.763067
0.948756
0.64146
0.938394
0.654294
0.511767
0.999519
0.994432
0.501762
0.816448
0.989579
0.969959
0.756456
0.863997
0.515148
0.349447
0.991051
0.977532
0.284334
0.569421
0.733472
0.639961
0.626357
0.214897
0.824662
0.919418
0.296202
0.824172
0.458612
0.17628
0.597966
0.0251542
0.887115
0.0204083
0.0552656
0.535486
0.506035
0.371705
0.636415
0.040994
0.583919
0.855789
0.175813
0.0100502
0.57762
0.976131
0.928826
0.994817
0.130738
0.114183
0.142938
0.981439
0.660945
0.467277
0.810812
0.282491
0.331418
0.0524933
0.46362
0.714114
0.188646
0.826303
0.701784
0.0510214
0.871812
0.997473
0.895543
0.366886
0.381495
0.363561
0.348027
0.876866
0.923074
0.498978
0.456155
0.322872
0.44692
0.551888
0.104516
0.726536
0.976871
0.90751
0.306058
0.504834
0.770608
0.930549
0.779293
0.307955
0.749394
0.907232
0.902054
0.89188
0.987548
0.960288
0.585498
0.995784
0.0900938
0.999999
0.578717
0.662773
0.947552
0.942144
0.718321
0.447949
0.930938
0.712578
0.251671
0.0219881
0.931084
0.96012
0.936246
0.967159
0.837636
0.343736
0.0911876
0.837224
0.59266
0.888237
0.910227
0.938526
0.964712
0.541891
0.112785
0.96391
0.829903
0.956227
0.869392
0.543561
0.896419
0.533318
0.912713
0.994037
0.747202
0.652216
0.0124866
0.148101
0.772208
0.776809
0.671105
0.910806
0.971203
0.276064
0.853663
0.0669909
0.0223641
0.103513
0.412921
0.995114
0.543347
0.752005
0.78615
0.713499
0.999976
0.350051
0.995274
0.184717
0.26583
0.958563
0.885482
0.686588
0.997887
0.209052
0.62831
0.991226
0.541705
0.995174
0.459125
0.607851
0.966703
0.278743
0.542933
0.995833
0.561482
0.894657
0.283449
0.909563
0.191268
0.840373
0.973612
0.656498
0.332607
0.979169
0.475337
0.315708
0.812144
0.215135
0.977385
0.72655
0.94306
0.702592
0.990501
0.99895
0.983927
0.519939
0.967444
0.244933
0.804013
0.839405
0.832787
0.460803
0.0845683
0.5165
0.310791
0.247419
0.195689
0.69839
0.593351
0.177784
0.98689
0.443485
0.119128
0.961913
0.452649
0.552982
0.95943
0.779002
0.244287
0.639328
0.390634
0.195099
0.40262
0.572397
0.103224
0.0828787
0.438282
0.927063
0.963508
0.92138
0.882644
0.965118
0.633467
0.490249
0.911964
0.278486
0.981683
0.922528
0.151786
0.318518
0.773639
0.184778
0.501183
0.762921
0.905979
0.720344
0.994908
0.0122392
0.225268
0.902589
0.575208
0.979399
0.883181
0.0103572
0.982567
0.66564
0.961691
0.980047
0.638026
0.279089
0.21546
0.646054
0.392206
0.205494
0.796247
0.925565
0.654177
0.932909
0.859155
0.958482
0.299931
0.0607722
0.657905
0.776805
0.00109622
0.54739
0.950453
0.999951
0.813765
0.399976
0.478759
0.129813
0.64687
0.950282
0.722104
0.942639
0.995337
0.445515
0.437785
0.438414
0.764972
0.941463
0.946198
0.986566
0.412123
0.623245
0.91437
0.984505
0.886748
0.413465
0.0786903
0.11796
0.540005
0.399516
0.996005
0.365549
0.750036
0.170565
0.825002
0.161843
0.456084
0.789858
0.166897
0.872024
0.44947
0.770824
0.412439
0.469688
0.208281
0.60417
0.992109
0.739197
0.884589
0.250983
0.83158
0.206615
0.90341
0.561017
0.994077
0.231573
0.415682
0.597109
0.0264235
0.940855
0.979439
0.789015
0.984812
0.877449
0.523545
0.50366
0.0441604
0.964747
0.571302
0.829234
0.118301
0.138062
0.932051
0.267525
0.5928
0.204475
0.368523
0.994141
0.41604
0.394042
0.921571
0.991586
0.191565
0.59322
0.761985
0.923016
0.723413
0.775176
0.48392
0.933806
0.9096
0.850185
0.639107
0.846952
0.358393
0.333784
0.0319465
0.271623
0.735675
0.59642
0.382667
0.923663
0.512471
0.130353
0.367592
0.711439
0.692965
0.517836
0.97646
0.134046
0.554938
0.770522
0.504905
0.405255
0.614697
0.907132
0.46041
0.413378
0.718983
0.277542
0.88944
0.433185
0.12682
0.916499
0.994222
0.907044
0.99905
0.87961
0.864869
0.858698
0.653372
0.924388
0.895156
0.870275
0.895156
0.946148
0.316915
0.980772
0.954708
0.387982
0.932691
0.513118
0.863242
0.792153
0.874711
0.971771
0.862612
0.846233
0.786986
0.763538
0.846426
0.642805
0.59042
0.595889
0.987298
0.915842
0.978922
0.122736
0.991001
0.979295
0.741816
0.949503
0.940911
0.840934
0.51954
0.22285
0.894101
0.35053
0.487014
0.958411
0.19802
0.964123
0.348382
0.789664
0.28079
0.951412
0.518866
0.739725
0.533996
0.153025
0.965542
0.567617
0.617409
0.887909
0.0688225
0.0904814
0.154387
0.96107
0.608535
0.973581
0.752954
0.235698
0.692925
0.540283
0.872561
0.0553811
0.644909
0.978162
0.958752
0.992169
0.406693
0.344148
0.963486
0.32276
0.521058
0.798097
0.321498
0.497341
0.140829
0.887452
0.347533
0.966265
0.878125
0.670171
0.62359
0.730979
0.255744
0.0317859
0.820445
0.442858
0.285
0.816413
0.505101
0.685101
0.20183
0.366274
0.615195
0.695247
0.169379
0.420438
0.160345
0.794746
0.749282
0.040401
0.222117
0.727061
0.813939
0.99999
0.988435
0.513565
0.850341
0.553283
0.634529
0.535318
0.963768
0.65849
0.481908
0.774822
0.673081
0.955985
0.933529
0.604396
0.999915
0.841762
0.553403
0.835526
0.796369
0.997682
0.63682
0.536966
0.0521112
0.0594422
0.934409
0.0766459
0.20107
0.435136
0.527495
0.899281
0.258491
0.913841
0.0889331
0.969502
0.2807
0.697494
0.904504
0.0983508
0.657215
0.966392
0.608834
0.368142
0.477873
0.806219
0.72455
0.337647
0.811411
0.709186
0.912351
0.938002
0.978166
0.975692
0.78106
0.505854
0.891723
0.826269
0.659752
0.157879
0.71133
0.956836
0.720456
0.518349
0.999257
0.888166
0.870988
0.638701
0.176124
0.984396
0.919074
0.978904
0.979879
0.898611
0.304305
0.108123
0.279611
0.552608
0.781127
0.505746
0.116649
0.792591
0.999863
0.850158
0.97115
0.212843
0.0314905
0.758386
0.601279
0.247952
0.835453
0.830682
0.923499
0.188758
0.468439
0.998974
0.206163
0.927106
0.800625
0.772979
0.148787
0.960857
0.882853
0.162361
0.193438
0.766993
0.807912
0.7649
0.677472
0.163158
0.912714
0.38674
0.952921
0.190054
0.28296
0.403315
0.991531
0.062118
0.993738
0.993136
0.467817
0.354172
0.985076
0.015647
0.904025
0.385314
0.359913
0.340337
0.986462
0.608467
0.928589
0.636952
0.523004
0.223691
0.191626
0.826523
0.996871
0.956962
0.959979
0.908734
0.330249
0.888138
0.165255
0.545067
0.363879
0.831124
0.936537
0.791071
0.904706
0.99254
0.283379
0.838734
0.134361
0.642136
0.471199
0.594544
0.0994777
0.987143
0.705736
0.51409
0.943603
0.992469
0.927294
0.107954
0.113543
0.998504
0.850553
0.882017
0.288953
0.683836
0.879373
0.859389
0.669379
0.837162
0.0919432
0.0732534
0.41617
0.864864
0.55641
0.3184
0.666397
0.985459
0.934152
0.357356
0.99643
0.256225
0.310985
0.393539
0.953504
0.102023
0.623176
0.444843
0.231027
0.971292
0.668369
0.969673
0.810549
0.18439
0.713779
0.747447
0.979817
0.823348
0.783681
0.744225
0.754357
0.513555
0.402425
0.0374731
0.997115
0.614096
0.289191
0.900684
0.998383
0.191854
0.608246
0.876407
0.0411176
0.0704256
0.151572
0.676035
0.70429
0.0747284
0.945332
0.918118
0.0881346
0.831916
0.482294
0.539653
0.984187
0.997555
0.844745
0.54552
0.365892
0.116198
0.821162
0.177056
0.8701
0.970596
0.187648
0.759941
0.86527
0.0462045
0.997089
0.204808
0.469865
0.00352707
0.945658
0.0011615
0.916837
0.879856
0.985452
0.346475
0.871021
0.662369
0.94507
0.993576
0.156554
0.547639
0.981951
0.994619
0.497114
0.0838874
0.988268
0.333651
0.106202
0.590736
0.220916
0.478215
0.179435
0.34558
0.819415
0.846525
0.290315
0.960881
0.159169
0.683321
0.341674
0.99902
0.991378
0.373132
0.37137
0.76899
0.472433
0.412694
0.96585
0.475432
0.866525
0.681088
0.0808728
0.78237
0.53924
0.953494
0.283465
0.938097
0.908423
0.974736
0.92607
0.884294
0.79053
0.947237
0.997055
0.009276
0.999999
0.991903
0.292108
0.843951
0.665504
0.0748451
0.173039
0.995253
0.636703
0.223785
0.885836
0.930029
0.21777
0.844029
0.0826999
0.999992
0.922148
0.474007
0.621713
0.888326
0.537855
0.863692
0.445335
0.12046
0.167788
0.985325
0.750757
0.832621
0.458939
0.92773
0.916465
0.915189
0.942436
0.698059
0.539945
0.650733
0.744122
0.465204
0.559894
0.438993
0.0287551
0.391734
0.951124
0.999957
0.00566209
0.157272
0.516531
0.273414
0.409461
0.50471
0.715357
0.940452
0.939693
0.327904
0.31134
0.408503
0.217719
0.808769
0.474482
0.929604
0.98925
0.410755
0.760659
0.389163
0.983776
0.453777
0.63773
0.999946
0.164408
0.908499
0.880038
0.418702
0.0977658
0.796575
0.762136
0.802891
0.99553
0.893389
0.87911
0.984713
0.351295
0.871
0.142816
0.431736
0.997899
0.993965
0.911295
0.276603
0.923026
0.465679
0.975858
0.162207
0.244346
0.0905101
0.512725
0.94326
0.469935
0.596588
0.844146
0.176744
0.828497
0.466758
0.706492
0.554268
0.234001
0.580351
0.452293
0.308294
0.571129
0.388712
0.555951
0.99716
0.780873
0.943577
0.955161
0.995272
0.56338
0.954344
0.533248
0.310878
0.962282
0.749306
0.639429
0.22117
0.974481
0.999769
0.808984
0.996872
0.210895
0.882319
0.349723
0.227691
0.163189
0.0969549
0.233463
0.999217
0.894192
0.999778
0.905348
0.107385
0.949537
0.658562
0.209405
0.268322
0.968041
0.145845
0.0135339
0.00444644
0.292373
0.9675
0.857433
0.892422
0.931879
0.275696
0.518094
0.0317158
0.892534
0.221876
0.529739
0.231601
0.246619
0.143812
0.16122
0.768208
0.744912
0.106529
0.734634
0.802052
0.109779
0.45945
0.998957
0.999402
0.997594
0.834236
0.949957
0.79902
0.751185
0.603476
0.843277
0.172727
0.49367
0.227215
0.477034
0.999715
0.513559
0.118472
0.0941464
0.152636
0.908656
0.997394
0.0992495
0.982091
0.681041
0.0973577
0.119225
0.987397
0.100741
0.585192
0.952192
0.63796
0.833976
0.359284
0.580322
0.544382
0.997993
0.643471
0.759833
0.987307
0.0511476
0.535199
0.732841
0.544494
0.278004
0.958317
0.732942
0.736732
0.785347
0.266577
0.483751
0.874254
0.944658
0.16263
0.342721
0.795723
0.73164
0.903145
0.0741128
0.459806
0.993349
0.9063
0.689493
0.838011
0.954038
0.098452
0.317909
0.387989
0.474286
0.0102508
0.533676
0.27729
0.379393
0.766272
0.697481
0.540555
0.573115
0.999996
0.0317945
0.323553
0.0960081
0.0814125
0.489777
0.853024
0.101516
0.918855
0.532714
0.986346
0.0358696
0.000549685
0.800691
0.656926
0.955704
0.999992
0.0669645
0.0983311
0.980082
0.595002
0.833028
0.801511
0.585022
0.753138
0.975008
0.764717
0.0359107
0.995599
0.995952
0.339063
0.693365
0.959599
0.318236
0.602266
0.88781
0.689279
0.223031
0.397722
0.996671
0.991984
0.913963
0.972039
0.58542
0.337374
0.211627
0.840686
0.528503
0.975942
0.0375161
0.211101
0.598673
0.282198
0.998346
0.0688968
0.764215
0.876314
0.998734
0.605094
0.835617
0.995562
0.679041
0.33278
0.440467
0.928069
0.976031
0.997707
0.137193
0.792819
0.997124
0.980108
0.666618
0.961308
0.777627
0.658802
0.0207911
0.506801
0.675356
0.0632917
0.999997
0.658592
0.908608
0.579128
0.690888
1
0.925502
0.71464
0.0322584
0.670168
0.343453
0.988803
0.0481402
0.410519
0.368326
0.957469
0.388247
0.696313
0.2617
0.998067
0.731955
0.738208
0.71701
0.593686
0.148541
0.98149
0.678777
0.913829
0.588441
0.669511
0.999983
0.471998
0.74854
0.989663
0.675984
0.631958
0.741068
0.921462
0.074083
0.543027
0.884679
0.934107
0.374254
0.327899
0.999992
0.119789
0.010584
0.423246
0.912079
0.28144
0.477546
0.0839087
0.550469
0.920689
0.817274
0.994525
0.0277866
0.835411
0.919579
0.134259
0.232414
0.70875
0.106936
0.95773
0.97441
0.156881
0.905106
0.948409
0.43118
0.97
0.99826
0.557126
0.900739
0.97369
0.683545
0.982016
0.541079
0.964263
0.0605101
0.910398
0.70187
0.141689
0.872523
0.6366
0.0680082
0.502069
0.265154
0.458901
0.0483416
0.238112
0.886746
0.898583
0.501855
0.852896
0.974031
0.760484
0.320663
0.284612
0.939872
0.334034
0.781133
0.7758
0.13003
0.425502
0.997295
0.893562
0.0652895
0.903401
0.958129
0.99765
0.726977
0.885925
0.484635
0.613047
0.830859
0.995499
0.35357
0.99862
0.823249
0.239018
0.97888
0.458241
0.623219
0.683188
0.119589
0.441091
0.209267
0.982542
0.266878
0.976439
0.226891
0.385433
0.429011
0.982471
0.775794
0.87542
0.0653394
0.997233
0.998255
0.475576
0.371661
0.642226
0.885205
0.252319
0.940624
0.907186
0.992607
0.139996
0.473475
0.064839
0.0378655
0.183775
0.960445
0.831551
0.917693
0.996375
0.833591
0.989127
0.558594
0.997541
0.299933
0.974982
0.9971
0.448658
0.961821
0.990518
0.748665
0.937367
0.248819
0.330799
0.920361
0.9675
0.371406
0.735732
0.990636
0.123861
0.926047
0.990447
0.974445
0.637433
0.943566
0.961822
0.99908
0.888962
0.889848
0.0897093
0.315419
0.0579168
0.103801
0.773368
0.988418
0.164965
0.969443
0.912983
0.793266
0.330326
0.476799
0.39259
0.842354
0.732609
0.678813
0.995189
0.905557
0.48638
0.747958
0.582608
0.795696
0.765751
0.230423
0.580694
0.84933
0.189584
0.206766
0.093965
0.557798
0.962643
0.993465
0.889823
0.891838
0.117616
0.0905406
0.0540097
0.345613
0.985541
0.928436
0.683786
0.99415
0.463244
0.0888032
0.349818
0.277002
0.945582
1
0.966669
0.216513
0.770707
0.314331
0.204854
0.041302
0.785278
0.285486
0.711919
0.999597
0.252804
0.243068
0.0799701
0.999882
0.218749
0.773386
0.714408
0.746841
0.373604
0.952441
0.999989
0.994496
0.537318
0.600764
0.962002
0.291602
0.84294
0.476597
0.132574
0.994735
0.756429
0.627902
0.956376
0.955309
0.996846
0.125671
0.5425
0.040401
0.349253
0.168026
0.668516
0.305126
0.999957
0.73388
0.95435
0.536169
0.999819
0.997392
0.999935
0.956135
0.994304
0.600007
0.606714
0.996105
0.721225
0.425508
0.989726
0.653613
0.567948
0.570989
0.908962
0.928243
0.54948
0.999863
0.844948
0.618683
0.415548
0.947694
0.955634
0.64925
0.979218
0.918897
0.0418237
0.0923664
0.421615
0.377926
0.861994
0.872235
0.709615
0.235475
0.450989
0.776034
0.971455
0.275445
0.569865
0.992601
0.661325
0.280519
0.589078
0.951484
0.33481
0.95445
0.454734
0.27235
0.865286
0.529938
0.540596
0.238844
0.99607
0.788728
0.442583
0.654797
0.127705
0.892152
0.867726
0.977362
0.863319
0.987537
0.856317
0.481093
0.130833
0.889183
0.999613
0.742027
0.254623
0.940813
0.887029
0.890176
0.465223
0.25655
0.915518
0.439765
0.920463
0.404453
0.81624
0.957356
0.970403
0.697231
0.573256
0.0325869
0.991709
0.698252
0.350308
0.986552
0.0234477
0.757899
0.87872
0.820868
0.995597
0.624522
0.406579
0.990389
0.156692
0.920476
0.940661
0.982706
0.355928
0.195235
0.942908
0.999775
0.280946
0.857663
0.959101
0.837652
0.964158
0.368784
0.813082
0.353805
0.818708
0.19066
0.56337
0.706431
0.68657
0.954564
0.558136
0.701789
0.386937
0.0907038
0.622628
0.0933783
0.56167
0.755554
0.989262
0.334133
0.509299
0.649153
0.655294
0.938575
0.0282107
0.4815
0.988297
0.877222
0.776299
0.940283
0.643952
0.835101
0.995285
0.613719
0.763527
0.592802
0.935408
0.699818
0.276237
0.525938
0.186502
0.132989
0.5655
0.409161
0.801726
0.513218
0.387961
0.934613
0.942797
0.995111
0.950318
0.869618
0.999999
0.305998
0.535668
0.870456
0.785561
0.280613
0.937865
0.414369
0.997437
0.525756
0.565442
0.499955
0.292994
0.0370831
0.244527
0.353831
0.484062
0.614115
0.430791
0.290302
0.443668
0.996179
0.999646
0.377403
0.0435714
0.4547
0.872266
0.632098
0.739455
0.908507
0.120985
0.949487
0.951955
0.284604
0.898901
0.997543
0.423127
0.638937
0.999359
0.510775
0.720643
0.983234
0.495595
0.959519
0.685855
0.010784
0.992686
0.994176
0.779549
0.963254
0.129876
0.545219
0.939215
0.283517
0.762965
0.739121
0.769126
0.894185
0.317965
0.660857
0.935669
0.185854
0.995076
0.484507
0.853222
0.0531354
0.85104
0.615481
0.369938
0.00362668
0.997368
0.245451
0.769277
0.561054
0.927916
0.170578
0.376825
0.99905
0.352289
0.577649
0.100419
0.374833
0.747208
0.999938
0.997523
0.196504
0.998938
0.218246
0.931375
0.782352
0.890793
0.187441
0.864969
0.357879
0.585475
0.982821
0.792452
0.849347
0.746021
0.721646
0.948472
0.569067
0.0587803
0.478981
0.43581
0.127769
0.983457
0.977839
0.706835
0.103888
0.999428
0.522381
0.560038
0.983854
0.943465
0.0745847
0.219326
0.973877
0.917064
0.288243
0.204052
0.17787
0.999899
0.967359
0.883781
0.891442
0.919406
0.964295
0.755947
0.922678
0.391353
0.552304
0.960388
0.011724
0.819774
0.944098
0.454357
0.992125
0.968889
0.433448
0.900961
0.419874
0.339509
0.98378
0.858262
0.771831
0.202744
0.705706
0.822183
0.0705966
0.642157
0.70664
0.862885
0.459542
0.992593
0.0974341
0.245657
0.0707351
0.496973
0.965331
0.485577
0.582723
0.0657078
0.990947
0.980847
0.723
0.830136
0.30326
0.999064
0.974108
0.998687
0.833336
0.798041
0.977448
0.604003
0.99986
0.799869
0.30282
0.224232
0.268929
0.327969
0.352156
0.285801
0.886487
0.932905
0.926788
0.933769
0.623578
0.327037
0.000835652
0.155563
0.480947
0.55936
0.93294
0.0744177
0.851816
0.665351
0.878362
0.994968
0.803194
0.100478
0.16763
0.123312
0.914934
0.993197
0.9853
0.347483
0.932156
0.771051
0.105224
0.868538
0.235271
0.103302
0.904432
0.993797
0.951941
0.976393
0.185677
0.518277
0.92125
0.490287
0.495236
0.906776
0.576676
0.427437
0.873312
0.111174
0.691388
0.997205
0.643586
0.784806
0.999821
0.962731
0.53868
0.185995
0.991702
0.385415
0.770723
0.597299
0.209845
0.968729
0.985946
0.338714
0.929058
0.450039
0.491391
0.671964
0.911551
0.457289
0.440584
0.452511
0.553692
0.753759
0.710834
0.987105
0.95743
0.0965838
0.12877
0.39733
0.719546
0.145107
0.350334
0.899358
0.984403
0.534176
0.996368
0.812135
0.942776
0.569488
0.043804
0.622994
0.926965
0.0220995
0.990571
0.940067
0.148066
0.888154
0.0878212
0.136257
0.965939
0.461323
0.687542
0.343286
0.849998
0.952031
0.491756
0.832581
0.966421
0.423124
0.444068
0.70792
0.725212
0.739802
0.990921
0.996517
0.34936
0.650097
0.973683
0.639221
0.196507
0.307347
0.546254
0.540265
0.862098
0.0488758
0.751084
0.962567
0.918774
0.937819
0.1263
0.999752
0.95473
0.415802
0.99096
0.531953
0.26156
0.757274
0.699025
0.511807
0.404842
0.901626
0.433951
0.900312
0.977275
0.927123
0.998911
0.00364872
0.444066
0.695556
0.185341
0.587188
0.978072
0.91951
0.107407
0.797189
0.228423
0.999578
0.973399
0.979498
0.574223
0.570927
0.994288
0.680921
0.573944
0.987738
0.931739
0.387419
0.293287
0.693583
0.854403
0.921952
0.979003
0.997301
0.302577
0.404576
0.679483
0.611145
0.793018
0.879247
0.98284
0.98507
0.265891
0.49215
0.30716
0.987902
0.510393
0.151948
0.207079
0.330585
0.519886
0.700516
0.51412
0.995987
0.194776
0.401451
0.863587
0.437895
0.569807
0.320082
0.993865
0.34087
0.916804
0.96031
0.998231
0.894491
0.808505
0.985852
0.508247
0.685127
0.219507
0.990631
0.462515
0.780878
0.282825
0.284675
0.561368
0.112627
0.781852
0.836985
0.887808
0.744573
0.727946
0.796532
0.952561
0.489393
0.837774
0.796395
0.728709
0.585351
0.993401
0.839161
0.999997
0.429715
0.865811
0.932216
0.770566
0.125975
0.992787
0.352082
0.558544
0.143739
0.897405
0.998749
0.9996
0.319391
0.852203
0.0270958
0.0927908
0.435852
0.951755
0.9275
0.264365
0.739228
0.941811
0.426702
0.903316
0.9995
0.773623
0.987586
0.432859
0.970906
0.792701
0.346285
0.194928
0.832829
0.224247
0.0688477
0.45779
0.422424
0.989082
0.861944
0.981947
0.852425
0.0322623
0.736773
0.67464
0.844688
0.659791
0.846912
0.952205
0.895327
0.741474
0.801364
0.84653
0.478157
0.72587
0.983601
0.153534
0.986783
0.142632
0.976745
0.0721918
0.0499559
0.162533
0.123142
0.408636
0.151691
0.983499
0.89984
0.654299
0.953688
0.239207
0.985225
0.621575
0.985072
0.999753
0.207036
0.0814645
0.999934
0.314834
0.985682
0.10036
0.0681051
0.748603
0.87147
0.940539
0.317001
0.981121
0.0163578
0.999559
0.421559
0.818809
0.111357
0.660536
0.996763
0.0358186
0.881096
0.613443
0.883568
0.427301
0.705219
0.972915
0.806979
0.410555
0.126863
0.993672
0.654939
0.310853
0.974507
0.970891
0.690117
0.928389
0.778587
0.481422
0.317918
0.819435
0.0835974
0.984395
0.875806
0.813753
0.538816
0.999645
0.947329
0.977976
0.604362
0.929454
0.772179
0.899898
0.49448
0.992498
0.997147
0.986175
0.816877
0.734963
0.962968
0.402538
0.397322
0.163215
0.108987
0.521482
0.408383
0.99692
0.231264
0.587697
0.868927
0.306311
0.61626
0.997943
0.0205822
0.851954
0.749252
0.989185
0.261221
0.232838
0.874478
0.0780221
0.999856
0.139409
0.987821
0.241777
0.0729425
0.753517
0.256428
0.980481
0.482184
0.967182
0.856562
0.920551
0.614429
0.984266
0.996768
0.956515
0.682501
0.579492
0.989061
0.752903
0.0946759
0.0886603
0.353183
0.984416
0.999944
0.54405
0.719837
0.761176
0.128919
0.93253
0.783273
0.378133
0.65084
0.763803
0.792876
0.94111
0.618219
0.826915
0.699516
0.383399
0.97623
0.662748
0.313281
0.932259
0.578273
0.841137
0.938718
0.667693
0.17065
0.894901
0.341418
0.115126
0.558101
0.271083
0.999995
0.410879
0.510281
0.844666
0.99908
0.741576
0.969344
0.6387
0.587313
0.411132
0.197834
0.843591
0.703273
0.891516
0.329918
0.0134
0.214486
0.946186
0.347621
0.18543
0.999752
0.393834
0.854268
0.827715
0.982174
0.954897
0.660529
0.787673
0.979483
0.100447
0.991937
0.868752
0.683107
0.639386
0.457535
0.174379
0.450944
0.301024
0.853395
0.54044
0.142038
0.832335
0.999944
0.491739
0.561177
0.0143246
0.651643
0.67247
0.726937
0.832538
0.786657
0.924499
0.0950569
0.723364
0.910377
0.934325
0.457362
0.963128
0.984098
0.125239
0.339842
0.977102
0.122075
0.245405
0.216903
0.868704
0.470108
0.0253121
0.61415
0.860385
0.998405
0.773003
0.943145
0.815972
0.12532
0.589619
0.904558
0.940138
0.917073
0.997757
0.99885
0.970433
0.930302
0.747414
0.614361
0.00226416
0.86184
0.928053
0.707618
0.816731
0.565434
0.157511
0.0515075
0.0236086
0.998715
0.282824
0.615265
0.118888
0.606172
0.432247
0.952089
0.734493
0.64907
0.531013
0.813639
0.913503
0.641797
0.1534
0.772806
0.634941
0.863628
0.908907
0.691584
0.148287
0.951958
0.955658
0.949921
0.760401
0.993266
0.347667
0.961312
0.975011
0.974444
0.664881
0.951409
0.999905
0.366408
0.822799
0.106251
0.094162
0.29017
0.920708
0.484317
0.0785782
0.0295464
0.287411
0.596715
0.882444
0.949346
0.988416
0.557227
0.643264
0.424631
1
0.965574
0.877218
0.123939
0.376088
0.33692
0.646085
0.990437
0.999957
0.931565
0.949705
0.511208
0.182878
0.330268
0.844851
0.951653
0.409255
0.802871
0.983626
0.917498
0.764836
0.102238
0.160257
0.160162
0.992422
0.197607
0.883247
0.0583863
0.344106
0.284473
0.963774
0.0507047
0.777303
0.86005
0.710549
0.517602
0.817466
0.88527
0.695137
0.210732
0.615724
0.579867
0.999817
0.930153
0.345403
0.835887
0.541947
0.372657
0.971966
0.409318
0.985768
0.982516
0.22633
0.530437
0.680536
0.330604
0.196609
0.998779
0.882726
0.962817
0.986977
0.370671
0.660558
0.795941
0.250324
0.332914
0.951601
0.973578
0.0351784
0.0112913
0.972826
0.992978
0.973983
0.303967
0.678785
0.29784
0.992006
0.99494
0.879814
0.877213
0.811007
0.985696
0.336713
0.426497
0.451715
0.815138
0.531566
0.997791
0.557871
0.823034
0.315881
0.13728
0.119695
0.487247
0.217999
0.99863
0.453266
0.998342
0.991398
0.371914
0.682117
0.563587
0.880619
0.756629
0.998015
0.84619
0.962585
0.718075
0.243233
0.936663
0.600136
0.933858
0.946448
0.859676
0.629945
0.390538
0.5007
0.541479
0.205374
0.801381
0.884401
0.803132
0.543921
0.602544
0.459848
0.709985
0.836282
0.514312
0.736315
0.279899
0.762609
0.30956
0.7172
0.81868
0.972149
0.448567
0.504382
0.936728
0.665456
0.33347
0.0169937
0.522023
0.350066
0.661517
0.694386
0.70208
0.896049
0.182875
0.327396
0.906703
0.659518
0.703109
0.692418
0.932108
0.613902
0.989543
0.33027
0.443308
0.600366
0.50324
0.946719
0.338356
0.890067
0.780424
0.120682
0.504571
0.655889
0.296549
0.852681
0.975993
0.292616
0.994127
0.031387
0.955044
0.979501
0.928035
0.996031
0.890589
0.456742
0.97152
0.815975
0.00825342
0.926421
0.983468
0.882061
0.268352
0.90146
0.970968
0.986198
0.933988
0.959364
0.0802181
0.771431
0.206384
0.999925
0.742819
0.563533
0.441744
0.534139
0.574583
0.233401
0.940437
0.986204
0.964357
0.575015
0.874543
0.915256
0.719279
0.167561
0.961629
0.542142
0.680144
0.986049
0.251519
0.935245
0.4138
0.858924
0.155335
0.0456103
0.422188
0.83789
0.51251
0.996348
0.17816
0.982579
0.986278
0.459867
0.402629
0.993804
0.969273
0.911141
0.686283
0.974408
0.989731
0.761318
0.570307
0.2303
0.88787
0.746654
0.889067
0.13456
0.493222
0.998476
0.886427
0.500754
0.811349
0.143863
0.0562068
0.100024
0.868363
0.999513
0.99756
0.787981
0.41698
0.992234
0.873017
0.357239
0.965196
0.725506
0.828132
0.797104
0.556248
0.710748
0.42778
0.345521
0.315267
0.0605151
0.990335
0.1874
0.342135
0.919628
0.012639
0.393433
0.992986
0.259391
0.177987
0.812124
0.380035
0.738226
0.80296
0.25185
0.998592
0.753669
0.668083
0.0115227
0.535122
0.336224
0.493909
0.60731
0.113944
0.865579
0.343693
0.845935
0.995852
0.999644
0.821572
0.981347
0.999559
0.211237
0.999998
0.375399
0.157086
0.902253
0.983991
0.998945
0.588647
0.998749
0.826287
0.922157
0.173734
0.464879
0.930313
0.00413326
0.141375
0.778905
0.739151
0.940755
0.902324
0.86716
0.958653
0.0433523
0.358885
0.725349
0.715278
0.749568
0.795818
0.590298
0.843663
0.864127
0.999095
0.817176
0.812538
0.94848
0.0660704
0.996687
0.186447
0.985014
0.479149
0.939802
0.998525
0.727265
0.958833
0.93874
0.421465
0.656687
0.995038
0.816516
0.766591
0.125644
0.312995
0.99579
0.976477
0.379455
0.99919
0.881815
0.0131354
0.738335
0.832218
0.948761
0.359978
0.446148
0.0821427
0.101242
0.405921
0.185601
0.980418
0.371077
0.528515
0.616585
0.834764
0.959741
0.349524
0.949036
0.697148
0.79515
0.591445
0.730978
0.987798
0.50005
0.829889
0.970065
0.769397
0.937665
0.951273
0.471286
0.540281
0.629546
0.497694
0.900904
0.12984
0.306631
0.977019
0.986777
0.921114
0.383956
0.601538
0.462513
0.928576
0.540457
0.568183
0.577366
0.583241
0.0309493
0.219454
0.908298
0.828372
0.737425
0.927122
0.994421
0.324465
0.0942142
0.720547
0.738157
0.202025
0.0124639
0.414496
0.913559
0.92387
0.800509
0.704539
0.976569
0.0267652
0.0884247
0.379784
0.365894
0.928402
0.0779142
0.998622
0.498178
0.964574
0.950849
0.97442
0.937089
0.457397
0.633426
0.960004
0.932007
0.248639
0.75585
0.791787
0.922449
0.988336
0.848842
0.277549
0.726218
0.14302
0.928915
0.171423
0.818525
0.319055
0.787978
0.990238
0.77479
0.687578
0.805611
0.999709
0.979991
0.180169
0.998935
0.237077
0.837277
0.449709
0.119854
0.0652079
0.998964
0.98744
0.734751
0.43683
0.687038
0.234794
0.478368
0.480492
0.629576
0.76598
0.871755
0.493213
0.961598
0.999975
0.381494
0.892202
0.585047
0.951572
0.92973
0.632255
0.480222
0.948233
0.999327
0.858907
0.84002
0.235601
0.989984
0.0717782
0.676816
0.961302
0.770814
0.955274
0.225688
0.723408
0.99558
0.946205
0.10903
0.784599
0.0217192
0.37405
0.22443
0.165783
0.818506
0.902377
0.468119
0.99908
0.775045
0.98476
0.84152
0.601147
0.76446
0.868687
0.913909
0.0751126
0.612929
0.171161
0.999677
0.560755
0.895842
0.994445
0.855954
0.939703
0.0611405
0.81761
0.013285
0.91231
0.914719
0.717141
0.902485
0.0294162
0.278146
0.594698
0.370316
0.448402
0.736727
0.968292
0.981434
0.718729
0.974398
0.4428
0.00375568
0.676544
0.433679
0.795977
0.682101
0.482834
0.000755486
0.670706
0.998197
0.50688
0.284251
0.944531
0.951248
0.937404
0.0835546
0.767056
0.627167
0.703429
0.710598
0.916543
0.0815891
0.630277
0.888037
0.538483
0.941453
0.44423
0.067044
0.0676698
0.675725
0.227459
0.883426
0.916699
0.711841
0.770011
0.464835
0.733227
0.989463
0.0713569
0.990118
0.939892
0.000133817
0.928729
0.935252
0.985137
0.998993
0.516775
0.425165
0.740668
0.594718
0.83158
0.16222
0.541001
0.984865
0.409163
0.737486
0.0722693
0.624149
0.820034
0.990049
0.794205
0.998031
0.996363
0.98001
0.991331
0.16792
0.738155
0.965572
0.0990543
0.0947051
0.999567
0.990609
0.266051
0.998703
0.404488
0.974929
0.835725
0.982657
0.199373
0.999226
0.8333
0.271268
0.899318
0.342013
0.352612
0.686901
0.861808
0.604415
0.0386306
0.918989
0.0964664
0.999765
0.0259584
0.995778
0.759449
0.223523
0.225108
0.289054
0.149269
0.317153
0.997603
0.148282
0.546907
0.996329
0.639054
0.881546
0.262894
0.29455
0.329178
0.607725
0.38571
0.993235
0.845476
0.132612
0.978954
0.436402
0.426357
0.813699
0.99987
0.931942
0.909888
0.882173
0.692742
0.868459
0.986907
0.822606
0.983397
0.449499
0.288451
0.80067
0.998917
0.976929
0.924095
0.995695
0.694573
0.499483
0.591752
0.346762
0.994678
0.76073
0.994263
0.737247
0.475052
0.740454
0.0259614
0.262521
0.598911
0.317653
0.913786
0.419732
0.997639
0.327729
0.659881
0.999024
0.314453
0.158608
0.228035
0.15627
0.190957
0.217936
0.473426
0.352421
0.321722
0.181543
0.957298
0.999448
0.778982
0.577637
0.461886
0.468917
0.999699
0.0430989
0.831461
0.460058
0.963867
0.98088
0.696955
0.882203
0.383253
0.45787
0.880382
0.462791
0.870645
0.841615
0.995889
0.910032
0.939205
0.99191
0.978208
0.742073
0.783697
0.991232
0.423081
0.936662
0.199213
0.987383
0.0403983
0.771195
0.776819
0.736868
0.997533
0.725644
0.999309
0.577608
0.987662
0.430185
0.191086
0.912849
0.995751
0.705689
0.925223
0.341919
0.644504
0.565179
0.983742
0.343012
0.699025
0.94855
0.547669
0.151117
0.100073
0.364331
0.194983
0.642268
0.505453
0.311539
0.841673
0.873958
0.463091
0.0857529
0.983584
0.223681
0.547738
0.984383
0.495685
0.11467
0.702054
0.812342
0.98725
0.00583408
0.203319
0.538408
0.608087
0.880153
0.3439
0.0521337
0.407865
0.832293
0.791888
0.706926
0.288703
0.949631
0.442379
0.175538
0.908141
0.49306
0.950414
0.462078
0.965839
0.494162
0.775465
0.670855
0.999662
0.206693
0.894443
0.958054
0.803861
0.35596
0.853784
0.99735
0.827629
0.897364
0.28841
0.617435
0.99305
0.992629
0.520003
0.686124
0.991269
0.446256
0.178857
0.421321
0.998435
0.986018
0.999615
0.99248
0.996589
0.665922
0.568261
0.435526
0.0108451
0.279469
0.846254
0.906981
0.855757
0.981935
0.094544
0.943655
0.891952
0.164336
0.0272354
0.951324
0.972871
0.762016
0.996406
0.981674
0.706982
0.974118
0.999987
0.78506
0.809516
0.304222
0.997261
0.906257
0.729482
0.253256
0.848712
0.971971
0.207428
0.820293
0.791165
0.631265
0.507663
0.421341
0.862325
0.130639
0.876763
0.962404
0.94855
0.0360676
0.652993
0.0959586
0.074716
0.585966
0.96142
0.572299
0.927057
0.89093
0.953931
0.173194
0.751044
0.20582
0.980392
0.999987
0.808626
0.750843
0.882366
0.911095
0.0687415
0.950082
0.984278
0.937087
0.731053
0.242907
0.262456
0.0540692
0.987751
0.324093
0.834058
0.00828769
0.548333
0.934735
0.705501
0.126659
0.966282
0.450976
0.765878
0.842841
0.924246
0.986007
0.863158
0.972646
0.790552
0.760334
0.958468
0.836958
0.960566
0.983329
0.617542
0.998905
0.982725
0.84097
0.857666
0.613697
0.809656
0.59696
0.612949
0.385452
0.810472
0.998501
0.343074
0.985247
0.260452
0.345246
0.201119
0.964637
0.99685
0.18206
0.704993
0.526811
0.980833
0.99205
0.741801
0.987908
0.326884
0.18009
0.74277
0.497454
0.85203
0.00731029
0.704324
0.172042
0.806355
0.905156
0.47484
0.168714
0.490181
0.875183
0.275462
0.320299
0.231566
0.32827
0.313368
0.992719
0.992554
0.911666
0.648743
0.69584
0.890476
0.99982
0.765388
0.969383
0.571817
0.712726
0.0112076
0.825462
0.985291
0.946803
0.239938
0.999215
0.931457
0.777803
0.439499
0.674439
0.328781
0.951083
0.916133
0.966884
0.929666
0.944408
0.998134
0.0935832
0.920057
0.415861
0.679447
0.41298
0.806594
0.532912
0.851227
0.919726
0.444803
0.749995
0.461256
0.795506
0.0826925
0.327839
0.509173
0.0405621
0.440376
0.271046
0.229231
0.941667
0.354051
0.439972
0.786249
0.0189926
0.965574
0.806091
0.992541
0.528795
0.547907
0.953985
0.913246
0.436798
0.548059
0.994371
0.96141
0.972474
0.769948
0.419057
0.986589
0.981942
0.0851534
0.948554
0.718069
0.977357
0.672504
0.53843
0.9998
0.135793
0.526783
0.21477
0.552704
0.715673
0.705113
0.858748
0.59466
0.617195
0.707667
0.970462
0.768945
0.965168
0.889515
0.992653
0.878442
0.546869
0.698119
0.684249
0.998491
0.830382
0.29
0.843668
0.784428
0.655831
0.680746
0.022379
0.719883
0.431644
0.518202
0.638894
0.46797
0.989584
0.464013
0.998364
0.975857
0.568757
0.00309035
0.154349
0.989012
0.796495
0.981768
0.0409144
0.97393
0.560443
0.812982
0.915291
0.609534
0.347229
0.146618
0.255364
0.886795
0.0391955
0.990523
0.628838
0.792004
0.733191
0.630681
0.303805
0.832404
0.903786
0.947784
0.998517
0.982649
0.127005
0.883736
0.998584
0.00626657
0.399994
0.927931
0.0703467
0.66493
0.968003
0.916848
0.698794
0.937867
0.468563
0.102622
0.529609
0.992275
0.876622
0.810637
0.159892
0.692623
0.906272
0.96042
0.998793
0.937943
0.841983
0.945563
0.458586
0.954002
0.127704
0.920672
0.942792
0.794151
0.478075
0.99659
0.961246
0.442987
0.933
0.903773
0.971401
0.493588
0.774825
0.952135
0.13924
0.931285
0.772296
0.424287
0.478376
0.413572
0.391834
0.329817
0.835136
0.999912
0.731007
0.590834
0.930926
0.332913
0.765756
0.921234
0.809264
0.724964
0.94973
0.920654
0.716761
0.985969
0.378456
0.976352
0.242272
0.029772
0.812994
0.879647
0.408254
0.208614
0.877361
0.247952
0.753708
0.583648
0.503496
0.99393
0.687157
0.527562
0.985605
0.459637
0.540303
0.99355
0.227992
0.299507
0.208457
0.392711
0.10202
0.999854
0.145741
0.85012
0.768492
0.370031
0.999792
0.788251
0.430661
0.576047
0.780137
0.943089
0.701042
0.671816
0.566571
0.105337
0.636876
0.495091
0.311185
0.112783
0.960885
0.854279
0.863809
0.642527
0.240829
0.739148
0.972241
0.961907
0.83711
0.996511
0.999497
0.309578
0.452979
0.912383
0.912113
0.152987
0.719949
0.949211
0.269276
0.976416
0.0160557
0.974941
0.87312
0.610612
0.995383
0.547111
0.00604034
0.989218
0.610213
0.512543
0.665201
0.00762628
0.998445
0.276333
0.239791
0.96429
0.0612001
0.3039
0.972819
0.505229
0.92509
0.893639
0.239191
0.695753
0.470002
0.475456
0.95756
0.919825
0.799723
0.0107703
0.562595
0.343342
0.691584
0.463988
0.958065
0.346873
0.465809
0.479197
0.536131
0.0376263
0.655399
0.041987
0.811623
0.965713
0.0447996
0.728342
0.988873
0.734203
0.586425
0.235047
0.972549
0.175176
0.969736
0.552892
0.772421
0.468505
0.937406
0.77327
0.702961
0.981732
0.922009
0.807962
0.791396
0.996416
0.947544
0.950748
0.81468
0.999741
0.0263739
0.915471
0.943015
0.803327
0.160332
0.813244
0.0354124
0.358699
0.999254
0.423288
0.981176
0.107164
0.535468
0.488576
0.977695
0.467682
0.863625
0.345656
0.863309
0.123204
0.488411
0.534018
0.771378
0.960293
0.152206
0.680016
0.772462
0.978104
0.761482
0.636957
0.704761
0.0614603
0.6165
0.856974
0.276532
0.916889
0.613761
0.970735
0.752662
0.948199
0.590033
0.755312
0.9258
0.626646
0.0330074
0.282337
0.572639
0.687028
0.302568
0.819923
0.0154725
0.0670729
0.135083
0.251432
0.709046
0.989924
0.869731
0.66381
0.528445
0.0792487
0.133655
0.497729
0.0469182
0.409694
0.321
0.494205
0.404541
0.0813399
0.976041
0.777473
0.214034
0.000770676
0.521591
0.871857
0.543624
0.89503
0.946385
0.445239
0.773437
0.890169
0.888769
0.817407
0.775256
0.999742
0.13283
0.999368
0.247793
0.0497741
0.956389
0.991737
0.971734
0.88422
0.793005
0.23963
0.321196
0.978929
0.566907
0.477157
0.0297789
0.83201
0.974382
0.644218
0.83757
0.976748
0.642288
0.346621
0.123652
0.039947
0.573609
0.0390487
0.266263
0.951132
0.354024
0.975832
0.986729
0.676059
0.91005
0.520051
0.988933
0.982748
0.837941
0.28787
0.622808
0.354583
0.228992
0.254463
0.807514
0.563177
0.327742
0.977612
0.82457
0.0599926
0.891481
0.939494
0.243054
0.976937
0.821613
0.831691
0.95811
0.78891
0.554178
0.935797
0.106951
0.586998
0.709399
0.919462
0.982385
0.580112
0.985181
0.818809
0.993698
0.697255
0.72778
0.919038
0.905515
0.480201
0.233671
0.410324
0.965957
0.998886
0.966926
0.990523
0.0396677
0.784575
0.231452
0.175862
0.328831
0.321851
0.995973
0.991375
0.768034
0.818834
0.61477
0.99968
0.460281
0.394885
0.983727
0.953714
0.417768
0.620157
0.895137
0.83996
0.711869
0.974655
0.87538
0.493262
0.990806
0.287947
0.175357
0.985032
0.963669
0.991514
0.843701
0.882136
0.897959
0.77814
0.944542
0.963568
0.994342
0.0751708
0.387033
0.983439
0.67129
0.955921
0.701416
0.134924
0.141619
0.482921
0.869444
0.954466
0.150894
0.872771
0.532642
0.474037
0.82931
0.866236
0.429044
0.996382
0.929151
0.555476
0.0183027
0.955502
0.428125
0.862205
0.302829
0.296498
0.951496
0.283069
0.835441
0.298404
0.941289
0.246598
0.074779
0.186776
0.998252
0.061274
0.982243
0.98829
0.724558
0.990186
0.999051
0.928033
0.397481
0.735048
0.96397
0.771292
0.719972
0.592901
0.408328
0.999721
0.994393
0.279978
0.750806
0.788803
0.0202777
0.102829
0.959365
0.0388796
0.658869
0.858624
0.201911
0.99811
0.407277
0.574112
0.919496
0.901101
0.632762
0.994364
0.550094
0.990799
0.86025
0.737921
0.923287
0.639204
0.994805
0.733406
0.790979
0.256618
0.621251
0.451905
0.588517
0.723351
0.958835
0.0237428
0.603647
0.150297
0.908658
0.333479
0.191863
0.291637
0.91845
0.527108
0.55465
0.898548
0.613728
0.986678
0.724677
0.820818
0.978147
0.994382
0.990918
0.336915
0.8573
0.993859
0.998872
0.990525
0.0360592
0.152628
0.920986
0.886897
0.738117
0.592347
0.595993
0.0393479
0.787301
0.621425
0.319156
0.700249
0.99981
0.381741
0.727975
0.725109
0.458767
0.263741
0.0799092
0.00966428
0.357481
0.180666
0.894307
0.517305
0.699698
0.694557
0.99723
0.141205
0.841907
0.585688
0.15061
0.886065
0.88911
0.68606
0.94446
0.98816
0.181309
0.421007
0.999806
0.961572
0.500543
0.797286
0.26169
0.30466
0.440948
0.871452
0.397463
0.669681
0.104317
0.0554817
0.590401
0.855619
0.853482
0.998041
0.331717
0.997918
0.24181
0.87146
0.931582
0.500742
0.995042
0.268697
0.95592
0.727899
0.980217
0.943331
0.366912
0.398598
0.998944
0.697288
0.978197
0.773313
0.796343
0.704918
0.655581
0.91455
0.981984
0.530634
0.840484
0.0273321
0.927882
0.808725
0.922314
0.159506
0.657322
0.469751
0.986554
0.916083
0.37173
0.78461
0.541454
0.950325
0.509347
0.980196
0.342441
0.727089
0.995692
0.988331
0.398727
0.62089
0.0227657
0.452059
0.0691724
0.999009
0.241122
0.220933
0.969052
0.175256
0.989195
0.635737
0.634411
0.546069
0.798253
0.866104
0.499925
0.741467
0.960827
0.805362
0.615455
0.529422
0.665238
0.535367
0.42096
0.489592
0.676661
0.783712
0.552593
0.852762
0.989985
0.789436
0.805243
0.455701
0.135364
0.997073
0.452053
0.96753
0.777953
0.999953
0.867764
0.452587
0.985032
0.42929
0.993006
0.853494
0.999608
0.855608
0.939722
0.339909
0.269444
0.737914
0.993847
0.0858075
0.71071
0.901607
0.158495
0.834299
0.990955
0.586585
0.378074
0.126715
0.525831
0.0618863
0.995539
0.164447
0.608053
0.641252
0.814104
0.646672
0.107185
0.647675
0.435599
0.472848
0.996083
0.562678
0.979294
0.7378
0.60598
0.828635
0.890892
0.505786
0.231959
0.915116
0.0515055
0.971255
0.14347
0.329668
0.148158
0.943351
0.98708
0.983709
0.91196
0.326429
0.298075
0.368101
0.536172
0.224455
0.398552
0.622758
0.382494
0.700914
0.648184
0.861589
0.80822
0.750125
0.796421
0.328021
0.999295
0.997709
0.684145
0.622083
0.855274
0.22157
0.986247
0.801861
0.301105
0.989198
0.307531
0.947025
0.267539
0.967337
0.505945
0.25311
0.945834
0.732683
0.980527
0.439002
0.751861
0.801581
0.232564
0.953348
0.0502908
0.262576
0.988866
0.74712
0.834052
0.820833
0.246368
0.112461
0.381912
0.959803
0.941986
0.567167
0.84072
0.0542488
0.0510975
0.214821
0.965038
0.974699
0.970771
0.462844
0.687933
0.100729
0.0327133
0.304325
0.837945
0.624247
0.828119
0.644137
0.983199
0.74629
0.936979
0.616013
0.68185
0.844386
0.210058
0.262602
0.880044
0.0654514
0.308324
0.873122
0.588424
0.520709
0.856483
0.111236
0.934421
0.504245
0.287852
0.785717
0.708778
0.379061
0.629738
0.303606
0.496137
0.996075
0.665276
0.979564
0.983338
0.949641
0.778298
0.807184
0.993022
0.77821
0.977453
0.258019
0.859371
0.421465
0.439751
0.0665047
0.927935
0.737364
0.965222
0.835196
0.954014
0.0531888
0.999864
0.919673
0.176473
0.422754
0.378216
0.437665
0.684702
0.250392
0.40223
0.453921
0.493347
0.543483
0.746525
0.253732
0.712305
0.472859
0.729638
0.912975
0.834124
0.046542
0.391043
0.890797
0.999708
0.196891
0.625084
0.791443
0.994273
0.181281
0.904752
0.779393
0.107705
0.368051
0.673302
0.793954
0.760429
0.457259
0.781328
0.443346
0.460786
0.626719
0.37152
0.358621
0.863935
0.286692
0.914422
0.994853
0.384861
0.193373
0.951708
0.927474
0.712247
0.985073
0.682883
0.825571
0.114633
0.743546
0.222988
0.786623
0.386927
0.126188
0.598825
0.943145
0.881323
0.338358
0.00359535
0.98265
0.645753
0.831087
0.466984
0.48044
0.998206
0.94934
0.0417574
0.999545
0.877715
0.367779
0.999224
0.993742
0.999027
0.727233
0.875042
0.821906
0.308219
0.417372
0.857572
0.989292
0.661048
0.854513
0.276352
0.390583
0.545439
0.93825
0.627834
0.901279
0.0965607
0.158117
0.539238
0.940773
0.330472
0.848574
0.0414063
0.721102
0.0615736
0.150378
0.999977
0.998093
0.112868
0.124788
0.7285
0.675024
0.96073
0.902091
0.954967
0.999991
0.947372
0.989205
0.738715
0.697767
0.66413
0.15392
0.799775
0.165365
0.999995
0.805421
0.655204
0.998615
0.191415
0.853743
0.915024
0.525579
0.471435
0.81223
0.332919
0.177554
0.999984
0.893567
0.337264
0.712764
0.898731
0.0261728
0.921124
0.153487
0.0320595
0.819947
0.937331
0.92547
0.791493
0.844218
0.998291
0.430961
0.99953
0.648955
0.143069
0.262839
0.931749
0.331527
0.915785
0.140203
0.915045
0.716616
0.230676
0.901946
0.970131
0.119982
0.046818
0.22135
0.824537
0.816684
0.297726
0.078932
0.0164357
0.744147
0.88365
0.884739
0.900002
0.999879
0.702367
0.376971
0.991095
0.100791
0.45878
0.851975
0.851556
0.489612
0.875194
0.919893
0.667652
0.946129
0.975168
0.752576
0.802456
0.28585
0.447943
0.0639649
0.788542
0.757593
0.995108
0.948755
0.179547
0.986272
0.728314
0.871876
0.995986
0.764526
0.324482
0.547262
0.976133
0.722484
0.974838
0.383766
0.401622
0.770269
0.987573
0.980741
0.976441
0.707751
0.629697
0.505073
0.900928
0.861353
0.192513
0.939931
0.959757
0.689382
0.200019
0.982109
0.509335
0.443066
0.863826
0.742842
0.654765
0.314994
0.0229712
0.978351
0.851753
0.591314
0.615488
0.964628
0.905843
0.726953
0.153135
0.96477
0.946894
0.651135
0.172729
0.401514
0.275364
0.527481
0.184074
0.0600122
0.810376
0.944906
0.249614
0.236236
0.505479
0.918183
0.987314
0.877282
0.425826
0.999919
0.0987444
0.137862
0.92059
0.797235
0.880326
0.951946
0.838358
0.767374
0.948268
0.971064
0.910402
0.713161
0.134716
0.999971
0.702552
0.518111
0.662963
0.493391
0.735079
0.430318
0.21062
0.861185
0.997347
0.999681
0.717702
0.854105
0.807572
0.178767
0.727444
0.986486
0.50683
0.0436257
0.969492
0.999994
0.985425
0.165478
0.952478
0.683024
0.619561
0.999259
0.123813
0.875899
0.0386556
0.82751
0.95671
0.96317
0.325622
0.392791
0.81421
0.999974
0.999966
0.975926
0.576602
0.999764
0.613833
0.93589
0.550403
0.919529
0.795593
0.600856
0.988395
0.442287
0.455947
0.11901
0.895008
0.095784
0.437603
0.931031
0.796227
0.113493
0.839002
0.957272
0.00925541
0.484777
0.808445
0.577083
0.302281
0.996088
0.361708
0.447274
0.993329
0.0335089
0.267853
0.875907
0.843232
0.703935
0.872199
0.92464
0.922231
0.929724
0.506563
0.939105
0.239347
0.924274
0.747394
0.586565
0.692995
0.169416
0.890246
0.577529
0.542429
0.102275
0.993971
0.898162
0.623751
0.99998
0.48268
0.999967
0.275161
0.999275
0.742015
0.0926398
0.489347
0.665242
0.531825
0.976605
0.999092
0.974461
0.21397
0.901734
0.835133
0.541857
0.46457
0.470203
0.435246
0.622558
0.594663
0.647501
0.220238
0.903072
0.995623
0.998853
0.971761
0.996811
0.81385
0.888415
0.77181
0.729757
0.850332
0.921188
0.772299
0.992579
0.589234
0.814149
0.796505
0.804897
0.989288
0.177208
0.0900599
0.920552
0.900824
0.125671
0.49239
0.820456
0.789239
0.546553
0.78308
0.703539
0.979122
0.224047
0.419333
0.930817
0.977016
0.85061
0.54773
0.910222
0.701141
0.868168
0.868621
0.999464
0.875769
0.808375
0.835834
0.180989
0.267529
0.84846
0.0946198
0.996697
0.698079
0.281781
0.496733
0.43708
0.920023
0.472162
0.245547
0.948843
0.720025
0.240554
0.969936
0.938699
0.967591
0.761768
0.275029
0.942352
0.291212
0.6456
0.400392
0.634745
0.71137
0.0539877
0.294346
0.625218
0.983847
0.32958
0.907608
0.896563
0.0546431
0.692984
0.728954
0.625108
0.400023
0.945865
0.04133
0.830748
0.955595
0.187058
0.480492
0.228619
0.927774
0.939253
0.21501
0.912749
0.993158
0.778443
0.747597
0.956242
0.35752
0.848062
0.810236
0.833325
0.743348
0.879542
0.656365
0.148453
0.807911
0.749765
0.877809
0.403326
0.648672
0.241131
0.829943
0.459314
0.99879
0.0210362
0.785953
0.721768
0.586266
0.659243
0.585313
0.848764
0.106887
0.482356
0.834874
0.888793
0.202172
0.56014
0.0867492
0.935663
0.676291
0.116832
0.656603
0.37402
0.546388
0.724122
0.11923
0.0865689
0.657049
0.74299
0.992426
0.109912
0.242785
0.387605
0.473584
0.934464
0.97181
0.0516788
0.97855
0.386858
0.943219
0.995759
0.972733
0.163052
0.064056
0.920701
0.545852
0.537398
0.996451
0.618183
0.209485
0.88274
0.051581
0.189253
0.459208
0.0823462
0.740642
0.686796
0.202049
0.312361
0.0880828
0.8283
0.663098
0.532911
0.998824
0.956044
0.996447
0.99762
0.253014
0.291096
0.329026
0.761097
0.96619
0.865011
0.134175
0.748941
0.961227
0.99986
0.845528
0.953122
0.686915
0.14322
0.682334
0.85285
0.619293
0.180432
0.786696
0.592361
0.250112
0.563693
0.766496
0.0158195
0.844021
0.964024
0.456234
0.608163
0.543698
0.885515
0.238877
0.198179
0.94226
0.395226
0.693664
0.0961155
0.0890099
0.998546
0.856321
0.887037
0.726428
0.324435
0.902421
0.817758
0.527672
0.10831
0.331164
0.58392
0.800631
0.666044
0.894404
0.941701
0.973664
0.878907
0.0746801
0.635148
0.551491
0.659705
0.550466
0.935651
0.308273
0.0811354
0.999366
0.885837
0.654337
0.99893
0.973385
0.559328
0.492783
0.398342
0.539883
0.726949
0.925262
0.425754
0.928172
0.98836
0.77577
0.733512
0.00743747
0.954415
0.0194215
0.699499
0.91538
0.481346
0.977978
0.862306
0.502006
0.993817
0.982274
0.852593
0.947796
0.450165
0.104227
0.435109
0.966025
0.679488
0.18515
0.898452
0.740656
0.504233
0.609789
0.671288
0.139884
0.188311
0.989369
0.129199
0.783599
0.596736
0.231435
0.729954
0.447694
0.429172
0.276994
0.475301
0.999988
0.493652
0.389209
0.0214257
0.730999
0.173086
0.413309
0.654647
0.627761
0.785058
0.148002
0.126364
0.588878
0.99973
0.621243
0.0811893
0.705736
0.999272
0.0636471
0.266861
0.656763
0.0689596
0.665466
0.517832
0.996889
0.753236
0.883671
0.248329
0.275935
0.99687
0.511281
0.404309
0.31243
0.871764
0.160847
0.936671
0.235674
0.19863
0.233713
0.94305
0.849849
0.919113
0.920496
0.824223
0.615464
0.240902
0.98984
0.877566
0.81829
0.661699
0.814121
0.31676
0.425711
0.339436
0.100831
0.98633
0.772371
0.250127
0.32559
0.516329
0.872592
0.847002
0.996345
0.820045
0.54287
0.958544
0.996756
0.553495
0.938805
0.562162
0.993397
0.629917
0.972358
0.554187
0.835459
0.982367
0.491568
0.250634
0.467649
0.832736
0.940822
0.415862
0.810692
0.683274
0.80807
0.880369
0.308622
0.798976
0.860984
0.878146
0.7665
0.242328
0.993559
0.304166
0.955314
0.237976
0.861618
0.877436
0.127412
0.851788
0.615456
0.119207
0.913396
0.211437
0.948472
0.868032
0.996176
0.590121
0.33084
0.46115
0.986847
0.450529
0.981025
0.0630894
0.43223
0.631872
0.61119
0.261696
0.673761
0.807127
0.825682
0.60485
0.953631
0.449698
0.331342
0.865832
0.984378
0.877465
0.388915
0.977897
0.762014
0.712906
0.909924
0.060693
0.952207
0.405659
0.440483
0.979776
0.197369
0.579404
0.967553
0.930456
0.468066
0.806666
0.976108
0.15531
0.0652062
0.999961
0.760413
0.99993
0.216998
0.933293
0.517187
0.998005
0.574308
0.666959
0.411247
0.999189
0.696234
0.887884
0.875288
0.747246
0.834717
0.556949
0.958203
0.921347
0.983436
0.00683725
0.999512
0.982855
0.0332713
0.954172
0.883438
0.164491
0.859004
0.997546
0.868408
0.976544
0.974923
0.345341
0.945065
0.753617
0.890424
0.471722
0.951248
0.983891
0.760813
0.88335
0.574991
0.497474
0.819163
0.85972
0.998936
0.645086
0.866574
0.618639
0.0720286
0.967558
0.958341
0.998404
0.158007
0.898417
0.975549
0.66247
0.277417
0.989528
0.745956
0.88794
0.841039
0.925539
0.784367
0.729774
0.623205
0.269978
0.987261
0.622916
0.180813
0.428565
0.359715
0.996973
0.421754
0.933961
0.934697
0.780877
0.894892
0.854231
0.962285
0.968942
0.849924
0.922956
0.911885
0.899333
0.451386
0.969887
0.703653
0.495652
0.838484
0.946703
0.156249
0.0988345
0.302786
0.680002
0.786593
0.150031
0.869693
0.583918
0.280836
0.653113
0.512282
0.209244
0.166159
0.0187321
0.880955
0.199218
0.943172
0.361016
0.847341
0.878604
0.961098
0.752467
0.520096
0.0599034
0.00460186
0.870243
0.407021
0.70698
0.334485
0.100506
0.204237
0.966154
0.971998
0.223373
0.639304
0.739823
0.624206
0.999939
0.958522
0.885244
0.155805
0.973127
0.999391
0.202993
0.375522
0.311021
0.999891
0.384813
0.559432
0.191675
0.866289
0.349335
0.838926
0.967571
0.711661
0.906626
0.810371
0.88088
0.466257
0.443931
0.988485
0.0398474
0.707123
0.567182
0.885677
0.162445
0.99893
0.159708
0.936652
0.735752
0.680943
0.98795
0.997762
0.929555
0.327229
0.997092
0.387418
0.854661
0.954001
0.912434
0.975231
0.602811
0.134715
0.71348
0.959913
0.910067
0.0744526
0.780499
0.0541332
0.496918
0.96241
0.738719
0.798329
0.0799799
0.895357
0.963969
0.891491
0.705513
0.493373
0.922775
0.922196
0.929046
0.56239
0.574871
0.897079
0.924679
0.856004
0.734419
0.465562
0.3848
0.780079
0.49532
0.342849
0.820338
0.0412143
0.737531
0.967858
0.99118
0.196372
0.400229
0.964606
0.494517
0.0370385
0.954508
0.195492
0.578885
0.473691
0.879583
0.958886
0.143009
0.330343
0.457622
0.590828
0.574932
0.0317613
0.996184
0.736765
0.123876
0.986959
0.914373
0.589095
0.119477
0.988865
0.134336
0.31704
0.306073
0.452027
0.997683
0.629626
0.713367
0.971794
0.696584
0.856192
0.589212
0.701627
0.202853
0.0276765
0.117489
0.958043
0.279338
0.998345
0.97722
0.998325
0.327645
0.828255
0.288233
0.0604527
0.180038
0.302051
0.704129
0.492237
0.725991
0.976555
0.52075
0.904778
0.287579
0.248433
0.963137
0.220885
0.587387
0.320173
0.472136
0.62194
0.531135
0.995134
0.993064
0.877534
0.816971
0.798688
1
0.438596
0.941571
0.881269
0.0132771
0.99944
0.732958
0.858327
0.434107
0.16953
0.975279
0.375209
0.772117
0.576984
0.215324
0.811794
0.970234
0.783279
0.96765
0.187533
0.969515
0.998871
0.0622272
0.978591
0.936391
0.976791
0.330968
0.87842
0.97892
0.796182
0.0776548
0.843339
0.794978
0.229834
0.233358
0.823125
0.635097
0.615756
0.145702
0.497136
0.952431
0.909738
0.516564
0.909508
0.517687
0.793386
0.983708
0.166869
0.451716
0.619676
0.97767
0.330422
0.710689
0.586377
0.579349
0.167591
0.709031
0.986179
0.282583
0.713363
0.858706
0.693058
0.594806
0.947018
0.202586
0.997634
0.912854
0.994848
0.991137
0.828148
0.282843
0.927532
0.692382
0.0591513
0.986632
0.77863
0.999975
0.430506
0.44586
0.511754
0.999505
0.234297
0.975275
0.965008
0.700021
0.0475908
0.73762
0.94692
0.49003
0.999683
0.646763
0.350523
0.702291
0.654367
0.99724
0.15851
0.717081
0.812831
0.300346
0.471985
0.878537
0.572641
0.913093
0.076842
0.35831
0.0772581
0.624179
0.911069
0.36876
0.948173
0.853182
0.600598
0.0977383
0.653451
0.47816
0.991455
0.96801
0.914346
0.89899
0.968191
0.948743
0.940997
0.275968
0.945026
0.879125
0.17419
0.983963
0.987215
0.940137
0.67292
0.734397
0.594603
0.264248
0.961532
0.584344
0.444136
0.952018
0.321716
0.639635
0.446512
0.598931
0.434218
0.956368
0.600128
0.922129
0.0196783
0.931961
0.444472
0.998065
0.875109
0.374439
0.992204
0.995695
0.289099
0.916383
0.336131
0.00976997
0.978722
0.988161
0.889158
0.964606
0.911652
0.976974
0.998535
0.848064
0.286513
0.800696
0.373358
0.212314
0.247051
0.803127
0.0165542
0.977613
0.628161
0.901369
0.99063
0.653195
0.753234
0.0918107
0.975634
0.043478
0.327026
0.992187
0.873008
0.881708
0.257545
0.608329
0.256082
0.799143
0.175755
0.0769991
0.852951
0.888566
0.768163
0.886185
0.231613
0.481412
0.999988
0.212803
0.282852
0.5811
0.999184
0.578966
0.0604629
0.280124
0.777814
0.0442775
0.995802
0.790478
0.171782
0.82918
0.998828
0.15627
0.98663
0.377419
0.0766912
0.631621
0.123319
0.849633
0.477094
0.110065
0.681998
0.356928
0.999748
0.398062
0.258637
0.862233
0.857905
0.904533
0.0824481
0.998975
0.550251
0.940032
0.142261
0.570595
0.28081
0.996288
0.959722
0.406488
0.99933
0.478547
0.946682
0.686943
0.00850713
0.912374
0.324513
0.419869
0.025696
0.94678
0.537849
0.138303
0.536808
0.971964
0.203364
0.96616
0.939017
0.408708
0.502001
0.461242
0.0990084
0.433314
0.873458
0.992277
0.644471
0.289203
0.902367
0.865455
0.965663
0.724517
0.842995
0.836798
0.456752
0.016456
0.797908
0.987237
0.450941
0.221233
0.0428891
0.0708926
0.867784
0.0260631
0.399091
0.912891
0.341194
0.129763
0.999137
0.0105048
0.0306741
0.99767
0.810557
0.13734
0.956802
0.437592
0.976954
0.280029
0.995961
0.600481
0.30421
0.532942
0.546199
0.811557
0.993442
0.9614
0.419019
0.137107
0.0329715
0.674856
0.787703
0.885776
0.386581
0.465609
0.982083
0.735295
0.677852
0.298163
0.312833
0.353068
0.246536
0.145855
0.324538
0.108947
0.362562
0.814565
0.035765
0.320729
0.147882
0.961772
0.263813
0.982697
0.987819
0.237377
0.299771
0.413749
0.91024
0.568735
0.232015
0.394288
0.214802
0.974213
0.917495
0.313024
0.580583
0.979965
0.543834
0.658092
0.449304
0.649574
0.729426
0.98891
0.651734
0.597527
0.94703
0.106513
0.843097
0.968964
0.631767
0.277403
0.838209
0.327611
0.945379
0.952344
0.812829
0.929376
0.549452
0.653422
0.998549
0.358427
0.595009
0.854572
0.586755
0.934821
0.690285
0.965107
0.266011
0.483939
0.997735
0.439137
0.747453
0.876411
0.693156
0.458107
0.999631
0.804483
0.396104
0.0619024
0.998873
0.433479
0.62443
0.973252
0.862552
0.647906
0.7489
0.74326
0.701275
0.969958
0.321006
0.645912
0.238665
0.337723
0.240178
0.507404
0.459176
0.552294
0.794491
0.0955806
0.459618
0.21335
0.501682
0.359092
0.758089
0.966105
0.884361
0.373391
0.890753
0.0459111
0.655348
0.601862
0.887605
0.156449
0.200083
0.203503
0.860461
0.778481
0.463323
0.847082
0.977398
0.98005
0.940864
0.998711
0.537203
0.975461
0.160558
0.835376
0.938356
0.250162
0.98958
0.76255
0.0594929
0.0719614
0.863562
0.88977
0.784501
0.969963
0.0394312
0.775221
0.617263
0.639996
0.528404
0.999636
0.472819
0.860794
0.763037
0.855938
0.659626
0.675022
0.134336
0.975569
0.987827
0.983327
0.1091
0.19359
0.124331
0.996534
0.713066
0.536166
0.956693
0.675318
0.189518
0.926586
0.602715
0.758449
0.582044
0.584883
0.800298
0.461126
0.237475
0.386539
0.697584
0.928188
0.703123
0.389471
0.508533
0.0110417
0.18413
0.959652
0.421238
0.999916
0.515267
0.987654
0.995486
0.999781
0.301904
0.0114979
0.663483
0.679993
0.173102
0.282373
0.00841473
0.976731
0.874833
0.997846
0.672437
0.616618
0.422846
0.929444
0.999883
0.996597
0.722462
0.980871
0.607138
0.959348
0.982453
0.999405
0.638731
0.738522
0.328674
0.193239
0.147388
0.688156
0.992625
0.243473
0.318082
0.396922
0.121545
0.478543
0.960063
0.958418
0.996371
0.64956
0.77268
0.0473509
0.957247
0.999993
0.31373
0.594395
0.619682
0.93721
0.275844
0.698356
0.999796
0.904332
0.563014
0.878282
0.943983
0.354397
0.397104
0.191886
0.709825
0.224224
0.926157
0.411976
0.992829
0.0671834
0.179558
0.996325
0.535533
0.781412
0.502775
0.822349
0.49444
0.934342
0.478651
0.749408
0.996213
0.826495
0.966744
0.365853
0.332089
0.997989
0.706387
0.91001
0.948605
0.99943
0.862864
0.973945
0.328776
0.685483
0.193409
0.950155
0.618753
0.67194
0.0320296
0.999165
0.746394
0.842181
0.500379
0.96401
0.446187
0.783473
0.0825546
0.896108
0.330179
0.523814
0.347122
0.337327
0.996695
0.123609
0.759078
0.67179
0.996327
0.0541914
0.740986
0.749055
0.958229
0.451037
0.064642
0.957812
0.583275
0.715286
0.992716
0.849166
0.000387629
0.593926
0.86359
0.996262
0.902637
0.783475
0.949831
0.349572
0.452688
0.650116
0.622026
0.868159
0.0379322
0.562528
0.702248
0.598428
0.705343
0.600233
0.398067
0.13797
0.458397
0.49415
0.986957
0.643255
0.530546
0.344383
0.899044
0.974275
0.255044
0.978532
0.792524
0.0681541
0.177516
0.938584
0.259104
0.565604
0.181597
0.79888
0.656375
0.708199
0.727201
0.0652609
0.614325
0.972618
0.798249
0.871442
0.394429
0.645116
0.48148
0.531004
0.359052
0.738744
0.962852
0.308297
0.671729
0.946657
0.945537
0.295875
0.477172
0.984452
0.945616
0.952008
0.961187
0.751051
0.474819
0.959515
0.947812
0.920041
0.884941
0.973425
0.526812
0.210238
0.365933
0.99576
0.839352
0.871915
0.680693
0.708086
0.314635
0.990363
0.157162
0.888039
0.31726
0.629534
0.86508
0.587774
0.953912
0.446317
0.958289
0.965595
0.87013
0.897871
0.594006
0.54615
0.911598
0.636273
0.933901
0.70207
0.900854
0.92143
0.830027
0.175238
0.955142
0.925066
0.173033
0.568705
0.833819
0.834433
0.399161
0.905651
0.798217
0.675357
0.73302
0.879993
0.184972
0.14756
0.997119
0.516284
0.831979
0.211359
0.735445
0.999107
0.587686
0.797922
0.217018
0.482349
0.982138
0.92117
0.0721801
0.708746
0.0733695
0.280707
0.838814
0.982808
0.651289
0.655187
0.99963
0.47315
0.294134
0.526276
0.660224
0.073517
0.795803
0.999734
0.582644
0.551002
0.358374
0.97323
0.983603
0.464324
0.619941
0.973136
0.992073
0.682702
0.0372435
0.565473
0.716206
0.991361
0.47246
0.757666
0.885982
0.699958
0.972003
0.811797
0.980827
0.512551
0.341914
0.260462
0.513824
0.997662
0.81546
0.966697
0.893959
0.544901
0.788397
0.374022
0.694072
0.406753
0.997471
0.288525
0.333099
0.177101
0.716605
0.982237
0.884119
0.945988
0.0261111
0.768696
0.197918
0.980516
0.590645
0.894587
0.765075
0.872465
0.9935
0.412489
0.903119
0.897672
0.806439
0.99793
0.369215
0.333598
0.589501
0.976559
0.866365
0.633232
0.870605
0.143711
0.537287
0.146333
0.80949
0.398187
0.589763
0.966357
0.239713
0.770622
0.980836
0.952702
0.99452
0.902971
0.864083
0.662019
0.506765
0.179978
0.718793
0.0886089
0.99913
0.68857
0.686292
0.596908
0.73724
0.753638
0.212071
0.723778
0.93948
0.415779
0.985557
0.754284
0.0309093
0.657016
0.130872
0.663165
0.722443
0.119315
0.497456
0.85974
0.92549
0.401197
0.178113
0.171205
0.919122
0.0856076
0.339314
0.263863
0.995286
0.975556
0.969772
0.8008
0.399774
0.542993
0.0186815
0.893987
0.703417
0.247364
0.988059
0.889092
0.804135
0.977516
0.941159
0.338649
0.858537
0.886851
0.827036
0.996867
0.319727
0.976505
0.288813
0.0463642
0.39599
0.764348
0.968038
0.317619
0.705862
0.984149
0.870564
0.34558
0.996563
0.935735
0.907597
0.112283
0.972753
0.637436
0.875352
0.98056
0.946062
0.454185
0.524551
0.557662
0.966043
0.71408
0.0602037
0.828064
0.994927
0.238531
0.568142
0.355594
0.132214
0.757732
0.368963
0.97784
0.140551
0.35589
0.812452
0.999974
0.0797472
0.814669
0.547999
0.674162
0.820178
0.579377
0.981059
0.372369
0.91896
0.980128
0.918108
0.940761
0.676893
0.925528
0.920332
0.75836
0.0545416
0.317658
0.413808
0.735923
0.571041
0.936289
0.0362073
0.804044
0.922732
0.185229
0.969853
0.850887
0.0704292
0.110619
0.965178
0.954424
0.0509551
0.521849
0.325637
0.739436
0.95436
0.999004
0.963617
0.78747
0.0509476
0.930059
0.676116
0.640155
0.91055
0.427404
0.0443515
0.147139
0.980044
0.445051
0.547308
0.921362
0.105059
0.923523
0.943045
0.368864
0.380005
0.567993
0.433964
0.516018
0.0629109
0.706417
0.44943
0.19743
0.957589
0.614483
0.23691
0.25543
0.936137
0.914518
0.80909
0.995753
0.93824
0.822499
0.821551
0.595759
0.756727
0.334437
0.997717
0.5432
0.0900873
0.48712
0.590934
0.723827
0.695365
0.754365
0.887252
0.997135
0.6172
0.924986
0.937889
0.413844
0.0648735
0.99985
0.261374
0.997553
0.999514
0.975585
0.268278
0.142863
0.563619
0.961071
0.995063
0.938379
0.596872
0.952436
0.953655
0.986414
0.771076
0.273218
0.995966
0.129483
0.910828
0.962944
0.888228
0.959078
0.970664
0.835629
0.0377073
0.92934
0.20244
0.167103
0.959855
0.00121071
0.302064
0.226022
0.645867
0.760779
0.917852
0.760013
0.999639
0.996407
0.867974
0.831804
0.472703
0.763947
0.979528
0.570744
0.409124
0.944802
0.484118
0.435127
0.483421
0.14664
0.89916
0.971441
0.0857382
0.674612
0.546426
0.996169
0.0472203
0.336314
0.333981
0.818499
0.458425
0.125201
0.983453
0.332591
0.197247
0.951255
0.64067
0.976523
0.83737
0.27916
0.622563
0.0150189
0.954655
0.594269
0.32018
0.499274
0.28505
0.871339
0.0824066
0.598633
0.522188
0.881217
0.241432
0.954524
0.0849813
0.231603
0.999734
0.989722
0.575311
0.0540871
0.994513
0.8583
0.999773
0.853338
0.655673
0.894877
0.99997
0.706882
0.0212952
0.092735
0.525506
0.531222
0.537835
0.211769
0.715531
0.725173
0.998634
0.998964
0.0708157
0.995313
0.137377
0.941464
0.918157
0.16639
0.902817
0.00811762
0.884844
0.986596
0.47222
0.828741
0.926695
0.960231
0.108174
0.077971
0.433506
0.585036
0.994128
0.0404569
0.703696
0.904323
0.0900004
0.952188
0.543874
0.355602
0.930341
0.950923
0.756933
0.0354155
0.963592
0.202111
0.997108
0.987525
0.497694
0.12375
0.932429
0.966521
0.11384
0.806762
0.7412
0.703857
0.957534
0.82507
0.919254
0.924373
0.998416
0.450455
0.938111
0.827432
0.68405
0.999973
0.916129
0.355462
0.999993
0.476856
0.934755
0.84728
0.127502
0.510051
0.874975
0.162084
0.250028
0.971153
0.0197906
0.161925
0.406577
0.429968
0.995994
0.997925
0.981195
0.465341
0.278855
0.632815
0.989612
0.931388
0.290518
0.800588
0.159001
0.931122
0.722131
0.526829
0.433076
0.784615
0.996082
0.397463
0.877198
0.886519
0.235321
0.916787
0.829025
0.42182
0.335951
0.190922
0.390476
0.60238
0.600516
0.340285
0.398006
0.613692
0.463634
0.334157
0.270769
0.708006
0.844577
0.488621
0.999621
0.849904
0.433313
0.357234
0.311443
0.354833
0.432222
0.992349
0.726207
0.670249
0.330113
0.906056
0.19857
0.883234
0.482255
0.500359
0.83811
0.695326
0.793354
0.382652
0.0945298
0.972547
0.322971
0.103061
0.642483
0.271154
0.806253
0.984021
0.0224141
0.967763
0.637783
0.577618
0.395218
0.12198
0.642392
0.323448
0.324471
0.991103
0.645281
0.380481
0.998168
0.911062
0.931583
0.988979
0.703117
0.57606
0.999909
0.922734
0.321152
0.998981
0.942117
0.809607
0.0701097
0.0240446
0.518629
0.309882
0.785779
0.698345
0.00424769
0.380102
0.00275601
0.989189
0.989319
0.202953
0.284886
0.545361
0.0168964
0.897443
0.989785
0.0630441
0.732211
0.510789
0.909219
0.95796
0.608477
0.926629
0.804551
0.933432
0.732371
0.765832
0.997485
0.0960019
0.920482
0.992071
0.665792
0.920187
0.0733328
0.791634
0.935073
0.97971
0.451917
0.647957
0.569682
0.632885
0.999054
0.108796
0.647297
0.903646
0.89062
0.911238
0.440538
0.420059
0.733771
0.998719
0.572992
0.987024
0.687566
0.679458
0.901164
0.403327
0.166491
0.00616005
0.854123
0.991187
0.403566
0.31729
0.356585
0.0943041
0.481715
0.793575
0.901826
0.599128
0.0578584
0.87039
0.459896
0.998481
0.717269
0.321041
0.0608947
0.874243
0.97963
0.190778
0.99894
0.985022
0.906722
0.923721
0.989184
0.798011
0.798766
0.990096
0.190425
0.507533
0.658041
0.995903
0.568106
0.99991
0.993496
0.50428
0.336961
0.182628
0.52797
0.567581
0.473259
0.233703
0.967778
0.882387
0.880854
0.759536
0.713562
0.982319
0.455294
0.687455
0.792065
0.15941
0.234907
0.714914
0.797517
0.695417
0.851681
0.527819
0.929455
0.29793
0.412179
0.178364
0.710958
0.342739
0.942883
0.647607
0.927474
0.945351
0.598776
0.975115
0.964914
0.438579
0.109219
0.222663
0.318297
0.686184
0.353755
0.300297
0.853924
0.225064
0.816515
0.54068
0.427865
0.635012
0.768302
0.971486
0.818491
0.495497
0.224801
0.528833
0.353926
0.739742
0.0868522
0.253439
0.275108
0.996538
0.978437
0.910791
0.998819
0.987571
0.981432
0.233904
0.675664
0.0350774
0.990154
0.0876838
0.860199
0.980327
0.366467
0.801067
0.0669601
0.661548
0.173276
0.414882
0.684194
0.710466
0.613325
0.923388
0.808426
0.624303
0.401432
0.762521
0.980779
0.213839
0.999643
0.952488
0.392282
0.923746
0.207164
0.383733
0.999636
0.31593
0.383445
0.655874
0.431091
0.941278
0.445551
0.531894
0.945304
0.999806
0.96052
0.83014
0.777002
0.276857
0.999984
0.431457
0.739845
0.30795
0.49045
0.890277
0.97789
0.856067
0.20882
0.150153
0.86004
0.956859
0.989314
0.602637
0.741593
0.426048
0.453816
0.501515
0.532019
0.742975
0.795112
0.997776
0.950481
0.405884
0.648894
0.305024
0.987584
0.146295
0.542251
0.989834
0.597945
0.994886
0.892259
0.0524428
0.836193
0.327027
0.0363109
0.0919509
0.935682
0.99815
0.984801
0.256571
0.402029
0.786724
0.88991
0.691393
0.993284
0.900209
0.980392
0.925284
0.0783286
0.336293
0.108834
0.999192
0.551412
0.487303
0.865813
0.313352
0.409084
0.396378
0.395351
0.304766
0.852063
0.3778
0.69331
0.0804249
0.458959
0.517196
0.890504
0.632958
0.521984
0.499255
0.953744
0.375922
0.566018
0.468094
0.959996
0.768254
0.844176
0.949152
0.748068
0.55949
0.662386
0.973014
0.995339
0.772183
0.995082
0.559533
0.483461
0.997578
0.0229944
0.83536
0.31288
0.810836
0.11477
0.79314
0.9339
0.393654
0.889371
0.423393
0.420197
0.812095
0.9038
0.510004
0.361962
0.0889617
0.961255
0.920069
0.380595
0.888309
0.145609
0.998312
0.897645
0.649634
0.376636
0.567756
0.468688
0.978383
0.685785
0.249014
0.87781
0.668411
0.834952
0.857025
0.840281
0.926828
0.984128
0.748237
0.507084
0.989182
0.999253
0.999078
0.801539
0.0702262
0.894428
0.0863829
0.663914
0.996605
0.727817
0.104573
0.962717
0.963882
0.798247
0.999829
0.0129568
0.808987
0.991791
0.387755
0.581222
0.363886
0.50887
0.915763
0.822129
0.832964
0.384283
0.897084
0.310817
0.0104901
0.904251
0.929126
0.216716
0.994943
0.499585
0.989406
0.909443
0.70409
0.966263
0.864468
0.641858
0.501386
0.765428
0.54848
0.443789
0.470865
0.660188
0.957594
0.989407
0.969651
0.943413
0.997792
0.974781
0.746227
0.748461
0.504931
0.984109
0.222687
0.594458
0.0855819
0.193518
0.768604
0.994545
0.565116
0.318561
0.793214
0.613048
0.999566
0.224684
0.177897
0.984765
0.885585
0.427635
0.76043
0.366088
0.00312114
0.534008
0.999921
0.362443
0.230031
0.0968435
0.810825
0.129281
0.628123
0.790232
0.48687
0.366132
0.911191
0.814705
0.521489
0.996064
0.00241333
0.551698
0.882008
0.899283
0.921917
0.997645
0.504917
0.990413
0.961086
0.111713
0.978194
0.524327
0.999999
0.984205
0.426588
0.999927
0.566835
0.990231
0.728021
0.999665
0.198202
0.903683
0.682039
0.881258
0.81955
0.956396
0.509332
0.67636
0.896956
0.19781
0.64064
0.879597
0.936434
0.535973
0.669938
0.107105
0.337667
0.999985
0.0452876
0.646002
0.938564
0.00652754
0.301374
0.857099
0.999641
0.593268
0.699447
0.318411
0.793074
0.0907977
0.772573
0.789256
0.955405
0.82629
0.85026
0.734318
0.83358
0.0307359
0.957708
0.976216
0.239703
0.644187
0.540481
0.888875
0.656027
0.309423
0.56556
0.999101
0.992832
0.92797
0.346946
0.132359
0.0359005
0.569468
0.242028
0.971484
0.82555
0.701927
0.287927
0.973858
0.871007
0.967745
0.864686
0.984986
0.970804
0.1922
0.741885
0.998666
0.447465
0.0701616
0.379091
0.119453
0.966111
0.992666
0.350001
0.989688
0.807373
0.93921
0.919016
0.911572
0.709756
0.681484
0.883473
0.773153
0.930334
0.629441
0.23271
0.998869
0.868534
0.922632
0.280422
0.968853
0.740235
0.195869
0.484159
0.759194
0.965852
0.899554
0.900048
0.844747
0.971875
0.818579
0.680772
0.616141
0.321915
0.635404
0.569349
0.956841
0.0842764
0.321909
0.715621
0.337105
0.968551
0.979544
0.600004
0.99993
0.78463
0.332817
0.813459
0.713445
0.405276
0.889914
0.750059
0.965663
0.140952
0.66357
0.090703
0.836025
0.220304
0.810979
0.364426
0.280832
0.899858
0.94093
0.316643
0.808828
0.63636
0.888178
0.978913
0.574598
0.624481
0.973753
0.426041
0.882307
0.747201
0.883122
0.957334
0.0905044
0.868564
0.998663
0.0547677
0.737376
0.932481
0.13491
0.0579571
0.939832
0.513065
0.770864
0.737242
0.268925
0.241177
0.65556
0.603967
0.920803
0.594738
0.0535827
0.0272347
0.767313
0.629979
0.0471076
0.993387
0.690243
0.932173
0.939292
0.417415
0.836606
0.193629
0.827963
0.995062
0.710948
0.995766
0.992133
0.665741
0.319549
0.141218
0.202768
0.766224
0.0843555
0.125042
0.916304
0.261874
0.554013
0.997485
0.793165
0.347411
0.0839099
0.702696
0.68603
0.783198
0.0454696
0.996461
0.962496
0.660783
0.949099
0.999156
0.664786
0.994936
0.760631
0.993946
0.52599
0.824566
0.88713
0.398769
0.891154
0.55896
0.534602
0.381929
0.999842
0.429635
0.622256
0.999748
0.0274754
0.772538
0.787948
0.728737
0.638539
0.32948
0.925478
0.693097
0.839232
0.613369
0.987223
0.99972
0.98311
0.901955
0.531729
0.509189
0.918521
0.265397
0.143904
0.955331
0.920366
0.582594
0.760223
0.999675
0.314553
0.954317
0.998989
0.704426
0.923738
0.3519
0.788394
0.739452
0.878651
0.855263
0.876736
0.95446
0.18264
0.96386
0.463731
0.67091
0.295239
0.619835
0.937515
0.876525
0.965457
0.229348
0.917712
0.300773
0.669153
0.04772
0.932512
0.0317457
0.992528
0.983229
0.999587
0.934155
0.996645
0.424474
0.984321
0.994067
0.211718
0.687929
0.941369
0.990318
0.912003
0.569877
0.946427
0.513045
0.89237
0.610707
0.966544
0.0998206
0.999922
0.608864
0.822596
0.624658
0.720227
0.673
0.949706
0.645937
0.626886
0.723454
0.0124232
0.323779
0.91039
0.629359
0.681116
0.63873
0.982552
0.0860782
0.541096
0.798739
0.336054
0.856734
0.812958
0.523831
0.986457
0.0985724
0.719885
0.398847
0.807299
0.14566
0.960515
0.966075
0.943476
0.765523
0.584864
0.861417
0.350777
0.982575
0.655458
0.975316
0.174066
0.364373
0.899963
0.947128
0.871141
0.988324
0.412358
0.802274
0.501233
0.96768
0.652007
0.922299
0.211037
0.0961097
0.331092
0.00843915
0.804558
0.802957
0.873989
0.033783
0.779426
0.884332
0.820991
0.973109
0.977925
0.229332
0.779385
0.426773
0.531527
0.607699
0.773771
0.566222
0.97973
0.407581
0.761458
0.918272
0.673206
0.865094
0.327876
0.554379
0.915146
0.914041
0.450047
0.084106
0.896485
0.698616
0.384942
0.972834
0.997734
0.97125
0.20156
0.978523
0.607114
0.905926
0.60385
0.91823
0.750217
0.714052
0.65182
0.996916
0.13653
0.485294
0.744027
0.418469
0.176069
0.9663
0.103433
0.995409
0.868547
0.693357
0.294255
0.465751
0.210626
0.535476
0.886689
0.582009
0.68083
0.674737
0.927877
0.850842
0.652158
0.934154
0.88728
0.203736
0.0480145
0.85197
0.14399
0.465099
0.99939
0.899521
0.346999
0.332373
0.815569
0.805289
0.930328
0.937006
0.881981
0.902391
0.657529
0.72988
0.999837
0.381527
0.32603
0.510947
0.423274
0.979506
0.983386
0.293985
0.927883
0.397943
0.967204
0.885056
0.950539
0.258832
0.975573
0.949069
0.972311
0.108618
0.93381
0.877993
0.977751
0.284064
0.560181
0.0306817
0.861874
0.258364
0.334139
0.397533
0.391758
0.0955836
0.219867
0.53353
0.57921
0.801994
0.426695
0.440933
0.933369
0.52751
0.746657
0.509496
0.718298
0.934868
0.565323
0.967768
0.546524
0.813685
0.593255
0.0328344
0.719223
0.0917488
0.000982352
0.92507
0.983383
0.970228
0.628834
0.984234
0.999837
0.336765
0.952071
0.0193458
0.0678731
0.112997
0.926969
0.726636
0.739587
0.813656
0.682451
0.951958
0.998589
0.89273
0.86172
0.800852
0.987704
0.0444586
0.326456
0.499611
0.698925
0.917752
0.0327308
0.132497
0.591941
0.999704
0.292908
0.736134
0.907046
0.787919
0.760384
0.181527
0.25722
0.149005
0.2976
0.994964
0.936202
0.0736613
0.15751
0.80738
0.995177
0.951376
0.397045
0.319817
0.734588
0.945119
0.843908
0.636698
0.260201
0.941182
0.999018
0.168597
0.303638
0.662299
0.367172
0.945268
0.363308
0.997457
0.0256608
0.979946
0.182391
0.244838
0.100233
0.445446
0.842475
0.974939
0.948156
0.222576
0.800231
0.413334
0.897029
0.775128
0.920888
0.200097
0.918387
0.221621
0.861155
0.785373
0.997237
0.907155
0.990985
0.945148
0.758071
0.457785
0.984238
0.662859
0.173792
0.783821
0.991438
0.925786
0.802858
0.853036
0.997158
0.409642
0.659845
0.818196
0.999995
0.959013
0.159352
0.059513
0.738706
0.101659
0.771614
0.900742
0.814246
0.925383
0.0573139
0.363985
0.793318
0.928527
0.671776
0.445376
0.948894
0.94507
0.543439
0.919242
0.290648
0.309863
0.825226
0.528118
0.167239
0.924087
0.981376
0.759437
0.939515
0.129576
0.949912
0.986561
0.421274
0.456038
0.940411
0.16686
0.941548
0.869618
0.0442575
0.896789
0.166459
0.940198
0.91035
0.601879
0.593722
0.947785
0.275967
0.968019
0.765018
0.927645
0.891046
0.132565
0.328333
0.756766
0.913279
0.768617
0.536667
0.0485964
0.872599
0.646995
0.640805
0.994797
0.512083
0.242065
0.556399
0.437302
0.929463
0.00268504
0.472217
0.667632
0.800102
0.633599
0.410962
0.694057
0.892158
0.0773161
0.829963
0.99656
0.465788
0.958892
0.310135
0.998084
0.626388
0.996616
0.190939
0.530801
0.934012
0.21155
0.115525
0.49465
0.999998
0.905909
0.701553
0.268052
0.187898
0.0328921
0.0744674
0.0212282
0.184147
0.296849
0.999841
0.00893571
0.999822
0.96997
0.7276
0.720522
0.347597
0.325801
0.982499
0.999148
0.977456
0.923186
0.97984
0.609351
0.454515
0.92222
0.975285
0.0533617
0.617685
0.197521
0.95417
0.512766
0.406558
0.140616
0.993612
0.778978
0.135548
0.998206
0.487165
0.0832179
0.962475
0.893771
0.0414451
0.984492
0.133916
