0.725339
0.622124
0.892169
0.585896
0.558909
0.135481
0.111617
0.433159
0.528991
0.994846
0.995466
0.983038
0.738295
0.0686852
0.217285
0.612523
0.345837
0.767858
0.708258
0.976982
0.997211
0.959418
0.194413
0.948308
0.298871
0.35097
0.923122
0.959297
0.981223
0.421882
0.367045
0.865036
0.548809
0.972375
0.327353
0.248336
0.972335
0.649853
0.598639
0.947838
0.686821
0.804547
0.112753
0.869029
0.961619
0.955397
0.802507
0.720853
0.93309
0.907201
0.29316
0.944637
0.192119
0.237124
0.72366
0.84252
0.610947
0.705156
0.258339
0.859925
0.921473
0.9117
0.431408
0.504931
0.801455
0.561305
0.893615
0.0556048
0.119615
0.688319
0.999952
0.44104
0.838901
0.753307
0.687564
0.830784
0.842865
0.963137
0.943914
0.00759274
0.950327
0.999967
0.500199
0.563011
0.683276
0.669317
0.831466
0.0388098
0.142804
0.870394
0.34026
0.737389
0.929445
0.387481
0.949489
0.829069
0.962394
0.398948
0.527134
0.947785
0.835233
0.892924
0.988573
0.915413
0.943166
0.900633
0.907951
0.776785
0.755674
0.895378
0.782293
0.657751
0.928177
0.756577
0.630963
0.967027
0.363695
0.457884
0.187595
0.202539
0.996292
0.761659
0.771222
0.997931
0.845567
0.956351
0.469844
0.868628
0.944641
0.496918
0.986686
0.992823
0.763946
0.939611
0.398626
0.944226
0.856549
0.998748
0.963895
0.995594
0.715331
0.409129
0.726488
0.312516
0.320896
0.685604
0.559273
0.975189
0.633564
0.983653
0.999133
0.815956
0.984611
0.942606
0.912898
0.587355
0.122841
0.977319
0.692951
0.367945
0.966366
0.465926
0.831531
0.647623
0.987471
0.999727
0.983259
0.28135
0.941807
0.997848
0.943982
0.0296475
0.937799
0.140116
0.638452
0.771389
0.437283
0.692714
0.251061
0.214618
0.586753
0.921064
0.946001
0.957955
0.889227
0.68072
0.947224
0.943024
0.895366
0.28512
0.987575
0.689102
0.660117
0.381442
0.702395
0.450808
0.921376
0.976505
0.296289
0.319123
0.646209
0.946276
0.997469
0.618315
0.635538
0.0806804
0.845454
0.873042
0.818487
0.55132
0.574776
0.766813
0.774194
0.204011
0.66771
0.767616
0.698764
0.0910837
0.33429
0.958733
0.993379
0.344354
0.959963
0.987593
0.85746
0.16313
0.833708
0.799517
0.523611
0.0254076
0.419729
0.933443
0.695677
0.531571
0.679049
0.693337
0.731678
0.996807
0.983907
0.775842
0.859845
0.945977
0.592933
0.241515
0.740892
0.987006
0.333607
0.120761
0.905281
0.371237
0.569125
0.641312
0.635009
0.882511
0.148484
0.200999
0.108402
0.441303
0.596782
0.956242
0.733402
0.781767
0.976859
0.540247
0.783986
0.16643
0.636524
0.614591
0.0205168
0.993185
0.125599
0.108626
0.985323
0.259653
0.686287
0.0284873
0.998274
0.72991
0.839681
0.956043
0.504204
0.660445
0.805202
0.49629
0.571938
0.853462
0.618166
0.475916
0.708808
0.531034
0.801133
0.600582
0.163535
0.967215
0.955684
0.134323
0.925117
0.479711
0.67623
0.999107
0.707162
0.922528
0.845318
0.585707
0.451512
0.991618
0.996234
0.832941
0.520496
0.253878
0.0964478
0.73911
0.75087
0.0867301
0.110201
0.991785
0.977669
0.36916
0.357428
0.393518
0.497513
0.292473
0.691117
0.693247
0.737634
0.999401
0.596424
0.950796
0.131669
0.932507
0.0445323
0.861749
0.671182
0.999023
0.479641
0.992211
0.510712
0.43944
0.694096
0.704783
0.307702
0.904269
0.95791
0.574388
0.932039
0.99999
0.830613
0.766146
0.982992
0.847163
0.9386
0.791489
0.980086
0.85578
0.942498
0.78622
0.473349
0.701182
0.87049
0.486144
0.433289
0.59896
0.632847
0.646071
0.0234746
0.358524
0.616077
0.489179
0.93008
0.114423
0.659502
0.950843
0.332216
0.777707
0.731765
0.999747
0.283083
0.960213
0.945326
0.483917
0.292786
0.259592
0.691937
0.772136
0.315459
0.487558
0.0679203
0.999929
0.220403
0.953586
0.507412
0.000690877
0.905129
0.999629
0.962488
0.786322
0.788555
0.429768
0.38019
0.43248
0.263391
0.0107415
0.977933
0.98236
0.323915
0.92136
0.581146
0.173233
0.975851
0.467137
0.663397
0.165194
0.180656
0.0145045
0.293119
0.829892
0.933618
0.495616
0.576863
0.948208
0.149237
0.518067
0.895529
0.992985
0.269349
0.00775677
0.685024
0.999157
0.376284
0.249094
0.41931
0.931117
0.471611
0.999487
0.923736
0.742817
0.805198
0.802978
0.985462
0.663215
0.603291
0.0704991
0.510458
0.761336
0.841881
0.984016
0.627194
0.874278
0.836252
0.912167
0.98608
0.98264
0.351437
0.990528
0.050608
0.967292
0.824716
0.084442
0.22733
0.828535
0.00788154
0.429315
0.844076
0.32702
0.652464
0.689412
0.814361
0.00420195
0.474409
0.973392
0.97316
0.784058
0.808786
0.558214
0.999436
0.362666
0.0515308
0.980648
0.0659902
0.659878
0.586609
0.719352
0.991938
0.830461
0.687587
0.00311101
0.560882
0.765159
0.404004
0.598086
0.657609
0.691046
0.964067
0.648557
0.590671
0.988032
0.997246
0.342682
0.899714
0.421018
0.517887
0.823417
0.963507
0.676742
0.767942
0.773181
0.116659
0.813553
0.490555
0.382982
0.543363
0.319127
0.412358
0.950954
0.887342
0.868994
0.44459
0.852257
0.212885
0.984581
0.103178
0.915517
0.821804
0.843996
0.184739
0.0878396
0.907283
0.316559
0.981229
0.175322
0.864912
0.998977
0.205924
0.640659
0.570565
0.643113
0.0943822
0.870158
0.291205
0.925411
0.834765
0.133788
0.857015
0.99944
0.611612
0.662778
0.453723
0.193969
0.609076
0.260741
0.936659
0.261922
0.475073
0.836507
0.583459
0.836913
0.016562
0.252008
0.114239
0.994895
0.866845
0.870116
0.925852
0.0487478
0.960859
0.703018
0.999257
0.353321
0.734326
0.998702
0.978044
0.999941
0.450238
0.861597
0.371585
0.827713
0.913195
0.996629
0.609454
0.671456
0.857481
0.997591
0.157687
0.946389
0.351803
0.866834
0.995607
0.206452
0.844634
0.944379
0.805919
0.733074
0.780792
0.943105
0.649248
0.999995
0.85089
0.90834
0.421472
0.423131
0.670405
0.659539
0.84984
0.998176
0.573954
0.453088
0.404006
0.33417
0.792136
0.828627
0.344873
0.195337
0.201771
0.995456
0.505577
0.417534
0.48058
0.991992
0.877475
0.967495
0.284784
0.645541
0.914707
0.971248
0.113652
0.920705
0.267493
0.994963
0.867648
0.806988
0.151272
0.953397
0.946435
0.52927
0.924334
0.8198
0.653727
0.839735
0.104273
0.630532
0.72002
0.483316
0.990168
0.0837085
0.576311
0.173646
0.812421
0.998933
0.950139
0.988474
0.835145
0.55762
0.556331
0.455384
0.298203
0.84813
0.974004
0.692222
0.3435
0.982928
0.400374
0.993437
0.674451
0.418041
0.139006
0.448215
0.620431
0.971318
0.332878
0.933711
0.995513
0.999691
0.994603
0.987347
0.598597
0.559371
0.618833
0.646022
0.772625
0.999985
0.909585
0.738897
0.995109
0.69319
0.904747
0.297501
0.750465
0.321561
0.889486
0.0751126
0.0917499
0.919835
0.614887
0.336063
0.607024
0.494867
0.201106
0.801784
0.902063
0.757356
0.48166
0.506148
0.682801
0.903693
0.999886
0.465661
0.444808
0.826688
0.95634
0.926913
0.998771
0.934037
0.988851
0.668615
0.500115
0.58425
0.13796
0.416238
0.335389
0.719143
0.73641
0.193782
0.379426
0.624628
0.641711
0.747407
0.30721
0.992427
0.995926
0.753698
0.348194
0.956408
0.891677
0.240203
0.961002
0.601074
0.73378
0.0182123
0.286501
0.538178
0.81166
0.613463
0.984496
0.118656
0.699783
0.99792
0.0311762
0.162613
0.962181
0.693661
0.0299313
0.762398
0.193322
0.114402
0.517444
0.403296
0.786157
0.345608
0.0420106
0.172773
0.32063
0.243201
0.90457
0.456342
0.342486
0.989535
0.936514
0.61624
0.260975
0.976951
0.376904
0.987989
0.905559
0.737795
0.542866
0.832728
0.114188
0.771803
0.795811
0.98046
0.741371
0.959231
0.770877
0.185187
0.11995
0.998197
0.749699
0.993739
0.643664
0.996575
0.149151
0.756919
0.307853
0.135049
0.996961
0.999342
0.342819
0.870578
0.944981
0.0594942
0.79495
0.128545
0.73861
0.136953
0.720893
0.555283
0.661842
0.60525
0.786631
0.6962
0.153767
0.99978
0.837974
0.11284
0.994629
0.856659
0.129676
0.874407
0.734081
0.187757
0.540833
0.0646403
0.999908
0.310738
0.339886
0.625059
0.639136
0.916341
0.876708
0.693854
0.0905124
0.800098
0.933806
0.0197769
0.447085
0.860928
0.545761
0.796348
0.867425
0.658076
0.998963
0.179225
0.987795
0.655184
0.924042
0.637878
0.483008
0.24367
0.83478
0.405495
0.393608
0.829701
0.999836
0.999617
0.882892
0.213607
0.778398
0.296113
0.999994
0.600006
0.940508
0.918046
0.696097
0.887852
0.987442
0.531093
0.999571
0.728731
0.457111
0.948153
0.151565
0.818706
0.972475
0.04596
0.953323
0.217314
0.543089
0.392855
0.204394
0.791063
0.678185
0.96305
0.531117
0.443244
0.904537
0.997056
0.798037
0.97987
0.836688
0.00945715
0.778422
0.636903
0.54433
0.240466
0.290865
0.623334
0.534301
0.565131
0.475084
0.0437186
0.52045
0.902069
0.134446
0.474241
0.228385
0.92615
0.674212
0.373585
0.91047
0.916305
0.754869
0.803796
0.373385
0.147342
0.81994
0.354433
0.819134
0.123617
0.306595
0.459587
0.974368
0.0920855
0.88903
0.381135
0.43151
0.902157
0.979342
0.547695
0.633394
0.547207
0.953156
0.831387
0.984443
0.779846
0.988132
0.43131
0.881088
0.850413
0.315746
0.353058
0.50697
0.109247
0.90066
0.160237
0.928377
0.518091
0.812604
0.0836347
0.751328
0.363041
0.728014
0.654458
0.748252
0.677122
0.555698
0.750141
0.986627
0.999168
0.680362
0.939733
0.948056
0.622878
0.719233
0.995448
0.878924
0.653013
0.937599
0.963773
0.8249
0.847552
0.998308
0.825791
0.999182
0.914634
0.989285
0.817003
0.817631
0.954298
0.999002
0.960636
0.818777
0.934273
0.778684
0.584996
0.98563
0.953894
0.962258
0.553106
0.428112
0.732504
0.386006
0.896746
0.983008
0.165344
0.795042
0.967096
0.51212
0.974367
0.991006
0.932119
0.403304
0.0331099
0.85857
0.930987
0.313093
0.572392
0.591296
0.254232
0.987379
0.893977
0.0420399
0.989589
0.876829
0.864159
0.256531
0.384458
0.842387
0.927451
0.3156
0.562205
0.223718
0.311223
0.856769
0.236701
0.712043
0.774743
0.744643
0.757048
0.35399
0.830878
0.0286824
0.742699
0.99997
0.892975
0.760794
0.0988098
0.226033
0.988721
0.102704
0.905031
0.925626
0.974422
0.672377
0.574627
0.590997
0.833531
0.0428518
0.996821
0.47187
0.957444
0.161832
0.636594
0.0439409
0.741876
0.995853
0.67094
0.920014
0.831547
0.42645
0.199288
0.806484
0.930585
0.434942
0.569239
0.842101
0.307561
0.143047
0.257951
0.0558992
0.76883
0.71275
0.891601
0.651156
0.305006
0.633714
0.646182
0.495732
0.389079
0.641181
0.204728
0.166033
0.77471
0.0770682
0.954093
0.97491
0.28952
0.744541
0.515418
0.787275
0.787749
0.260012
0.985575
0.98447
0.526365
0.995006
0.182673
0.84678
0.737164
0.84806
0.260457
0.870693
0.930243
0.381188
0.990099
0.161483
0.415675
0.514325
0.997017
0.321986
0.569801
0.810036
0.956324
0.723161
0.587358
0.935834
0.9929
0.0962052
0.15885
0.73703
0.716543
0.444893
0.61249
0.904723
0.963741
0.646331
0.980307
0.634568
0.467744
0.735476
0.789325
0.695992
0.525563
0.540025
0.0274556
0.974298
0.79802
0.528574
0.964632
0.891865
0.446316
0.584009
0.860978
0.620236
0.178387
0.998227
0.8617
0.160714
0.240261
0.759627
0.756185
0.772285
0.612449
0.479026
0.294157
0.236859
0.500774
0.386118
0.687197
0.914827
0.998338
0.993548
0.999038
0.569986
0.98822
0.554565
0.960988
0.0212678
0.129166
0.661284
0.579501
0.29244
0.950726
0.0263698
0.946419
0.146251
0.983308
0.450248
0.996826
0.0134232
0.971534
0.314582
0.710889
0.911053
0.271524
0.615106
0.743355
0.951157
0.0453182
0.967545
0.817424
0.0303395
0.861315
0.182397
0.972957
0.102352
0.408282
0.321342
0.0180301
0.946354
0.594081
0.819576
0.0248873
0.663013
0.374495
0.860196
0.23025
0.992217
0.142133
0.822304
0.582621
0.999953
0.98297
0.0194439
0.988818
0.356404
0.0530397
0.999634
0.83185
0.999685
0.244613
0.967064
0.508834
0.294807
0.840074
0.755354
0.449203
0.674287
0.355191
0.561376
0.0134669
0.979413
0.781722
0.771028
0.670507
0.834764
0.102119
0.505155
0.917659
0.340569
0.29221
0.903774
0.876338
0.0894719
0.171784
0.0756357
0.585807
0.910685
0.409057
0.281766
0.609706
0.8678
0.88975
0.926795
0.0194108
0.839032
0.999548
0.71646
0.597143
0.999342
0.0158348
0.298782
0.912135
0.756136
0.511998
0.989958
0.980459
0.729694
0.242159
0.988433
0.992389
0.168655
0.430908
0.522452
0.756446
0.465144
0.942386
0.806789
0.808112
0.942483
0.492378
0.606853
0.576046
0.374459
0.751063
0.228249
0.984607
0.122381
0.970621
0.192756
0.909146
0.619167
0.794578
0.925873
0.668876
0.793971
0.848578
0.845255
0.981019
0.542487
0.919685
0.983136
0.611994
0.992529
0.0255804
0.796443
0.889859
0.913724
0.774854
0.129922
0.406896
0.462852
0.951343
0.99734
0.384796
0.954456
0.777994
0.243975
0.193442
0.808577
0.929727
0.970012
0.976285
0.362441
0.992558
0.855617
0.0214108
0.0299764
0.969267
0.76319
0.99996
0.969265
0.696868
0.007312
0.0257762
0.173396
0.468098
0.204711
0.0359806
0.758711
0.862266
0.996825
0.651698
0.99993
0.329388
0.935726
0.558542
0.726617
0.708674
0.0868998
0.911839
0.552144
0.575343
0.245013
0.867769
0.648588
0.644913
0.229352
0.411839
0.999996
0.935068
0.935669
0.600999
0.820914
0.887816
0.86115
0.965652
0.377321
0.60228
0.847256
0.977917
0.790696
0.247558
0.00640163
0.9992
0.828082
0.532653
0.773013
0.191404
0.43319
0.878776
0.669888
0.840241
0.277235
0.995864
0.0201371
0.503472
0.542922
0.871583
0.575047
0.996148
0.360556
0.174895
0.500528
0.305025
0.637255
0.93882
0.927003
0.705569
0.720593
0.0362685
0.770731
0.909575
0.613247
0.691824
0.703995
0.634704
0.959151
0.84292
0.574809
0.999749
0.393004
0.718626
0.733363
0.467477
0.138926
0.92835
0.997739
0.522118
0.899093
0.671602
0.400822
0.992133
0.999174
0.80444
0.979928
0.853498
0.854621
0.871103
0.827949
0.989923
0.582002
0.901467
0.998054
0.16828
0.891279
0.00198825
0.027891
0.999862
0.367181
0.375596
0.122748
0.21766
0.598154
0.670352
0.856634
0.802434
0.500853
0.83234
0.240365
0.988029
0.98892
0.598816
0.755289
0.320281
0.102838
0.999349
0.867767
0.947673
0.867993
0.540985
0.210864
0.0975598
0.751412
0.735143
0.648472
0.674784
0.797755
0.921834
0.873854
0.127658
0.974643
0.744976
0.881729
0.503554
0.71245
0.91342
0.281828
0.193264
0.898027
0.197806
0.622292
0.383476
0.991862
0.998262
0.999041
0.116208
0.804472
0.618017
0.852402
0.0224548
0.412384
0.178806
0.984178
0.290738
0.827114
0.53444
0.905875
0.128109
0.765887
0.742118
0.276931
0.60049
0.283245
0.997148
0.971977
0.807052
0.867348
0.865813
0.61758
0.326101
0.728049
0.994955
0.9963
0.936355
0.980058
0.806344
0.943405
0.900811
0.845004
0.858663
0.591665
0.664801
0.992025
0.846317
0.963179
0.816412
0.960545
0.969657
0.696179
0.99273
0.0990585
0.935256
0.803688
0.560064
0.139879
0.999983
0.665203
0.718794
0.936162
0.124281
0.294926
0.363619
0.503
0.529385
0.986495
0.850044
0.748742
0.99925
0.843973
0.986287
0.693076
0.622214
0.671935
0.186052
0.649742
0.959663
0.987087
0.786754
0.900914
0.989167
0.0726118
0.63806
0.983026
0.811398
0.408233
0.419638
0.632089
0.434252
0.997303
0.878566
0.760717
0.716756
0.962416
0.999946
0.996403
0.480469
0.96254
0.241674
0.117967
0.998349
0.962233
0.998729
0.185465
0.654135
0.524147
0.28657
0.458436
0.33565
0.961633
0.987701
0.601796
0.73653
0.8582
0.690941
0.107229
0.133942
0.967426
0.280844
0.205239
0.0778108
0.0959976
0.597844
0.815478
0.99422
0.0834389
0.184843
0.792168
0.740727
0.670279
0.281478
0.999791
0.54077
0.677197
0.748601
0.447368
0.119405
0.564488
0.455645
0.992257
0.355116
0.997076
0.96214
0.920185
0.355342
0.453393
0.998278
0.00522478
0.974942
0.433172
0.939008
0.579714
0.328387
0.827359
0.886003
0.734058
0.761879
0.943671
0.394038
0.956283
0.988134
0.998215
0.993777
0.995
0.985531
0.999693
0.998492
0.922316
0.798768
0.774412
0.8655
0.898927
0.86295
0.985736
0.224749
0.926262
0.963036
0.678445
0.951178
0.94999
0.454379
0.486378
0.524393
0.972968
0.460648
0.368357
0.0307151
0.749251
0.998087
0.50365
0.927756
0.644272
0.934647
0.390766
0.696725
0.984876
0.155303
0.220673
0.970087
0.903358
0.974872
0.720877
0.524772
0.725511
0.995823
0.238398
0.710179
0.990031
0.526943
0.984032
0.99973
0.778214
0.236449
0.943878
0.322296
0.91996
0.6141
0.882589
0.369195
0.581058
0.462595
0.99425
0.898226
0.656284
0.766822
0.740111
0.468983
0.63464
0.877159
0.712949
0.396015
0.812071
0.959066
0.750432
0.694141
0.387306
0.511368
0.653958
0.0289983
0.72104
0.832169
0.710363
0.999912
0.210652
0.455308
0.604708
0.518918
0.384838
0.311422
0.7196
0.77664
0.996091
0.458279
0.979801
0.231049
0.752652
0.873899
0.71574
0.287417
0.834939
0.0398751
0.875499
0.644419
0.318264
0.424388
0.516849
0.159573
0.962497
0.168411
0.644003
0.654969
0.351246
0.440566
0.998901
0.468387
0.0666217
0.510165
0.69208
0.838361
0.653529
0.989396
0.049789
0.157357
0.979514
0.944763
0.807301
0.94589
0.134776
0.723464
0.924236
0.868837
0.631979
0.0145668
0.958114
0.447179
0.952697
0.983453
0.988864
0.209379
0.461773
0.998651
0.846455
0.994334
0.178269
0.813993
0.428628
0.422392
0.307591
0.818233
0.31137
0.654597
0.391042
0.542713
0.00378715
0.0088864
0.0695551
0.613039
0.187624
0.471982
0.672309
0.917443
0.871955
0.912921
0.9885
0.936531
0.603312
0.406241
0.996198
0.983809
0.707047
0.891683
0.41485
0.564212
0.60688
0.234331
0.85648
0.0948377
0.180854
0.988274
0.875607
0.734343
0.965266
0.719943
0.499804
0.651921
0.999061
0.999731
0.906793
0.887947
0.999107
0.304061
0.816646
0.997175
0.378781
0.999956
0.526415
0.333986
0.49315
0.396271
0.341817
0.530754
0.527434
0.543894
0.619974
0.174933
0.802459
0.29688
0.974296
0.519629
0.619105
0.905925
0.937012
0.00470667
0.659519
0.749057
0.00903059
0.927926
0.732502
0.983905
0.565306
0.702184
0.777225
0.66292
0.798427
0.920143
0.713501
0.999851
0.127923
0.0546017
0.735754
0.208278
0.822777
0.921296
0.292812
0.989857
0.405193
0.0282719
0.967455
0.167734
0.937765
0.886548
0.999994
0.59022
0.649855
0.921396
0.248226
0.0645004
0.724068
0.592134
0.450812
0.796978
0.978184
0.415034
0.554206
0.17071
0.70834
0.808191
0.850883
0.999781
0.967738
0.70609
0.782441
0.0217303
0.0904083
0.991779
0.830579
0.906534
0.95767
0.976755
0.894661
0.939392
0.0209283
0.264338
0.999617
0.97421
0.857833
0.351845
0.80332
0.675456
0.820015
0.917218
0.511176
0.916671
0.508546
0.981137
0.64927
0.0850022
0.278023
0.606161
0.967253
0.126966
0.977643
0.998934
0.501312
0.443424
0.572397
0.891741
0.247835
0.921264
0.193762
0.850135
0.0240603
0.841468
0.993339
0.412673
0.998638
0.65094
0.468463
0.0268237
0.91538
0.852707
0.779676
0.286781
0.99968
0.278411
0.513633
0.946083
0.0417988
0.00403855
0.981923
0.334035
0.136067
0.269901
0.813664
0.0565438
0.0586216
0.754466
0.976221
0.997518
0.956772
0.944104
0.772488
0.5356
0.851114
0.8159
0.00332222
0.871605
0.979192
0.80952
0.0518157
0.560113
0.998637
0.998879
0.527176
0.568522
0.548038
0.809501
0.844017
0.101357
0.695594
0.406723
0.611299
0.998051
0.972791
0.109857
0.989709
0.145543
0.333252
0.0464247
0.0519411
0.910567
0.29718
0.991767
0.29286
0.294704
0.347315
0.194442
0.891928
0.819626
0.734277
0.960518
0.674663
0.00259216
0.861925
0.261607
0.992654
0.721387
0.638997
0.392379
0.0436172
0.982509
0.995661
0.528338
0.207126
0.346807
0.213385
0.436066
0.85708
0.976017
0.779695
0.871322
0.256394
0.998751
0.151986
0.995726
0.262893
0.987948
0.977225
0.663228
0.707531
0.601732
0.0714634
0.100888
0.593791
0.16591
0.545789
0.235682
0.820891
0.971684
0.651862
0.594259
0.671795
0.525941
0.993191
0.80801
0.970716
0.711263
0.197829
0.579473
0.467995
0.747671
0.470806
0.182039
0.799288
0.759377
0.531644
0.814293
0.908492
0.89461
0.988667
0.973257
0.808922
0.988256
0.965935
0.682109
0.945078
0.164984
0.988517
0.520124
0.425397
0.85625
0.941861
0.877475
0.338093
0.2943
0.160399
0.5582
0.368828
0.512051
0.364679
0.895044
0.818588
0.538844
0.393478
0.990071
0.378168
0.985948
0.992755
0.8509
0.496042
0.596321
0.649332
0.349709
0.449241
0.481573
0.95795
0.156109
0.992522
0.8693
0.907902
0.997842
0.982585
0.806262
0.899563
0.9367
0.441574
0.974481
0.408822
0.983999
0.854202
0.874868
0.43541
0.953848
0.999084
0.0330433
0.141647
0.62507
0.823557
0.931258
0.834322
0.85629
0.200529
0.90534
0.999074
0.00222094
0.936072
0.589569
0.474366
0.745977
0.769658
0.375757
0.558791
0.247014
0.282224
0.646959
0.601728
0.953349
0.459855
0.168727
0.549529
0.61698
0.814298
0.900824
0.491186
0.373194
0.806187
0.0571196
0.87797
0.899217
0.852201
0.999678
0.731636
0.858716
0.982295
0.953245
0.63211
0.884725
0.819948
0.454743
0.395147
0.99954
0.996418
0.533966
0.998001
0.95027
0.43943
0.370614
0.968687
0.972697
0.319062
0.909481
0.168739
0.219719
0.724802
0.910152
0.476588
0.808324
0.795095
0.948473
0.20086
0.991854
0.858583
0.460263
0.140908
0.464548
0.0921044
0.347806
0.829429
0.809799
0.366817
0.971315
0.675129
0.627237
0.142135
0.057046
0.832664
0.938784
0.321681
0.0472067
0.512195
0.569368
0.617646
0.417093
0.987768
0.522332
0.964051
0.910194
0.965281
0.113588
0.96661
0.854622
0.486501
0.975039
0.627775
0.393311
0.929977
0.978982
0.470003
0.167626
0.107411
0.994738
0.8667
0.290646
0.104226
0.73617
0.67671
0.936075
0.597957
0.88464
0.830924
0.428794
0.529573
0.49898
0.525402
0.00916489
0.997111
0.922983
0.660642
0.46553
0.305545
0.243054
0.124683
0.89905
0.973301
0.163936
0.0854991
0.566678
0.893938
0.874414
0.502117
0.00367421
0.0571071
0.0924391
0.450023
0.998385
0.998527
0.873364
0.702022
0.0875379
0.798387
0.32136
0.669487
0.779974
0.448383
0.521724
0.276809
0.552151
0.269102
0.898819
0.500124
0.548429
0.675838
0.990636
0.542445
0.998967
0.482246
0.251611
0.6746
0.892236
0.905518
0.999103
0.299777
0.999084
0.783131
0.169048
0.516747
0.94557
0.954556
0.968939
0.262122
0.499115
0.585106
0.851041
0.987933
0.981457
0.0932201
0.18161
0.644205
0.805341
0.696657
0.162991
0.272178
0.997332
0.997464
0.894852
0.332991
0.796037
0.606438
0.995043
0.971792
0.221151
0.636239
0.694513
0.424431
0.526128
0.628851
0.91091
0.934319
0.0153712
0.878939
0.913735
0.968226
0.138171
0.967073
0.99216
0.939283
0.952071
0.806434
0.488085
0.854338
0.156204
0.000238263
0.90587
0.63065
0.88812
0.960878
0.998481
0.795351
0.22405
0.677148
0.701675
0.990653
0.984837
0.963304
0.877135
0.00302426
0.212479
0.63953
0.705134
0.65243
0.242966
0.970449
0.998104
0.354989
0.328294
0.431077
0.44285
0.517629
0.492939
0.384632
0.43079
0.934372
0.99975
0.932293
0.554496
0.645963
0.0364423
0.503355
0.610246
0.766367
0.993571
0.34914
0.583747
0.885706
0.959044
0.999281
0.0586556
0.999962
0.964244
0.23556
0.993491
0.558699
0.909757
0.995428
0.982267
0.204559
0.320541
0.944069
0.375087
0.613621
0.823375
0.990509
0.952995
0.852661
0.944662
0.825398
0.988366
0.942995
0.723676
0.28332
0.196286
0.981873
0.475631
0.052738
0.722989
0.979949
0.505232
0.754708
0.960087
0.367024
0.780275
0.412985
0.990379
0.515109
0.524248
0.504929
0.733386
0.223525
0.376774
0.465029
0.197042
0.571793
0.0722617
0.179307
0.875932
0.917591
0.769074
0.883962
0.951891
0.746114
0.0252305
0.925873
0.189413
0.316874
0.79711
0.0794801
0.415491
0.926257
0.480688
0.550496
0.107636
0.834754
0.749651
0.619857
0.979923
0.0288149
0.999753
0.980042
0.592165
0.0785243
0.434795
0.907338
0.999966
0.670301
0.904127
0.198676
0.928973
0.994862
0.901606
0.781581
0.850534
0.174619
0.498764
0.259318
0.82344
0.157582
0.7527
0.00584637
0.548931
0.652255
0.944219
0.251313
0.456808
0.380863
0.613225
0.546594
0.12681
0.393755
0.847587
0.587179
0.10235
0.263899
0.696769
0.11386
0.600217
0.690381
0.326831
0.511821
0.298554
0.698218
0.91247
0.570383
0.992976
0.381187
0.986528
0.966374
0.936128
0.941596
0.744263
0.451818
0.273086
0.0591938
0.0790624
0.970566
0.728895
0.479025
0.825304
0.969035
0.852629
0.529292
0.822188
0.694062
0.942825
0.640108
0.638442
0.715763
0.150283
0.0266036
0.994379
0.879699
0.986385
0.610892
0.46753
0.217546
0.952267
0.943456
0.380089
0.757745
0.994599
0.490537
0.94043
0.750329
0.9846
0.95931
0.701666
0.737862
0.241319
0.508425
0.98859
0.711515
0.909087
0.843238
0.748793
0.998735
0.410591
0.982951
0.764524
0.636763
0.96826
0.987304
0.636145
0.984437
0.885159
0.170377
0.976855
0.429029
0.87924
0.405536
0.466317
0.720187
0.724765
0.474802
0.286301
0.151614
0.674391
0.665051
0.155369
0.753412
0.591624
0.709792
0.148376
0.681054
0.899871
0.621948
0.991743
0.589677
0.484591
0.996491
0.716415
0.795041
0.080416
0.999946
0.934724
0.58062
1
0.859738
0.891703
0.317054
0.140383
0.959003
0.0472466
0.554819
0.98534
0.943619
0.256405
0.969885
0.28458
0.875855
0.389364
0.949072
0.489539
0.284354
0.21009
0.659194
0.867879
0.905422
0.831326
0.338459
0.140685
0.96909
0.882914
0.800146
0.667886
0.511424
0.267262
0.422725
0.958769
0.834548
0.446319
0.261755
0.196049
0.851274
0.01077
0.968682
0.832493
0.230507
0.831654
0.647435
0.986156
0.960159
0.0201795
0.96981
0.0175426
0.781431
0.933833
0.785426
0.845322
0.98135
0.896549
0.561159
0.173785
0.376976
0.999078
0.227361
0.107413
0.988793
0.998853
0.42935
0.819835
0.760038
0.858179
0.506491
0.982274
0.0350651
0.491584
0.820593
0.847044
0.488812
0.994972
0.522587
0.434232
0.959749
0.962701
0.70721
0.25648
0.635775
0.806048
0.194064
0.896754
0.885171
0.374263
0.730058
0.393404
0.958827
0.306209
0.99994
0.432927
0.651187
0.752548
0.90115
0.575186
0.00904185
0.949758
0.185022
0.995943
0.499083
0.994326
0.453981
0.642442
0.403622
0.855775
0.644232
0.118141
0.491527
0.717863
0.856716
0.0718764
0.762881
0.512602
0.622214
0.994211
0.595445
0.92357
0.676039
0.860331
0.099633
0.476445
0.990309
0.913494
0.988324
0.816739
0.232991
0.472278
0.917296
0.956462
0.801023
0.912549
0.256863
0.468303
0.722054
0.881577
0.732882
0.21141
0.985357
0.441576
0.345204
0.990419
0.308672
0.0340366
0.354197
0.429389
0.906317
0.63387
0.683082
0.594235
0.962337
0.756134
0.338419
0.932163
0.99497
0.97118
0.811901
0.99944
0.722826
0.941681
0.620334
0.0544242
0.968657
0.764969
0.12401
0.853875
0.832638
0.509419
0.974496
0.971888
0.971826
0.636986
0.37064
0.828174
0.968904
0.539958
0.250427
0.106374
0.803522
0.411432
0.054228
0.36024
0.237533
0.728057
0.599342
0.627804
0.932933
0.590854
0.668771
0.311314
0.478859
0.779151
0.175185
0.658432
0.966566
0.983384
0.72676
0.940474
0.872483
0.746569
0.921888
0.564012
0.116437
0.803845
0.189314
0.705848
0.381664
0.862717
0.953247
0.350604
0.759298
0.778071
0.953354
0.574862
0.298227
0.844735
0.697971
0.605923
0.803191
0.499898
0.932942
0.774602
0.890745
0.72388
0.719991
0.795394
0.233291
0.999645
0.861315
0.528673
0.165529
0.991941
0.714161
0.72115
0.428423
0.813736
0.430117
0.670138
0.745596
0.597943
0.0251053
0.846102
0.828092
0.745876
0.892997
0.941723
0.840063
0.294354
0.407199
0.891478
0.999712
0.63121
0.999251
0.581856
0.34585
0.547903
0.772068
0.833319
0.987425
0.866071
0.965308
0.0465861
0.731439
0.992835
0.918599
0.919243
0.640607
0.916013
0.358987
0.704207
0.484107
0.993968
0.172617
0.197889
0.582974
0.975507
0.904927
0.143174
0.998603
0.00876666
0.762534
0.627344
0.592202
0.899592
0.998425
0.2436
0.381178
0.991032
0.922942
0.990092
0.864283
0.887042
0.414816
0.915896
0.998014
0.843573
0.747357
0.753148
0.344517
0.831933
0.677347
0.294637
0.889508
0.330616
0.823545
0.864185
0.214961
0.748838
0.383754
0.993784
0.165582
0.450384
0.221752
0.330753
0.184619
0.504641
0.939247
0.477491
0.574258
0.991022
0.93307
0.992289
0.568024
0.383209
0.302882
0.809468
0.916833
0.223608
0.0657298
0.595508
0.78722
0.0276006
0.751701
0.585495
0.510633
0.0282067
0.682494
1
0.22381
0.823756
0.80148
0.656167
0.113168
0.97348
0.324623
0.661894
0.0369005
0.711681
0.601475
0.828744
0.621271
0.282938
0.993072
0.0659428
0.998218
0.562343
0.498871
0.456906
0.984971
0.170141
0.444853
0.999794
0.150674
0.790958
0.282186
0.941268
0.76972
0.44004
0.9935
0.763722
0.0803078
0.329083
0.0759697
0.433799
0.295418
0.981064
0.830223
0.488098
0.989634
0.0124894
0.832336
0.665964
0.229972
0.233639
0.0356382
0.314509
0.669093
0.108678
0.855199
0.997174
0.172951
0.913448
0.451473
0.996473
0.966447
0.929651
0.571524
0.0569126
0.702684
0.993074
0.336949
0.887322
0.732609
0.997803
0.374102
0.97189
0.859081
0.495757
0.987247
0.573735
0.578675
0.185016
0.378913
0.991192
0.999504
0.936775
0.440739
0.7112
0.997981
0.994005
0.756628
0.126933
0.847776
0.0438424
0.145511
0.808567
0.778973
0.898634
0.858454
0.907356
0.441003
0.785118
0.0671026
0.104667
0.226979
0.711215
0.536578
0.49337
0.503177
0.59649
0.995629
0.998266
0.132447
0.32525
0.625897
0.965319
0.986836
0.722171
0.731748
0.22112
0.378896
0.0374636
0.335784
0.999354
0.992477
0.648019
0.938141
0.254884
0.988234
0.576829
0.0604865
0.447939
0.268075
0.933877
0.922936
0.552766
0.085345
0.285736
0.117833
0.308555
0.962057
0.222818
0.820841
0.988816
0.817329
0.100548
0.900771
0.410728
0.658078
0.996299
0.908894
0.965666
0.995639
0.995092
0.0820287
0.320921
0.996525
0.878896
0.818135
0.140468
0.998688
0.149722
0.935422
0.922303
0.330612
0.913933
0.0660555
0.424745
0.64716
0.999381
0.607416
0.997967
0.831029
0.803099
0.864104
0.795288
0.0833238
0.96649
0.672557
0.994958
0.403853
0.744217
0.955123
0.760012
0.414588
0.314683
0.673557
0.622475
0.0289226
0.343232
0.998099
0.193614
0.461365
0.945953
0.983612
0.470533
0.680696
0.157788
0.435259
0.0861053
0.774563
0.684983
0.64233
0.764267
0.785578
0.969849
0.668442
0.285719
0.848577
0.928041
0.391647
0.825269
0.369847
0.023973
0.0233318
0.613069
0.248581
0.847541
0.683212
0.131835
0.966405
0.762308
0.838933
0.707704
0.401643
0.142279
0.0756953
0.482171
0.376363
0.999867
0.86381
0.429138
0.101388
0.307522
0.633462
0.940772
0.0608965
0.974577
0.569988
0.88648
0.348023
0.931056
0.365264
0.687714
0.1975
0.938729
0.456856
0.166167
0.461045
0.993419
0.975308
0.193987
0.506514
0.643381
0.171396
0.315608
0.679069
0.206619
0.271988
0.890696
0.0890287
0.676709
0.91415
0.845044
0.949331
0.001638
0.979958
0.943941
0.985975
0.977536
0.949962
0.949274
0.935414
0.166936
0.363453
0.819171
0.946502
0.850741
0.740605
0.790145
0.877968
0.960564
0.847466
0.746167
0.122599
0.77822
0.745375
0.396075
0.146576
0.81366
0.686935
0.661052
0.816662
0.826918
0.832813
0.486118
0.240926
0.665925
0.856901
0.0353559
0.464438
0.389698
0.701862
0.995936
0.0871228
0.641905
0.313742
0.319349
0.391939
0.907145
0.583092
0.904159
0.99902
0.420152
0.393214
0.303676
0.711768
0.929656
0.406056
0.710505
0.999966
0.756833
0.652127
0.548882
0.651587
0.999962
0.959744
0.299988
0.0742327
0.819624
0.215671
0.56615
0.382645
0.893297
0.772777
0.793025
0.843249
0.781073
0.689178
0.914563
0.811146
0.171444
0.594761
0.837273
0.0602225
0.686939
0.908571
0.930383
0.152302
0.163653
0.913019
0.401806
0.999732
0.0930133
0.332515
0.989925
0.863197
0.120975
0.680328
0.123407
0.331452
0.998614
0.992052
0.299069
0.988121
0.889885
0.792247
0.334677
0.72018
0.753789
0.665126
0.196316
0.3626
0.999019
0.554685
0.992218
0.909548
0.095573
0.203527
0.535311
0.800428
0.222423
0.966883
0.556265
0.861912
0.272954
0.512274
0.583849
0.986343
0.0640061
0.534709
0.960551
0.739468
0.930455
0.177762
0.332031
0.611543
0.0910019
0.373349
0.849805
0.814116
0.70405
0.30862
0.197306
0.252377
0.976244
0.874558
0.909783
0.525144
0.970705
0.348778
0.9923
0.948756
0.349836
0.0484132
0.466822
0.905392
0.99234
0.999904
0.793548
0.481457
0.237655
0.892607
0.168301
0.915253
0.8022
0.029163
0.842319
0.946535
0.992617
0.661754
0.834478
0.822483
0.994289
0.89196
0.422081
0.981056
0.993291
0.944158
0.562727
0.018123
0.136126
0.815232
0.497441
0.144553
0.430192
0.999951
0.210454
0.995598
0.485428
0.999997
0.241268
0.792235
0.229858
0.791708
0.257736
0.990089
0.823753
0.764388
0.996548
0.0488976
0.886327
0.962962
0.986959
0.999964
0.351329
0.945621
0.106836
0.500615
0.932595
0.995924
0.503693
0.937081
0.327794
0.97916
0.530837
0.964509
0.107178
0.953535
0.980517
0.684769
0.619398
0.837678
0.320213
0.868788
0.712839
0.885149
0.0251216
0.300916
0.39292
0.984372
0.92306
0.747031
0.657252
0.517545
0.377641
0.723134
0.399571
0.791367
0.219845
0.807525
0.992564
0.757917
0.682099
0.989629
0.19335
0.997692
0.699269
0.319124
0.23765
0.744243
0.45115
0.695372
0.999706
0.864328
0.898592
0.984907
0.81111
0.0292593
0.999012
0.992334
0.276362
0.65666
0.592447
0.999659
0.728015
0.598809
0.469801
0.808918
0.993542
0.999858
0.257675
0.17892
0.677424
0.44815
0.250501
0.717223
0.984286
0.0397515
0.472293
0.375604
0.662165
0.959421
0.990763
0.683437
0.733692
0.492806
0.373197
0.331135
0.999458
0.918396
0.298373
0.979084
0.99808
0.882118
0.965711
0.415796
0.831425
0.829829
0.938041
0.30425
0.708834
0.585904
0.973346
0.757893
0.970252
0.840019
0.987874
0.495724
0.0730794
0.976265
0.944624
0.679183
0.227245
0.995747
0.782848
0.483303
0.999574
0.497678
0.999994
0.350102
0.750449
0.798266
0.821256
0.977118
0.778054
0.399011
0.614812
0.968174
0.937089
0.994225
0.969598
0.421589
0.998393
0.179821
0.388792
0.844199
0.317998
0.929742
0.766021
0.0138435
0.685686
0.375059
0.867805
0.861542
0.811649
0.987074
0.0565371
0.127908
0.330585
0.0377394
0.802115
0.577351
0.987875
0.782351
0.374297
0.95107
0.987243
0.969434
0.999825
0.173859
0.905373
0.0766755
0.163878
0.129293
0.459222
0.176277
0.177038
0.987525
0.938311
0.641652
0.438316
0.620272
0.97847
0.780878
0.30531
0.633943
0.0442804
0.17683
0.533279
0.646582
0.642739
0.549426
0.293193
0.662465
0.621049
0.314757
0.422733
0.999818
0.262006
0.515254
0.662838
0.501593
0.896549
0.986841
0.525955
0.283061
0.92637
0.910628
0.727124
0.881587
0.442895
0.549009
0.306537
0.769967
0.786395
0.103735
0.513029
0.878151
0.91815
0.0900422
0.874326
0.903081
0.889426
0.697765
0.759586
0.529962
0.954482
0.102926
0.984403
0.255224
0.0368699
0.622617
0.541131
0.996818
0.641751
0.998686
0.982802
0.864177
0.941196
0.432387
0.207826
0.918725
0.307661
0.552364
0.0545081
0.957384
0.710834
0.607406
0.981592
0.84664
0.739152
0.16459
0.403275
0.225264
0.551974
0.270434
0.449437
0.0407312
0.326358
0.872781
0.991779
0.0606873
0.213773
0.310604
0.292688
0.842057
0.888237
0.617843
0.735916
0.794344
0.967606
0.737032
0.99729
0.991407
0.0135112
0.180265
0.951548
0.775759
0.269335
0.995754
0.939268
0.954674
0.677272
0.579477
0.308383
0.997136
0.70773
0.860644
0.879577
0.214788
0.941647
0.844022
0.843293
0.905058
0.429346
0.270056
0.401946
0.246778
0.705055
0.462421
0.674429
0.117125
0.416836
0.0568834
0.183227
0.0031149
0.319748
0.518169
0.720873
0.19293
0.765544
0.676736
0.441397
0.973103
0.916469
0.78744
0.92434
0.999653
0.949131
0.689948
0.669959
0.231413
0.249836
0.721126
0.149719
0.0775938
0.283616
0.99663
0.987242
0.355104
0.847255
0.780651
0.744748
0.313717
0.99764
0.853169
0.750183
0.45271
0.811846
0.834796
0.925222
0.261363
0.950482
0.85253
0.813936
0.99999
0.73427
0.418555
0.651451
0.922492
0.82411
0.639427
0.529001
0.696517
0.898083
0.680689
0.997202
0.419045
0.452793
0.966684
0.808519
0.914301
0.968511
0.986243
0.875655
0.997673
0.301767
0.64432
0.316884
0.963952
0.381538
0.94002
0.719696
0.826577
0.765043
0.826234
0.812765
0.123398
0.377017
0.161961
0.475306
0.816858
0.99958
0.897378
0.355985
0.829771
0.325987
0.476683
0.873284
0.9219
0.840445
0.0679179
0.523514
0.690811
0.456795
0.327492
0.590539
0.879152
0.344974
0.504028
0.629497
0.957447
0.618305
0.327947
0.731551
0.0807698
0.638697
0.112844
0.490813
0.384736
0.200482
0.752726
0.993819
0.660883
0.179074
0.776639
0.995959
0.228561
0.974892
0.0378532
0.931589
0.319288
0.50194
0.750387
0.895552
0.993964
0.944651
0.511109
0.940877
0.994737
0.845789
0.969967
0.969495
0.465203
0.986221
0.0531299
0.0695642
0.848616
0.949304
0.538167
0.929642
0.999999
0.897852
0.972269
0.987357
0.650011
0.270058
0.167688
0.765432
0.331413
0.998004
0.0370299
0.847324
0.790159
0.733384
0.440093
0.940178
0.161026
0.972222
0.89523
0.355941
0.867963
0.929705
0.000849837
0.382053
0.516961
0.998583
0.776262
0.943097
0.993777
0.19057
0.237248
0.233987
0.384799
0.722479
0.121119
0.253553
0.630793
0.621867
0.443284
0.916806
0.595985
0.51452
0.679806
0.365188
0.492522
0.993025
0.999992
0.913853
0.0874277
0.983703
0.238561
0.763092
0.999994
0.564744
0.50879
0.811532
0.716219
0.990013
0.367463
0.931156
0.126535
0.923293
0.730967
0.91651
0.202061
0.836597
0.900595
0.0590864
0.135097
0.987827
0.610308
0.986685
0.0195968
0.243985
0.287118
0.0513957
0.0226207
0.917416
0.786856
0.265164
0.951979
0.99114
0.215587
0.744118
0.866808
0.995266
0.331162
0.734819
0.840903
0.882479
0.931446
0.469796
0.699511
0.873728
0.522038
0.95727
0.733378
0.34194
0.999011
0.497421
0.931025
0.107582
0.382631
0.627683
0.278789
0.166882
0.953522
0.922219
0.29365
0.531906
0.999692
0.264449
0.905497
0.512748
0.994738
0.257787
0.250935
0.992209
0.752196
0.0119344
0.98386
0.126809
0.58563
0.928694
0.113883
0.92403
0.665331
0.0396349
0.390234
0.996095
0.907125
0.992802
0.937874
0.0291445
0.968272
0.374253
0.997907
0.779942
0.010974
0.0315719
0.477604
0.992948
0.702172
0.179512
0.685154
0.259916
0.181507
0.970719
0.429492
0.964679
0.108495
0.996016
0.966282
0.009214
0.8694
0.932622
0.99468
0.938698
0.617584
0.995536
0.0599821
0.782849
0.990772
0.807124
0.817668
0.05962
0.0352968
0.104354
0.749256
0.777849
0.769251
0.108073
0.145475
0.770176
0.208197
0.446287
0.198796
0.32282
0.58651
0.243998
0.966874
0.896728
0.94867
0.678341
0.871029
0.272959
0.81768
0.773548
0.711575
0.41898
0.261206
0.0626207
0.29836
0.441674
0.732215
0.624147
0.664608
0.215927
0.334796
0.6552
0.977266
0.2266
0.0831818
0.488396
0.778845
0.830518
0.910827
0.705263
0.239475
0.82081
0.984224
0.738865
0.983631
0.0225121
0.702374
0.0441096
0.811746
0.899295
0.414834
0.950834
0.985683
0.991539
0.948636
0.774967
0.428768
0.901908
0.930319
0.797035
0.973467
0.959396
0.951819
0.464188
0.00691788
0.995694
0.91831
0.699043
0.113277
0.993313
0.980922
0.594642
0.571112
0.483554
0.985516
0.6116
0.0821713
0.21283
0.848755
0.65832
0.706159
0.772713
0.306775
0.241189
0.00659696
0.67114
0.0893286
0.0762516
0.0322569
0.626216
0.86364
0.723948
0.762033
0.979988
0.18781
0.346716
0.708833
0.1219
0.760787
0.926199
0.222605
0.995908
0.961122
0.907894
0.771798
0.981921
0.908074
0.695974
0.42365
0.714195
0.462037
0.867557
0.273338
0.999809
0.978974
0.92553
0.390794
0.998086
0.625536
0.373731
0.650271
0.647102
0.509206
0.528413
0.997626
0.823985
0.48551
0.742392
0.423728
0.860342
0.772637
0.881226
0.995153
0.931335
0.997492
0.0544723
0.955826
0.318398
0.32915
0.836231
0.755303
0.400497
0.0614931
0.182398
0.818967
0.931095
0.00830338
0.57069
0.526683
0.161027
0.694069
0.861455
0.15094
0.892711
0.566156
0.921743
0.98875
0.951676
0.255675
0.993323
0.77348
0.778181
0.424636
0.936147
0.0419649
0.848276
0.973467
0.992336
0.743314
0.491206
0.875937
0.336678
0.631649
0.892908
0.884045
0.995493
0.259619
0.0893861
0.635434
0.335724
0.234504
0.753188
0.996578
0.693919
0.145334
0.923944
0.741228
0.645738
0.683955
0.714648
0.914733
0.103869
0.246122
0.390989
0.0749184
0.547953
0.838517
0.98348
0.861394
0.822729
0.970831
0.982877
0.128753
0.98454
0.938023
0.981299
0.998151
0.684807
0.179853
0.997033
0.234483
0.945415
0.759259
0.996467
0.970927
0.00113695
0.992924
0.920199
0.752608
0.752475
0.221001
0.712185
0.216917
0.533172
0.876723
0.714239
0.751466
0.572042
0.99941
0.994462
0.565355
0.728329
0.238583
0.0749898
0.835555
0.852137
0.991788
0.416514
0.719732
0.030691
0.349235
0.900294
0.0361631
0.126149
0.528811
0.126225
0.902121
0.995177
0.325439
0.372879
0.852553
0.698092
0.854147
0.45421
0.999878
0.539153
0.713157
0.96005
0.00698272
0.994934
0.944842
0.747362
0.614416
0.822068
0.748529
0.110913
0.719925
0.260985
0.585237
0.957547
0.548365
0.606215
0.976051
0.819661
0.985581
0.999888
0.952465
0.667922
0.164241
0.640133
0.618778
0.994552
0.596418
0.980518
0.943767
0.925343
0.948909
0.959021
0.967708
0.377889
0.951237
0.9728
0.0538662
0.962281
0.627437
0.664644
0.227786
0.999841
0.62799
0.0785633
0.2451
0.656727
0.887048
0.633988
0.157836
0.742143
0.979073
0.537573
0.850121
0.597437
0.0617285
0.627795
0.665963
0.199361
0.733748
0.754446
0.66388
0.642492
0.34284
0.0218785
0.595713
0.0544451
0.659569
0.712691
0.793507
0.715308
0.873251
0.946721
0.974461
0.613258
0.0513861
0.0875304
0.295794
0.728646
0.677533
0.442735
0.690349
0.381756
0.985683
0.787257
0.854713
0.527544
0.683595
0.850421
0.852176
0.97809
0.81254
0.0822361
0.79945
0.2071
0.021928
0.369519
0.992338
0.0925429
0.661774
0.65947
0.805256
0.525408
0.84532
0.226614
0.00525501
0.99727
0.363474
0.727338
0.173761
0.00773737
0.262943
0.13778
0.358039
0.976084
0.935604
0.318162
0.705199
0.555793
0.565046
0.728892
0.129556
0.309725
0.501226
0.746694
0.801501
0.928782
0.333261
0.139778
0.962332
0.956461
0.917501
0.859978
0.841463
0.351094
0.971727
0.430785
0.903556
0.197961
0.975114
0.981372
0.708157
0.0424537
0.99964
0.567567
0.190352
0.0604792
0.571449
0.54883
0.660571
0.72742
0.722676
0.363976
0.575244
0.995376
0.997971
0.161283
0.936343
0.718734
0.997545
0.983357
0.577754
0.131296
0.970407
0.463349
0.929019
0.801277
0.938753
0.774833
0.846534
0.779154
0.658614
0.79161
0.996888
0.41792
0.722513
0.993583
0.704699
0.800392
0.771246
0.912475
0.762647
0.913438
0.69688
0.970324
0.241667
0.751144
0.252417
0.0236335
0.998343
0.566438
0.957257
0.540605
0.518654
0.917632
0.201359
0.810314
0.622522
0.0787689
0.979644
0.147227
0.977468
0.859194
0.955839
0.959279
0.270596
0.96092
0.72188
0.686925
0.279484
0.85188
0.99993
0.960047
0.861804
0.67125
0.654325
0.889688
0.0422501
0.494201
0.662092
0.990599
0.70094
0.616069
0.817066
0.429568
0.809801
0.61726
0.0266115
0.70561
0.418643
0.10248
0.739628
0.645144
0.952033
0.951929
0.564444
0.86217
0.596949
0.858282
0.33865
0.471595
0.557546
0.727896
0.996485
0.948704
0.046708
0.688532
0.606212
0.995046
0.120827
0.818548
0.135708
0.0163294
0.693151
0.0269184
0.565839
0.951815
0.380782
0.735061
0.867961
0.325213
0.94247
0.146166
0.985279
0.501621
0.104195
0.983396
0.828054
0.570837
0.309158
0.436921
0.0287094
0.771951
0.165044
0.432325
0.860778
0.249933
0.996061
0.968945
0.999732
0.287088
0.859433
0.0838962
0.986056
0.660672
0.0713157
0.617632
0.696703
0.361708
0.720954
0.587683
0.997797
0.352964
0.457544
0.0138925
0.476632
0.54411
0.870128
0.999984
0.462095
0.213823
0.0392898
0.137556
0.662757
0.202716
0.958992
0.643518
0.397298
0.332604
0.109138
0.950752
0.992206
0.0453616
0.94396
0.57125
0.526979
0.73485
0.107898
0.361993
0.579823
0.90433
0.929144
0.570387
0.44308
0.350237
0.648778
0.642727
0.374911
0.0878477
0.244827
0.237007
0.916623
0.998863
0.557356
0.0785405
0.54904
0.11474
0.00152705
0.191617
0.852722
0.768944
0.446768
0.222805
0.857056
0.927215
0.779622
0.0562402
0.841067
0.885545
0.103349
0.357212
0.706872
0.255818
0.726531
0.96888
0.954692
0.998919
0.515774
0.297536
0.725644
0.620196
0.162001
0.450398
0.886791
0.702584
0.583034
0.982218
0.5457
0.99617
0.970004
0.878673
0.20596
0.565739
0.93728
0.204854
0.917314
0.992472
0.740145
0.987699
0.965581
0.924696
0.712107
0.94728
0.912514
0.988551
0.0932571
0.91355
0.104398
0.703677
0.768287
0.08072
0.230425
0.676903
0.296277
0.658004
0.557368
0.480501
0.982999
0.0679946
0.89021
0.937153
0.0134907
0.932188
0.828753
0.671434
0.37208
0.102111
0.779911
0.12976
0.199982
0.318455
0.220716
0.906218
0.0446744
0.587648
0.82528
0.960885
0.401749
0.649454
0.382477
0.857966
0.731657
0.98587
0.954881
0.74003
0.998954
0.970181
0.624394
0.581433
0.251346
0.989584
0.92122
0.977652
0.315316
0.607325
0.399739
0.224317
0.925645
0.224729
0.933249
0.29377
0.221954
0.930796
0.860227
0.927304
0.996254
0.860558
0.214524
0.250923
0.030188
0.422985
0.633828
0.350568
0.0726225
0.0364709
0.707266
0.974268
0.494166
0.384457
0.998327
0.975709
0.685045
0.367477
0.418669
0.776224
0.777012
0.706251
0.04905
0.0411436
0.824392
0.857412
0.972531
0.92578
0.159131
0.539882
0.239643
0.827586
0.547528
0.0136022
0.0728693
0.992929
0.163327
0.997701
0.254818
0.326528
0.942162
0.974363
0.165581
0.880183
0.989215
0.455671
0.520177
0.999978
0.990562
0.513146
0.924919
0.403372
0.015551
0.999592
0.492169
0.769806
0.885527
0.971923
0.948898
0.192605
0.355849
0.323463
0.856697
0.79225
0.566627
0.376134
0.997239
0.912717
0.0637511
0.313621
0.996936
0.999346
0.138476
0.770989
0.533801
0.990526
0.806793
0.763202
0.908521
0.149342
0.278424
0.935649
0.0590029
0.581031
0.48568
0.580442
0.972641
0.0619299
0.848343
0.0307107
0.92309
0.969791
0.479361
0.137479
0.381696
0.776452
0.431256
0.681364
0.929803
0.624387
0.0261846
0.976025
0.728769
0.971826
0.496863
0.972822
0.452982
0.212092
0.18244
0.973291
0.457156
0.787331
0.273657
0.225949
0.350268
0.960645
0.943103
0.639935
0.973542
0.80338
0.412062
0.268194
0.190788
0.744966
0.910102
0.887086
0.63106
0.986933
0.671333
0.983443
0.159478
0.962525
0.911102
0.858907
0.307017
0.897278
0.580224
0.0777677
0.975155
0.854358
0.900311
0.887822
0.948216
0.464533
0.7351
0.56929
0.696933
0.599227
0.475859
0.93794
0.536646
0.125172
0.882131
0.895447
0.905276
0.788889
0.138271
0.611272
0.989027
0.171909
0.443882
0.795051
0.183007
0.884985
0.934633
0.99747
0.845362
0.682446
0.918016
0.882989
0.0673205
0.455242
0.673759
0.642085
0.34604
0.89478
0.781411
0.870067
0.641485
0.358366
0.839041
0.985913
0.500218
0.390581
0.997085
0.921882
0.703302
0.021714
0.743068
0.950397
0.10089
0.160716
0.518488
0.399914
0.0419223
0.845502
0.996133
0.812451
0.245422
0.251808
0.734565
0.998337
0.827852
0.804051
0.980045
0.717439
0.904269
0.514286
0.354912
0.82204
0.983679
0.378388
0.06944
0.636739
0.638211
0.38545
0.978214
0.262753
0.0250705
0.991978
0.0444761
0.936359
0.226667
0.71165
0.88205
0.898313
0.736212
0.261708
0.963149
0.959176
0.633467
0.999874
0.699525
0.767298
0.033304
0.904363
0.87027
0.855913
0.813573
0.853406
0.919425
0.723263
0.437248
0.0309982
0.873586
0.210607
0.033914
0.194448
0.274321
0.962734
0.502083
0.524176
0.744165
0.961701
0.0562028
0.916462
0.599212
0.624187
0.664365
0.987978
0.414039
0.55379
0.515401
0.520574
0.000905149
0.798447
0.670907
0.163547
0.389369
0.106082
0.303565
0.491784
0.473658
0.573775
0.785757
0.356181
0.563308
0.64889
0.145081
0.281477
0.903339
0.86202
0.277836
0.530256
0.688445
0.324791
0.3828
0.346641
0.989798
0.682419
0.397617
0.73461
0.381343
0.337361
0.99477
0.995803
0.465914
0.0218097
0.613362
0.913761
0.907436
0.576907
0.995514
0.820283
0.030185
0.0810232
0.637711
0.486023
0.815255
0.96871
0.996488
0.390303
0.717457
0.820323
0.84446
0.838142
0.0723133
0.97707
0.847493
0.981464
0.810013
0.339494
0.899687
0.970385
0.220815
0.673139
0.939391
0.0647114
0.983094
0.615352
0.314922
0.966219
0.595372
0.0334854
0.158251
0.972929
0.350767
0.733203
0.888113
0.371238
0.820178
0.40317
0.160018
0.84183
0.608199
0.327609
0.11196
0.983622
0.551168
0.992829
0.742878
0.999823
0.998261
0.952173
0.423505
0.594618
0.798025
0.307164
0.823245
0.458199
0.302737
0.326517
0.795767
0.762561
0.410142
0.120026
0.696266
0.526312
0.3479
0.955547
0.028598
0.520284
0.00337219
0.65636
0.423929
0.445416
0.350206
0.770762
0.977373
0.103913
0.886879
0.247611
0.694843
0.954393
0.565948
0.772699
0.747488
0.285905
0.524331
0.442942
0.53481
0.286075
0.65153
0.46768
0.949282
0.271176
0.765506
0.00553063
0.583596
0.582848
0.741933
0.991793
0.924677
0.992704
0.799703
0.137428
0.687433
0.499329
0.913583
0.973138
0.134445
0.744871
0.871681
0.996417
0.191255
0.593195
0.966212
0.959107
0.999714
0.958046
0.255314
0.925691
0.842622
0.998265
0.672152
0.942058
0.890175
0.886758
0.259932
0.825581
0.49937
0.97296
0.989533
0.450677
0.071163
0.971522
0.429399
0.0266873
0.99455
0.440299
0.506901
0.563683
0.508959
0.535434
0.20701
0.0182719
0.0868332
0.797421
0.921982
0.34975
0.280353
0.713874
0.794106
0.362918
0.968399
0.763545
0.461416
0.265362
0.576429
0.708304
0.983945
0.431132
0.940945
0.977147
0.921388
0.324944
0.989773
0.94636
0.975333
0.965838
0.865367
0.637668
0.933457
0.846559
0.620007
0.846036
0.86486
0.588627
0.0825665
0.87401
0.674724
0.839953
0.623485
0.197785
0.678106
0.221874
0.932162
0.0891116
0.98407
0.83372
0.970889
0.287739
0.114622
0.838773
0.935492
0.629469
0.457478
0.568819
0.973692
0.887139
0.496216
0.502156
0.496973
0.323791
0.528167
0.863742
0.486098
0.804442
0.817772
0.998875
0.897152
0.998425
0.957368
0.52738
0.110972
0.956942
0.806018
0.542238
0.990135
0.190603
0.99938
0.0782788
0.898965
0.488151
0.305319
0.642177
0.176015
0.598057
0.675845
0.955282
0.857636
0.898095
0.380839
0.993908
0.631259
0.309291
0.312928
0.465936
0.1606
0.968736
0.916014
0.970193
0.816358
0.978396
0.915366
0.648286
0.39045
0.659353
0.705133
0.425167
0.989519
0.757742
0.571264
0.67373
0.477837
0.804011
0.968762
0.151494
0.997924
0.982887
0.664936
0.383611
0.995173
0.54765
0.952476
0.581461
0.0196371
0.699502
0.885464
0.992295
0.434637
0.970235
0.85538
0.550421
0.659858
0.6935
0.994987
0.813667
0.38707
0.95757
0.347866
0.826352
0.102302
0.956492
0.992576
0.07519
0.348131
0.859538
0.206629
0.340863
0.893948
0.985623
0.223574
0.437009
0.409659
0.668794
0.419652
0.657564
0.993053
0.694794
0.812482
0.724294
0.590427
0.98348
0.987031
0.995214
0.9769
0.313124
0.899455
0.642637
0.962984
0.878081
0.95195
0.3818
0.997456
0.992367
0.995272
0.028885
0.00807501
0.359573
0.816885
0.964353
0.988742
0.0808673
0.993481
0.999633
0.924929
0.805851
0.996308
0.972984
0.423706
0.0751733
0.890478
0.677331
0.491303
0.999939
0.143995
0.996993
0.496685
0.89316
0.254236
0.995036
0.598856
0.954209
0.973935
0.999952
0.204384
0.138596
0.162687
0.992393
0.998103
0.752746
0.450394
0.947885
0.99925
0.719408
0.984468
0.838961
0.839752
0.97307
0.592942
0.289118
0.834357
0.964874
0.430721
0.818142
0.99982
0.759898
0.542511
0.143397
0.934019
0.921354
0.684583
0.755091
0.132739
0.246641
0.603076
0.841923
0.768466
0.913384
0.988642
0.360697
0.534883
0.684946
0.343045
0.919843
0.673912
0.351805
0.933204
0.0175488
0.997831
0.467049
0.908461
0.0422557
0.906478
0.97062
0.903595
0.801478
0.885565
0.949293
0.999064
0.877361
0.416664
0.667453
0.699069
0.979513
0.812244
0.404692
0.920435
0.73447
0.567952
0.738718
0.0118627
0.636962
0.618698
0.890191
0.843698
0.933752
0.218867
0.842323
0.619926
0.758104
0.858642
0.894639
0.255044
0.987405
0.856688
0.54909
0.871566
0.465207
0.582679
0.242929
0.0774301
0.775705
0.247182
0.884685
0.766047
0.866587
0.329169
0.448274
0.990955
0.0780499
0.737385
0.951753
0.9943
0.789968
0.165896
0.999747
0.485031
0.0147898
0.424938
0.94018
0.783746
0.854593
0.97455
0.65564
0.38795
0.426533
0.628177
0.993978
0.00388355
0.853256
0.461827
0.945746
0.335644
0.766718
0.472447
0.106917
0.876939
0.33521
0.935087
0.444237
0.97428
0.37328
0.890162
0.685236
0.587072
0.935195
0.976251
0.737404
0.934284
0.996042
0.907526
0.999967
0.998283
0.556393
0.487349
0.995226
0.574864
0.704914
0.919721
0.404766
0.894574
0.26015
0.806594
0.299692
0.90471
0.692317
0.290373
0.998546
0.603437
0.922163
0.937629
0.340543
0.116886
0.804752
0.307847
0.752596
0.878548
0.702182
0.99274
0.959705
0.838721
0.999862
0.96838
0.918473
0.725321
0.980106
0.530326
0.957772
0.677945
0.470611
0.583694
0.920927
0.981042
0.923385
0.744108
0.997141
0.0946975
0.559454
0.99992
0.0171377
0.872367
0.621488
0.603311
0.580857
0.996258
0.955687
0.966087
0.877976
0.72364
0.137564
0.834263
0.533313
0.61921
0.906618
0.540831
0.327827
0.859329
0.0699731
0.255041
0.980621
0.237863
0.788134
0.908867
0.920866
0.814788
0.998601
0.341281
0.351412
0.507743
0.848564
0.988239
0.67275
0.450905
0.650131
0.914205
0.95552
0.976406
0.999416
0.102621
0.679878
0.737864
0.760879
0.965416
0.743406
0.327541
0.610156
0.984645
0.177786
0.347146
0.784806
0.960809
0.196569
0.0336044
0.197827
0.989413
0.847764
0.202798
0.800391
0.941574
0.96267
0.999089
0.895099
0.019022
0.905772
0.269907
0.836396
0.500393
0.991018
0.984318
0.168878
0.641514
0.652551
0.870313
0.822903
0.625139
0.788169
0.97695
0.637509
0.717955
0.944909
0.197564
0.598721
0.993836
0.762258
0.805551
0.681103
0.188005
0.0995081
0.140672
0.12965
0.748306
0.994151
0.863258
0.982908
0.944187
0.0476922
0.821048
0.285961
0.115611
0.102136
0.829645
0.363837
0.727886
0.0543291
0.710519
0.916583
0.983095
0.492385
0.995143
0.328793
0.348218
0.674272
0.332914
0.467733
0.379311
0.963739
0.872785
0.509767
0.639496
0.577219
0.973676
0.39435
0.550399
0.913025
0.894838
0.195887
0.522735
0.945134
0.0450696
0.992828
0.656525
0.968881
0.877912
0.600761
0.323138
0.903998
0.392664
0.40897
0.201237
0.07327
0.567043
0.394264
0.116816
0.0447509
0.889651
0.9284
0.692447
0.704078
0.932679
0.832584
0.919904
0.210774
0.610367
0.279413
0.172318
0.163566
0.224192
0.468015
0.868867
0.888393
0.503142
0.890976
0.962451
0.60951
0.94285
0.123625
0.275844
0.878969
0.935934
0.667007
0.840752
0.808457
0.870116
0.758927
0.986204
0.884156
0.741783
0.94719
0.999992
0.995722
0.205538
0.609548
0.146246
0.185071
0.467901
0.954796
0.024028
0.573573
0.7262
0.948046
0.492378
0.154599
0.995156
0.994844
0.854699
0.90989
0.651023
0.953087
0.901401
0.50711
0.899394
0.102513
0.98459
0.000677542
0.975174
0.649163
0.470198
0.431526
0.793595
0.651981
0.583584
0.999999
0.969668
0.0797096
0.855882
0.888772
0.792211
0.271826
0.680244
0.600187
0.150319
0.743425
0.967484
0.992269
0.640042
0.974263
0.965993
0.611029
0.924346
0.537949
0.958429
0.714789
0.877091
0.764111
0.813518
0.960047
0.570748
0.968179
0.458832
0.470736
0.679343
0.883713
0.779771
0.542768
0.948621
0.533677
0.516529
0.981789
0.729384
0.341937
0.683429
0.54369
0.492398
0.655911
0.991117
0.186427
0.67598
0.920238
0.736831
0.0420874
0.160911
0.852957
0.984709
0.532292
0.52211
0.448571
0.824457
0.151723
0.970955
0.855431
0.661106
0.672182
0.976592
0.726806
0.752382
0.530813
0.324715
0.821014
0.263595
0.509274
0.982512
0.663316
0.184577
0.0951362
0.892954
0.721747
0.368076
0.979426
0.773264
0.380764
0.988493
0.67367
0.254127
0.666215
0.0786104
0.307615
0.493958
0.335439
0.521185
0.0696863
0.105619
0.521168
0.921101
0.530974
0.726204
0.643219
0.662387
0.636446
0.254414
0.205565
0.0385496
0.300333
0.474248
0.813261
0.951869
0.93993
0.604456
0.757541
0.366813
0.794669
0.248595
0.994725
0.169485
0.258456
0.757241
0.0150903
0.712376
0.47927
0.999981
0.571322
0.99961
0.582947
0.70863
0.990088
0.98144
0.278328
0.462595
0.866489
0.0700736
0.0180209
0.548306
0.798606
0.991528
0.768739
0.00552914
0.48099
0.897493
0.631508
0.412721
0.974134
0.429605
0.551451
0.332016
0.249382
0.391775
0.756339
0.126245
0.331234
0.997063
0.696556
0.950782
0.538878
0.757127
0.948726
0.139171
0.818815
0.203054
0.704295
0.140059
0.936546
0.965361
0.59131
0.0824811
0.824266
0.556359
0.982198
0.692093
0.805831
0.362362
0.913261
0.999949
0.490166
0.735896
0.772376
0.776879
0.00148081
0.925487
0.99498
0.983073
0.236468
0.0116119
0.856345
0.998909
0.98906
0.341608
0.999912
0.740699
0.680874
0.179524
0.996807
0.998284
0.140409
0.0964193
0.877386
0.102502
0.103986
0.994044
0.845325
0.833608
0.762583
0.390225
0.0859196
0.803066
0.955626
0.603032
0.392108
0.328063
0.227508
0.273621
0.941234
0.975857
0.970864
0.99104
0.438025
0.787005
0.976366
0.850792
0.520471
0.657605
0.974555
0.986088
0.985309
0.970165
0.508755
0.656591
0.120584
0.999925
0.242335
0.992764
0.658898
0.101308
0.737385
0.679946
0.950407
0.7887
0.0597801
0.195534
0.412634
0.18142
0.224248
0.254921
0.282202
0.442136
0.998885
0.649255
0.71835
0.30413
0.846313
0.926037
0.928757
0.179924
0.510807
0.0521885
0.586263
0.782259
0.937434
0.123084
0.703541
0.892264
0.777194
0.444488
0.630395
0.848978
0.73315
0.842255
0.571977
0.447633
0.80974
0.378969
0.540264
0.212009
0.25926
0.371889
0.779934
0.979515
0.690096
0.442652
0.606476
0.786202
0.899064
0.88829
0.98832
0.761209
0.999624
0.886965
0.220773
0.758036
0.870765
0.588213
0.52223
0.337994
0.994055
0.593232
0.958092
0.999893
0.91341
0.97713
0.936579
0.609104
0.601666
0.763369
0.914241
0.535279
0.736901
0.870867
0.281454
0.595241
0.734508
0.121087
0.869094
0.151216
0.180096
0.0919476
0.809328
0.981691
0.980667
0.172769
0.531689
0.672255
0.000992166
0.826405
0.448094
0.864869
0.993788
0.209544
0.172637
0.815862
0.513508
0.690105
0.792763
0.54507
0.562456
0.243776
0.966425
0.900518
0.396404
0.883801
0.511905
0.826476
0.847021
0.624073
0.479668
0.837876
0.233944
0.78577
0.596454
0.950466
0.962823
0.444314
0.886505
0.836927
0.618689
0.921473
0.947059
0.268756
0.282675
0.513408
0.673163
0.976796
0.114206
0.328649
0.592327
0.936387
0.994957
0.892657
0.198482
0.961588
0.724569
0.972229
0.640456
0.609744
0.364407
0.175462
0.229737
0.991514
0.918766
0.366585
0.435351
0.400024
0.929255
0.989486
0.581091
0.83025
0.0970656
0.673042
0.774172
0.969213
0.909501
0.781241
0.372774
0.319346
0.679383
0.938388
0.499748
0.977864
0.998506
0.958503
0.944332
0.339329
0.54056
0.252469
0.998763
0.794253
0.940159
0.705714
0.893646
0.836306
0.0591204
0.895699
0.814409
0.342976
0.966157
0.893219
0.709018
0.884731
0.143295
0.391271
0.727251
0.62896
0.449936
0.458245
0.172094
0.94516
0.322437
0.0410908
0.223909
0.165858
0.627802
0.958499
0.677787
0.802564
0.369798
0.275492
0.979446
0.76579
0.300266
0.314161
0.565954
0.740279
0.649627
0.465566
0.552758
0.740748
0.775835
0.338168
0.888835
0.0841413
0.904242
0.955627
0.280428
0.103066
0.215175
0.606019
0.987697
0.925943
0.784274
0.666004
0.698333
0.992973
0.43241
0.922924
0.998782
0.925343
0.985971
0.465157
0.582021
0.605205
0.870223
0.389357
0.0485588
0.976663
0.584579
0.219452
0.922519
0.270967
0.13965
0.971301
0.412011
0.0820644
0.474823
0.0625319
0.650796
0.763985
0.411238
0.999991
0.114799
0.558254
0.482716
0.324779
0.583924
0.665121
0.997775
0.947914
0.275005
0.197153
0.380444
0.96424
0.183028
0.942914
0.243517
0.903438
0.979443
0.171605
0.929653
0.292396
0.251405
0.603126
0.596429
0.758366
0.0408755
0.813074
0.572401
0.545209
0.776155
0.811356
0.809377
0.872363
0.997563
0.91091
0.637882
0.595266
0.997784
0.997428
0.80027
0.958821
0.994982
0.215234
0.752783
0.0122241
0.159136
0.292652
0.300548
0.708531
0.163831
0.641352
0.536459
0.889209
0.753654
0.844902
0.725663
0.513559
0.922352
0.136118
0.0402998
0.813189
0.993913
0.319072
0.971493
0.932632
0.156763
0.0343708
0.685291
0.703402
0.123661
0.96785
0.727151
0.999596
0.915684
0.285502
0.965398
0.999524
0.999699
0.401615
0.21637
0.961786
0.037352
0.253808
0.948481
0.498447
0.815496
0.42861
0.514265
0.855711
0.237404
0.54766
0.725193
0.32604
0.136696
0.0178049
0.738768
0.998677
0.553447
0.982685
0.553931
0.994747
0.889424
0.292684
0.984985
0.0667341
0.525306
0.674192
0.990994
0.738022
0.994443
0.999995
0.288198
0.0743909
0.910403
0.755845
0.288458
0.823354
0.321406
0.808386
0.00788093
0.920753
0.562869
0.047743
0.941524
0.676421
0.0675873
0.476761
0.436084
0.891581
0.807396
0.556453
0.76632
0.753656
0.766371
0.933781
0.938794
0.990277
0.739209
0.909513
0.907548
0.93981
0.673758
0.479206
0.96409
0.869162
0.746325
0.549311
0.995071
0.316604
0.486497
0.857359
0.404247
0.96361
0.915342
0.350898
0.971205
0.896571
0.262816
0.322178
0.772835
0.999548
0.875222
0.991065
0.596447
0.993579
0.718718
0.376344
0.581478
0.188876
0.475614
0.891437
0.486157
0.771915
0.377633
0.97632
0.998847
0.585327
0.339696
0.984992
0.23038
0.988192
0.705011
0.999542
0.955834
0.57407
0.44319
0.168774
0.867717
0.167406
0.883484
0.40825
0.46363
0.881831
0.996627
0.993427
0.989386
0.894373
0.665536
0.454087
0.485291
0.960448
0.717964
0.785464
0.546754
0.0272848
0.121679
0.0122629
0.826452
0.767529
0.558409
0.867138
0.990902
0.851911
0.103565
0.328792
0.00901446
0.27469
0.994703
0.17596
0.843086
0.263318
0.901699
0.920039
0.767472
0.261284
0.970443
0.971616
0.980847
0.542674
0.961736
0.952072
0.0727263
0.924008
0.418301
0.986069
0.60914
0.980998
0.998753
0.949474
0.0417067
0.762516
0.12205
0.859649
0.457634
0.99319
0.980555
0.948086
0.776087
0.702081
0.909283
0.516578
0.435422
0.983622
0.905334
0.581739
0.00209025
0.24211
0.999967
0.925525
0.939331
0.717424
0.89112
0.643916
0.410021
0.200581
0.578593
0.0467981
0.890315
0.944428
0.370658
0.99992
0.325663
0.568045
0.999983
0.281966
0.638701
0.908923
0.276256
0.141217
0.642759
0.840592
0.976579
1
0.375592
0.0828231
0.597601
0.763159
0.0555693
0.777216
0.361867
0.760716
0.823642
0.449322
0.213006
0.882097
0.221392
0.748568
0.591981
0.766738
0.0451868
0.137498
0.273996
0.966386
0.0880962
0.818417
0.587953
0.743431
0.767903
0.114059
0.968714
0.962622
0.290827
0.97211
0.127221
0.645044
0.880861
0.428819
0.845044
0.415645
0.961267
0.247557
0.994982
0.615821
0.04867
0.482765
0.998617
0.453261
0.492541
0.837696
0.820112
0.994417
0.375201
0.854443
0.897723
0.766502
0.795481
0.963879
0.997543
0.813641
0.806232
0.999922
0.986206
0.163802
0.703709
0.991937
0.787884
0.936219
0.748741
0.701004
0.999997
0.535472
0.160439
0.696208
0.997409
0.993745
0.805454
0.717224
0.240667
0.809332
0.237954
0.359737
0.713438
0.0449871
0.731169
0.990406
0.846318
0.660353
0.579692
0.370279
0.949576
0.40517
0.860611
0.999532
0.248572
0.255919
0.847412
0.126941
0.419236
0.429024
0.968194
0.759147
0.856958
0.960827
0.945546
0.439638
0.94614
0.460387
0.582185
0.98834
0.487339
0.739343
0.241489
0.98695
0.992943
0.718114
0.599108
0.152752
0.993476
0.89399
0.517881
0.921324
0.718987
0.0227575
0.447637
0.102624
0.59627
0.97216
0.943113
0.445756
0.875524
0.681713
0.995372
0.554356
0.551419
0.948941
0.601346
0.595693
0.0790829
0.373076
0.508256
0.42749
0.999064
0.832001
0.359195
0.223901
0.468058
0.971605
0.46864
0.507877
0.787624
0.928686
0.602125
0.127695
0.0369155
0.968942
0.225351
0.7974
0.812554
0.155768
0.0763875
0.99994
0.823237
0.486059
0.607085
0.836555
0.915063
0.945486
0.445377
0.890497
0.448917
0.949451
0.563933
0.288539
0.309542
0.192768
0.999302
0.992139
0.451445
0.34743
0.996418
0.627679
0.995954
0.88735
0.997214
0.0566006
0.296244
0.148305
0.93427
0.995924
0.844199
0.860553
0.245933
0.0140193
0.759875
0.0785005
0.998325
0.888514
0.932142
0.212641
0.156395
0.579428
0.961317
0.97544
0.938089
0.997764
0.470706
0.389827
0.539393
0.0581977
0.625953
0.766229
0.863354
0.500902
0.881
0.261343
0.789858
0.322312
0.640672
0.987077
0.0323201
0.816702
0.605603
0.9981
0.325956
0.185738
0.891791
0.917815
0.979154
0.99142
0.316031
0.910497
0.354413
0.858003
0.998437
0.373693
0.546372
0.535254
0.833182
0.851728
0.803673
0.992914
0.999403
0.9167
0.117148
0.999219
0.993876
0.918762
0.413798
0.0493714
0.808168
0.612533
0.33067
0.405844
0.880708
0.94607
0.951895
0.554071
0.992841
0.315883
0.164498
0.9756
0.684693
0.665937
0.671199
0.909513
0.974218
0.999985
0.289655
0.643117
0.382899
0.727378
0.65605
0.491863
0.703924
0.574103
0.106602
0.390955
0.265702
0.25129
0.26818
0.95141
0.979855
0.569988
0.809697
0.893915
0.57194
0.824971
0.570839
0.621905
0.64238
0.783907
0.700706
0.97388
0.680827
0.533556
0.82363
0.987791
0.983386
0.48873
0.646088
0.792856
0.940927
0.0534191
0.856712
0.177655
0.642144
0.887652
0.957585
0.574023
0.00936424
0.974916
0.189648
0.887488
0.162358
0.856109
0.476525
0.199907
0.428043
0.875255
0.366546
0.226608
0.94965
0.919186
0.743915
0.998907
0.767101
0.0223792
0.999972
0.605162
0.540436
0.995831
0.854192
0.894801
0.394053
0.750913
0.921248
0.639184
0.999325
0.296764
0.982771
0.527423
0.9617
0.634026
0.652412
0.268942
0.980982
0.267289
0.386308
0.297251
0.994755
0.740468
0.541813
0.105583
0.0657792
0.697981
0.984198
0.590479
0.29358
0.994764
0.964761
0.831598
0.992566
0.908082
0.571393
0.743978
0.609384
0.959582
0.32288
0.939163
0.840955
0.784967
0.214494
0.761529
0.997612
0.766722
0.537261
0.574728
0.740658
0.0840879
0.161034
0.615244
0.979274
0.23505
0.957108
0.523311
0.165657
0.859783
0.992223
0.774757
0.954229
0.621656
0.761928
0.588714
0.830825
0.977968
0.728615
0.128588
0.467324
0.780267
0.335258
0.97601
0.933641
0.529301
0.285118
0.995794
0.806713
0.209234
0.179378
0.0144425
0.977251
0.842222
0.790384
0.966138
0.994547
0.999911
0.909971
0.334842
0.975563
0.999513
0.961575
0.736046
0.729852
0.998857
0.370385
0.444084
0.999471
0.577852
0.550052
0.814835
0.0564237
0.625738
0.899488
0.809315
0.627778
0.991267
0.631298
0.904351
0.999685
0.914018
0.999982
0.510966
0.856534
0.950317
0.978786
0.172765
0.490888
0.837559
0.370613
0.89684
0.997164
0.69225
0.942563
0.660205
0.76276
0.958285
0.502172
0.511743
0.642291
0.864558
0.996913
0.923961
0.204689
0.92348
0.214069
0.470855
0.348416
0.78768
0.71891
0.430514
0.1865
0.518375
0.117936
0.99707
0.844032
0.175421
0.881551
0.920513
0.774538
0.888047
0.34379
0.942608
0.718035
0.527891
0.187168
0.182797
0.578439
0.443526
0.50167
0.971619
0.100174
0.969806
0.0212661
0.376902
0.723759
0.24607
0.593363
0.931564
0.795102
0.952733
0.292399
0.318479
0.942925
0.247137
0.909379
0.804703
0.948326
0.979198
0.610231
0.985758
0.886312
0.991045
0.460126
0.705734
0.579289
0.923206
0.260819
0.640181
0.277807
0.996167
0.396278
0.990137
0.693156
0.238178
0.417416
0.441397
0.84321
0.108313
0.984764
0.903461
0.98645
0.863465
0.663495
0.585505
0.586932
0.775298
0.732766
0.719822
0.927916
0.517507
0.950712
0.483063
0.0486863
0.199544
0.472935
0.107829
0.954519
0.958524
0.904996
0.736673
0.99954
0.880118
0.976945
0.999495
0.814734
0.997311
0.354619
0.0350194
0.782671
0.639703
0.999907
0.775734
0.881016
0.996853
0.362992
0.991931
0.992148
0.341314
0.285802
0.304409
0.77377
0.828592
0.475462
0.978318
0.725821
0.984989
0.810665
0.608847
0.583677
0.689004
0.641373
0.930075
0.821897
0.997075
0.028658
0.304661
0.982174
0.999916
0.999146
0.771518
0.6099
0.0593522
0.249872
0.936071
0.407034
0.695499
0.610179
0.982578
0.977808
0.23899
0.00998295
0.99769
0.924741
0.742118
0.284733
0.590038
0.611858
0.494072
0.618291
0.898501
0.680545
0.805475
0.826492
0.856692
0.798615
0.720875
0.69084
0.716367
0.547469
0.0887565
0.776932
0.988186
0.799721
0.973875
0.81142
0.925281
0.534826
0.345731
0.969119
0.967155
0.533371
0.0799426
0.921693
0.981117
0.75944
0.904885
0.745049
0.0103317
0.425406
0.994074
0.722918
0.550492
0.888538
0.282969
0.521968
0.341753
0.960253
0.348292
0.0271251
0.506766
0.602795
0.787484
0.969001
0.82278
0.309259
0.0890768
0.512933
0.482773
0.950241
0.397411
0.999996
0.540355
0.936815
0.973698
0.149986
0.81321
0.718471
0.515883
0.180511
0.721649
0.82267
0.678726
0.327907
0.995706
0.204285
0.538407
0.931169
0.456314
0.981488
0.694208
0.830541
0.946648
0.363701
0.93354
0.368131
0.973981
0.510583
0.94101
0.206896
0.169887
0.066037
0.998285
0.504564
0.950575
0.704025
0.0170145
0.904458
0.905642
0.100419
0.240725
0.579536
0.806616
0.806477
0.755736
0.0101904
0.998656
0.962294
0.884535
0.306785
0.79572
0.997813
0.971857
0.21794
0.954012
0.967654
0.780896
0.820326
0.891859
0.938897
0.827007
0.830761
0.570687
0.68642
0.950307
0.973309
0.959674
0.985108
0.0270249
0.250028
0.224295
0.9442
0.916338
0.996698
0.780281
0.769052
0.538401
0.932516
0.805854
0.867202
0.00132119
0.56119
0.963782
0.958483
0.103595
0.998954
0.803615
0.99762
0.983886
0.334119
0.986374
0.268553
0.937808
0.637229
0.683877
0.0868583
0.996099
0.954693
0.016258
0.981
0.304502
0.958685
0.97564
0.991277
0.993148
0.987111
0.0014103
0.830354
0.776305
0.992367
0.425284
0.846691
0.807271
0.72388
0.936753
0.781005
0.564438
0.401643
0.689682
0.874958
0.952371
0.884177
0.317971
0.0276948
0.93234
0.51449
0.316778
0.997169
0.124719
0.618272
0.289231
0.879689
0.833251
0.663157
0.346719
0.824775
0.247044
0.803238
0.996732
0.993672
0.715416
0.145941
0.478506
0.551624
0.872856
0.441777
0.930586
0.782404
0.978093
0.402734
0.993159
0.149221
0.246095
0.240736
0.938655
0.967746
0.182582
0.823987
0.388696
0.995769
0.828529
0.949488
0.587497
0.176613
0.994494
0.864595
0.435053
0.27203
0.343885
0.837412
0.717255
0.477819
0.994733
0.684255
0.747428
0.0534397
0.417013
0.538633
0.857764
0.971014
0.920317
0.478348
0.987756
0.0313285
0.861664
0.887913
0.993933
0.0890579
0.38361
0.201333
0.323988
0.84308
0.498743
0.044474
0.589648
0.268001
0.307723
0.166476
0.952149
0.412477
0.72692
0.239627
0.945996
0.016202
0.485366
0.967969
0.491375
0.871167
0.0436644
0.978513
0.999936
0.913737
0.72101
0.8793
0.860763
0.9473
0.724365
0.517143
0.667166
0.668937
0.999975
0.998489
0.566956
0.590744
0.47027
0.944144
0.979855
0.358129
0.939967
0.339574
0.95167
0.708216
0.992209
0.0574983
0.776541
0.296728
0.661591
0.999989
0.583152
0.85299
0.296136
0.281352
0.906218
0.608545
0.449615
0.423733
0.866512
0.401663
0.315922
0.697665
0.999718
0.159965
0.755152
0.614659
0.299255
0.709628
0.570621
0.9872
0.634139
0.524993
0.52041
0.951175
0.936872
0.939326
0.999921
0.996149
0.0809535
0.631813
0.179263
0.902299
0.234099
0.533233
0.0501586
0.423618
0.68323
0.992779
0.752605
0.422347
0.978962
0.978024
0.96816
0.332507
0.737051
0.626618
0.999782
0.999975
0.648211
0.978608
0.51041
0.566087
0.64535
0.899271
0.28413
0.932175
0.776702
0.0476769
0.569611
0.967261
0.920998
0.981421
0.6031
0.311851
0.766496
0.884882
0.560389
0.331318
0.956345
0.961375
0.888314
0.258115
0.540648
0.632226
0.496168
0.850679
0.971623
0.682835
0.999981
0.956174
0.08234
0.680102
0.566472
0.2339
0.420898
0.903366
0.99302
0.53096
0.708339
0.999982
0.0203738
0.516956
0.75877
0.717233
0.977107
0.792728
0.872578
0.672623
0.701599
0.167255
0.927615
0.997254
0.209438
0.996909
0.00550101
0.795836
0.160729
0.919238
0.823785
0.782886
0.182189
0.781518
0.676489
0.174427
0.00235554
0.895765
0.143113
0.862678
0.160389
0.892298
0.20922
0.827074
0.0457907
0.339535
0.840936
0.845092
0.783562
0.944631
0.720874
0.805303
0.994501
0.562485
0.978593
0.619036
0.0425304
0.9388
0.0322476
0.184503
0.944781
0.834271
0.6645
0.730887
0.81865
0.999721
0.5105
0.632459
0.991755
0.263497
0.863868
0.999436
0.0472459
0.947498
0.345635
0.0134116
0.57827
0.775421
0.827288
0.556055
0.988194
0.409491
0.808069
0.955339
0.823072
0.256787
0.658231
0.985657
0.0651781
0.556708
0.446627
0.994441
0.0520661
0.862193
0.450709
0.895081
0.743269
0.892669
0.986291
0.848561
0.612571
0.787491
0.179898
0.484272
0.419735
0.753884
0.545195
0.311152
0.292845
0.479547
0.626728
0.907248
0.966295
0.945844
0.212967
0.954293
0.964137
0.998403
0.856512
0.189919
0.0238529
0.99303
0.386034
0.239511
0.162574
0.876137
0.95392
0.996832
0.936219
0.266323
0.951645
0.563479
0.596366
0.728721
0.330191
0.312794
0.998352
0.871219
0.94888
0.475126
0.396232
0.0188883
0.945953
0.919015
0.0818933
0.456327
0.939143
0.970564
0.338928
0.986646
0.270661
0.459912
0.150062
0.948252
0.825763
0.934878
0.998432
0.451649
0.997237
0.995231
0.150134
0.716172
0.59653
0.492213
0.0545381
0.996839
0.451146
0.996911
0.467846
0.922906
0.853499
0.717774
0.73655
0.0156942
0.819696
0.199296
0.21256
0.792961
0.0728996
0.979321
0.631789
0.0711391
0.828548
0.573598
0.290971
0.981197
0.997571
0.813083
0.999691
0.391384
0.997007
0.94363
0.80965
0.169634
0.670173
0.996183
0.938882
0.357726
0.47977
0.521533
0.960306
0.570251
0.907288
0.270771
0.997828
0.468429
0.395801
0.587513
0.919533
0.965821
0.174543
0.306084
0.338794
0.0934237
0.993534
0.127557
0.583008
0.953145
0.734584
0.495978
0.236895
0.603144
0.720038
0.998696
0.966106
0.37091
0.893475
0.908462
0.345619
0.831694
0.942304
0.364181
0.997865
0.542631
0.744378
0.334258
0.269153
0.767667
0.627713
0.492521
0.647738
0.91378
0.939064
0.311404
0.656273
0.779008
0.0710745
0.965596
0.99851
0.23666
0.722654
0.0627036
0.789273
0.736584
0.190209
0.659864
0.323494
0.53906
0.824583
0.998755
0.494586
0.411405
0.561382
0.841207
0.372188
0.327539
0.792474
0.922438
0.43493
0.216938
0.760692
0.0306385
0.362967
0.554941
0.787167
0.930628
0.943815
0.986444
0.0951459
0.957879
0.893108
0.517562
0.970936
0.0504675
0.901195
0.797735
0.129349
0.913335
0.319157
0.779456
0.926843
0.214017
0.701686
0.909324
0.946091
0.746322
0.00306358
0.660431
0.824004
0.622917
0.511713
0.107788
0.989204
0.634679
0.956147
0.304765
0.587669
0.199824
0.0211607
0.396595
0.891388
0.753802
0.9715
0.874742
0.706789
0.896311
0.136692
0.925617
0.968464
0.218964
0.0113208
0.939512
0.959865
0.996418
0.97831
0.998108
0.700321
0.931424
0.875366
0.151518
0.662447
0.237558
0.745459
0.983446
0.779389
0.738001
0.919602
0.62223
0.764294
0.645322
0.142092
0.536721
0.338394
0.365374
0.997577
0.212853
0.897603
0.248203
0.289872
0.999994
0.00832662
0.200845
0.0108349
0.986276
0.881299
0.94525
0.715157
0.0807041
0.886621
0.830739
0.338682
0.851181
0.947155
0.742624
0.304481
0.618096
0.617942
0.640982
0.983806
0.746926
0.747384
0.652771
0.991161
0.972106
0.990248
0.649108
0.956543
0.966621
0.974774
0.890104
0.936234
0.409378
0.388036
0.540722
0.504634
0.485793
0.221231
0.0252882
0.281105
0.75909
0.933732
0.193081
0.478004
0.864673
0.931363
0.912776
0.62663
0.584416
0.938517
0.397696
0.347823
0.471555
0.610477
0.0539237
0.51663
0.00118083
0.344382
0.841525
0.606187
0.613073
0.956365
0.792042
0.960254
0.758771
0.95848
0.189377
0.648375
0.335863
0.561534
0.567643
0.116204
0.984493
0.736394
0.390632
0.991858
0.394851
0.95724
0.999611
0.670355
0.0665232
0.34329
0.82853
0.253183
0.970705
0.0967462
0.551166
0.999648
0.924597
0.996702
0.476871
0.187095
0.0755955
0.415589
0.742088
0.997888
0.204352
0.182642
0.590111
0.713921
0.291055
0.91129
0.931263
0.00590154
0.828831
0.49122
0.847946
0.996233
0.92021
0.0266371
0.914723
0.153238
0.434372
0.0150393
0.99613
0.429486
0.825027
0.511869
0.997626
0.158857
0.923146
0.854282
0.962393
0.99326
0.452363
0.621669
0.846659
0.221754
0.825383
0.876232
0.609099
0.942132
0.99534
0.778329
0.826766
0.674207
0.951518
0.523346
0.448029
0.652152
0.935042
0.75315
0.630604
0.749998
0.130195
0.884112
0.511283
0.605113
0.590516
0.998487
0.492551
0.998997
0.7004
0.819715
0.941063
0.718417
0.405432
0.144051
0.712112
0.559213
0.512722
0.0978706
0.509893
0.000101486
0.564728
0.941474
0.00609965
0.831554
0.12125
0.567787
0.89942
0.0499072
0.163503
0.895504
0.93969
0.628304
0.751648
0.963717
0.714238
0.714389
0.0710883
0.89058
0.438206
0.146405
0.929306
0.952736
0.24529
0.467733
0.636117
0.88575
0.463208
0.55431
0.999545
0.460049
0.0827076
0.105134
0.999222
0.359962
0.376549
0.601942
0.921503
0.999901
0.789742
0.963535
0.82608
0.995668
0.472696
0.913898
0.510803
0.430637
0.994506
0.624447
0.22719
0.433182
0.92499
0.857663
0.580648
0.664488
0.894847
0.770652
0.282918
0.0934706
0.160788
0.990197
0.848266
0.188679
0.557023
0.980294
0.99977
0.999552
0.0338514
0.0912402
0.868643
0.23036
0.546577
0.999963
0.390868
0.981385
0.0688413
0.992464
0.833939
0.976372
0.938033
0.552923
0.999723
0.234323
0.663721
0.366521
0.915452
0.766554
0.997256
0.629809
0.0345071
0.00375749
0.607462
0.205118
0.281751
0.695378
0.524326
0.485244
0.847473
0.865746
0.164598
0.876013
0.509555
0.847479
0.77071
0.545178
0.409835
0.266188
0.792153
0.769213
0.0183133
0.789733
0.971478
0.957786
0.900541
0.474848
0.523032
0.530602
0.344984
0.3357
0.163557
0.755902
0.229468
0.439924
0.626781
0.472832
0.999997
0.432677
0.0444854
0.205098
0.375614
0.928505
0.23945
0.786769
0.250694
0.781194
0.866234
0.311918
0.288551
0.0355334
0.908154
0.177706
0.988796
0.993345
0.311775
0.857432
0.725655
0.564485
0.870116
0.335834
0.608118
0.0677581
0.930836
0.82056
0.619688
0.818357
0.734751
0.293514
0.674128
0.0118192
0.737305
0.599824
0.606935
0.486435
0.935361
0.710532
0.951889
0.306563
0.968188
0.0627829
0.0902085
0.538831
0.29515
0.385886
0.251571
0.0357135
0.0351547
0.517474
0.685034
0.939441
0.97899
0.132824
0.0021164
0.0521747
0.932033
0.508124
0.116019
0.857498
0.909049
0.634492
0.437045
0.524149
0.463369
0.990435
0.507999
0.472471
0.378452
0.947689
0.521363
0.928079
0.192157
0.440243
0.873072
0.911058
0.882289
0.611491
0.960597
0.174919
0.350486
0.741719
0.469992
0.364046
0.678985
0.299003
0.573415
0.793702
0.66299
0.932663
0.800404
0.464002
0.310619
0.974932
0.779478
0.26988
0.697203
0.967088
0.256988
0.328104
0.999998
0.566068
0.791585
0.0584557
0.36116
0.999755
0.715487
0.894997
0.760741
0.999248
0.998671
0.735663
0.14638
0.454494
0.860915
0.99771
0.793605
0.610623
0.409115
0.877074
0.104385
0.127612
0.378644
0.221261
0.205662
0.577151
0.466696
0.998542
0.993355
0.663376
0.640517
0.774211
0.156371
0.999465
0.657051
0.434098
0.267601
0.810597
0.104244
0.973406
0.0151764
0.997552
0.632447
0.183882
0.937499
0.307748
0.640334
0.73236
0.499779
0.229092
0.575996
0.996484
0.322313
0.416639
0.2029
0.922598
0.578511
0.900291
0.999598
0.891119
0.50446
0.942992
0.014885
0.994267
0.751696
0.989187
0.997818
0.791002
0.387762
0.119982
0.647211
0.999619
0.852909
0.963907
0.76431
0.96018
0.17503
0.0178203
0.513086
0.877446
0.743072
0.201962
0.948647
0.988549
0.654431
0.886989
0.441517
0.961689
0.141644
0.291749
0.250122
0.771761
0.449343
0.197688
0.791104
0.924687
0.197119
0.551407
0.971056
0.6722
0.363192
0.916683
0.588225
0.387442
0.553218
0.997403
0.848832
0.192627
0.912352
0.960469
0.39672
0.819304
0.860271
0.678878
0.813942
0.90758
0.869272
0.745275
0.417708
0.0726236
0.413073
0.506387
0.660226
0.932042
0.327445
0.423137
0.968335
0.481195
0.998459
0.158961
0.334223
0.981997
0.192691
0.994213
0.998844
0.999799
0.991723
0.21462
0.989967
0.987119
0.927055
0.922028
0.0506021
0.00149056
0.980348
0.659342
0.97499
0.963384
0.246625
0.662975
0.998549
0.710628
0.39286
0.994517
0.823035
0.0400383
0.948518
0.649316
0.999983
0.538463
0.121655
0.956235
0.999454
0.692564
0.916544
0.00863748
0.96038
0.978591
0.694949
0.999558
0.722618
0.589058
0.587966
0.99177
0.156814
0.930565
0.445191
0.959944
0.774673
0.916521
0.944005
0.624035
0.965794
0.898166
0.329445
0.959804
0.902474
0.568836
0.0616404
0.0665176
0.999345
0.098791
0.835097
0.580294
0.415105
0.722489
0.721706
0.894164
0.999978
0.379662
0.998795
0.379754
0.975801
0.69028
0.264287
0.518709
0.634736
0.962006
0.791295
0.999179
0.865335
0.99679
0.188611
0.873092
0.969579
0.99834
0.735746
0.504807
0.986909
0.607598
0.0547466
0.782622
0.997702
0.0638951
0.777064
0.626533
0.532127
0.936087
0.992743
0.907832
0.999601
0.582622
0.946014
0.655969
0.0192662
0.982936
0.991443
0.667266
0.945233
0.908288
0.991732
0.900729
0.895761
0.534937
0.901985
0.999921
0.714355
0.689684
0.181013
0.309049
0.984229
0.104165
0.865967
0.716017
0.437985
0.662031
0.733427
0.999987
0.664354
0.53741
0.918208
0.738729
0.75223
0.060357
0.49607
0.866404
0.99992
0.997548
0.897414
0.529667
0.657901
0.661321
0.201804
0.926233
0.445663
0.8911
0.222028
0.925589
0.274316
0.277212
0.436909
0.974533
0.366803
0.420106
0.998773
0.48494
0.999735
0.593148
0.752056
0.28164
0.987364
0.658701
0.0390876
0.464357
0.98791
0.999993
0.109157
0.614747
0.954101
0.490588
0.999921
0.304319
0.967908
0.976058
0.99823
0.631072
0.975371
0.998045
0.986624
0.978536
0.31186
0.391279
0.722102
0.740243
0.962699
0.81213
0.948358
0.992858
0.813927
0.229904
0.830123
0.95742
0.995064
0.987873
0.303557
0.311003
0.146908
0.320097
0.708334
0.58676
0.639422
0.0828055
0.762453
0.754084
0.98755
0.928948
0.979954
0.998617
0.506474
0.739716
0.0862437
0.997115
0.868424
0.978995
0.779738
0.660942
0.174723
0.612693
0.967622
0.905839
0.269374
0.958377
0.995924
0.997021
0.573224
0.775782
0.598
0.143731
0.753825
0.598497
0.886621
0.320653
0.0567844
0.985119
0.663485
0.953243
0.928737
0.557156
0.475474
0.138966
0.99729
0.543678
0.361872
0.801358
0.989788
0.731118
0.12144
0.733363
0.999644
0.47143
0.7404
0.768553
0.808874
0.759537
0.974849
0.533363
0.694138
0.820546
0.707059
0.779941
0.28684
0.994024
0.515092
0.234766
0.911665
0.999953
0.586159
0.827723
0.181303
0.44481
0.429179
0.999778
0.768471
0.990024
0.55915
0.979921
0.244029
0.633479
0.514792
0.927052
0.945931
0.815405
0.378688
0.688929
0.421044
0.861175
0.956446
0.476155
0.489296
0.118518
0.00959874
0.993193
0.999874
0.970974
0.0334564
0.2353
0.401533
0.345849
0.892887
0.830221
0.090349
0.647666
0.658722
0.899325
0.36997
0.891732
0.113191
0.118442
0.865707
0.797395
0.946346
0.0426947
0.667402
0.556548
0.661117
0.230374
0.889565
0.883659
0.694418
0.741727
0.278907
0.780351
0.806257
0.200761
0.900311
0.49431
0.319072
0.2088
0.994516
0.231823
0.19046
0.108832
0.544147
0.893323
0.468984
0.834247
0.0307388
0.999872
0.660265
0.0800914
0.650463
0.103513
0.70761
0.996164
0.211208
0.0724706
0.834966
0.516854
0.917763
0.0212679
0.764281
0.531883
0.868592
0.996985
0.829627
0.0696046
0.0699852
0.876752
0.597382
0.808555
0.597452
0.930193
0.310309
0.934813
0.996814
0.896291
0.553399
0.999458
0.853987
0.854292
0.233227
0.763115
0.89191
0.999252
0.993506
0.187059
0.621592
0.99192
0.9553
0.804855
0.997919
0.218864
0.929337
0.640637
0.0570421
0.721273
0.925269
0.865186
0.362008
0.404394
0.133285
0.493241
0.520069
0.785859
0.993122
0.379972
0.606823
0.928187
0.605924
0.996153
0.98826
0.20927
0.991933
0.771891
0.902675
0.214085
0.12621
0.303486
0.962691
0.992695
0.950086
0.23807
0.58185
0.937098
0.106145
0.913648
0.355956
0.408668
0.0207614
0.28179
0.806246
0.542874
0.274459
0.925226
0.905066
0.85716
0.81246
0.971217
0.253721
0.512052
0.857658
0.722053
0.508482
0.540864
0.427134
0.988377
0.0383337
0.968659
0.992452
0.657985
0.0404925
0.158347
0.70035
0.665636
0.420989
0.82117
0.502239
0.140553
0.14414
0.944546
0.488964
0.8107
0.0151101
0.413092
0.242413
0.163559
0.195757
0.0440422
0.728793
0.802038
0.300006
0.456934
0.995001
0.444115
0.980751
0.0213511
0.119161
0.542939
0.891335
0.607704
0.850596
0.0654017
0.49938
0.749619
0.750001
0.540551
0.177469
0.803991
0.859842
0.998398
0.758506
0.992341
0.63131
0.191828
0.635792
0.985418
0.420534
0.527575
0.746489
0.174949
0.982445
0.977576
0.575201
0.520823
0.119257
0.957959
0.995581
0.310727
0.432548
0.874971
0.325497
0.743182
0.539358
0.817671
0.410998
0.795558
0.9833
0.677329
0.739372
0.0676012
0.738723
0.661419
0.821094
0.577649
0.662057
0.98077
0.992483
0.486838
0.215744
0.995391
0.945042
0.781473
0.186788
0.604084
0.166199
0.700526
0.0802345
0.974717
0.960896
0.997415
0.086953
0.974161
0.759422
0.204073
0.0686744
0.493119
0.710368
0.717381
0.240819
0.683162
0.998559
0.372405
0.716542
0.738554
0.426346
0.153528
0.991991
0.682094
0.410408
0.234274
0.136278
0.99909
0.995768
0.363828
0.0192425
0.988771
0.783021
0.123919
0.91404
0.496777
0.714085
0.962133
0.710648
0.708415
0.759781
0.440198
0.732598
0.738306
0.132182
0.317605
0.321576
0.594888
0.706196
0.831346
0.772561
0.262855
0.788449
0.924837
0.564285
0.249866
0.995975
0.0276096
0.656745
0.997182
0.496599
0.126607
0.764481
0.928303
0.306712
0.43621
0.926682
0.627425
0.677149
0.868797
0.130068
0.982195
0.0992892
0.977363
0.989272
0.2013
0.289325
0.465353
0.159522
0.977497
0.766366
0.825988
0.508427
0.386616
0.292805
0.663189
0.92636
0.688134
0.338544
0.995088
0.273593
0.740572
0.854107
0.697147
0.376716
0.620175
0.236965
0.0913679
0.999391
0.664042
0.495985
0.13288
0.740866
0.642292
0.828999
0.9533
0.989445
0.999679
0.941769
0.523682
0.72668
0.434621
0.396385
0.996579
0.443425
0.801215
0.882113
0.991798
0.777351
0.692437
0.99975
0.686568
0.990334
0.851432
0.988713
0.524193
0.98083
0.995855
0.996913
0.985278
0.518366
0.688363
0.215713
0.788217
0.456642
0.856097
0.757983
0.958543
0.41926
0.310047
0.969143
0.552228
0.304622
0.881115
0.700823
0.57873
0.951686
0.295753
0.787395
0.951808
0.451485
0.769336
0.821675
0.535457
0.957038
0.256226
0.809024
0.805258
0.167198
0.998385
0.521192
0.898301
0.921522
0.8761
0.977229
0.755308
0.625875
0.206866
0.528335
0.691479
0.486116
0.988589
0.162549
0.436448
0.40537
0.749677
0.922531
0.994301
0.697016
0.996829
0.438309
0.897011
0.980967
0.960191
0.988046
0.558464
0.944296
0.0120711
0.717821
0.78455
0.84123
0.671971
0.916764
0.146893
0.921224
0.99666
0.764615
0.78377
0.758425
0.986545
0.977285
0.142389
0.636227
0.912615
0.893317
0.492612
0.23724
0.49057
0.929501
0.778896
0.833659
0.301643
0.911743
0.80005
0.707599
0.895486
0.216646
0.972567
0.174513
0.654959
0.8377
0.980958
0.323663
0.358998
0.996949
0.919719
0.783231
0.777003
0.268639
0.585862
0.751895
0.318669
0.83169
0.4877
0.963375
0.0419413
0.90265
0.22767
0.9747
0.868502
0.981138
0.238596
0.99683
0.374468
0.129051
0.777353
0.999088
0.0997451
0.993817
0.315542
0.202097
0.818761
0.961953
0.995618
0.935097
0.79685
0.749957
0.997379
0.0484404
0.455119
0.512027
0.268619
0.997473
0.198434
0.239817
0.932495
0.495597
0.500656
0.973613
0.755182
0.963014
0.36416
0.736992
0.0716959
0.0586569
0.314819
0.967621
0.543828
0.870147
0.94066
0.132767
0.728675
0.959181
0.0413216
0.843842
0.199251
0.450906
0.151853
0.709444
0.95311
0.146344
0.965358
0.745014
0.987687
0.955085
0.500071
0.238451
0.937258
0.873491
0.382129
0.971099
0.0274036
0.895383
0.935765
0.99625
0.894634
0.783019
0.24687
0.634847
0.991605
0.885827
0.996103
0.817829
0.182598
0.916199
0.812355
0.371843
0.514405
0.812281
0.393072
0.999963
0.558183
0.857781
0.991324
0.963817
0.738275
0.946494
0.984308
0.082341
0.973463
0.494669
0.999977
0.837006
0.40582
0.0879988
0.697991
0.341601
0.830285
0.783555
0.325165
0.351268
0.603914
0.826875
0.552844
0.997844
0.835351
0.523449
0.498422
0.0807017
0.110905
0.984504
0.183604
0.431223
0.916122
0.0295382
0.919755
0.502647
0.990406
0.593006
0.999888
0.999189
0.987646
0.882673
0.998403
0.772279
0.0532908
0.58494
0.171252
0.772205
0.889837
0.41598
0.0445481
0.526773
0.30433
0.00558277
0.99996
0.936795
0.514934
0.163166
0.118297
0.110848
0.0974108
0.988099
0.359701
0.569098
0.724624
0.578547
0.700371
0.486764
0.27968
0.522445
0.997225
0.955346
0.857347
0.910799
0.739449
0.988254
0.348079
0.73671
0.0413768
0.593386
0.831367
0.549502
0.877384
0.452979
0.647845
0.661956
0.302892
0.658625
0.346727
0.98953
0.99967
0.99435
0.741692
0.981786
0.533507
0.072164
0.988313
0.997407
0.498472
0.335189
0.891612
0.358901
0.706609
0.800077
0.998045
0.616073
0.569983
0.99961
0.871862
0.188836
0.75081
0.765929
0.179353
0.999999
0.296075
0.480885
0.999208
0.876792
0.0965805
0.30008
0.00392706
0.870756
0.755216
0.949315
0.253209
0.993422
0.973441
0.738948
0.939068
0.209331
0.663053
0.342348
0.788107
0.700518
0.995701
0.0728415
0.193729
0.724046
0.414041
0.999842
0.532584
0.531124
0.994308
0.116857
0.439361
0.97838
0.650812
0.0577282
0.530584
0.651171
0.998797
0.21071
0.0437865
0.564575
0.760382
0.714728
0.837164
0.479172
0.32531
0.573678
0.974692
0.938612
0.981674
0.979883
0.412415
0.884143
0.83026
0.4509
0.957113
0.635768
0.0666781
0.864427
0.231362
0.619027
0.55264
0.822337
0.944923
0.72966
0.0339435
0.372914
0.935403
0.288011
0.0662415
0.997566
0.0113504
0.0491015
0.734277
0.271652
0.192254
0.933465
0.559677
0.952682
0.996239
0.986134
0.96013
0.136081
0.349855
0.997877
0.177864
0.827312
0.0882082
0.0415975
0.952666
0.996426
0.893682
0.612737
0.791881
0.992165
0.283825
0.353193
0.661771
0.688863
0.99992
0.999654
0.861478
0.766851
0.858609
0.346329
0.371421
0.782083
0.929965
0.00962883
0.344305
0.996812
0.541234
0.677689
0.202735
0.980194
0.892283
0.421325
0.991046
0.438651
0.664995
0.0341345
0.999678
0.631769
0.986595
0.971127
0.880067
0.805028
0.457966
0.318488
0.095995
0.829457
0.864793
0.802394
0.998118
0.737928
0.834079
0.52804
0.113218
0.657112
0.397507
0.944176
0.370573
0.946455
0.856731
0.696981
0.935329
0.166208
0.0773156
0.995657
0.428733
0.999754
0.878675
0.967914
0.923032
0.225196
0.999851
0.999859
0.66737
0.963828
0.0472852
0.888915
0.296567
0.995495
0.832127
0.829967
0.568494
0.965715
0.268613
0.10289
0.0504801
0.124812
0.999814
0.816196
0.241205
0.907324
0.993142
0.723872
0.94139
0.901579
0.660969
0.236968
0.505164
0.896394
0.872962
0.310271
0.999869
0.949813
0.276016
0.191618
0.177421
0.456603
0.548213
0.0749983
0.429861
0.986202
0.983633
0.417366
0.545073
0.0645192
0.163251
0.0657197
0.585245
0.611788
0.993828
0.74974
0.118757
0.0379805
0.934221
0.645416
0.376945
0.973686
0.813482
0.969861
0.98904
0.290848
0.0305455
0.33075
0.79896
0.9282
0.598978
0.961961
0.978214
0.171579
0.261478
0.517126
0.465906
0.304462
0.984775
0.917942
0.844345
0.907646
0.765336
0.422211
0.848475
0.448237
0.930566
0.481027
0.986913
0.526367
0.192227
0.210861
0.358797
0.091313
0.714669
0.94231
0.532465
0.880752
0.938412
0.117209
0.81907
0.898668
0.401206
0.0952826
0.444318
0.348728
0.778788
0.28151
0.0146448
0.739291
0.914126
0.975416
0.824226
0.784774
0.0903727
0.998827
0.433744
0.783736
0.668524
0.925804
0.0366616
0.479092
0.685266
0.886369
0.226028
0.31255
0.952958
0.840637
0.845826
0.684031
0.312878
0.999918
0.866387
0.668675
0.0554791
0.797166
0.613026
0.884611
0.633835
0.874199
0.48988
0.711168
0.242804
0.56108
0.961796
0.879852
0.813638
0.114498
0.542713
0.774077
0.823502
0.920083
0.62703
0.467642
0.952211
0.166303
0.914771
0.646858
0.992558
0.246972
0.0277781
0.450338
0.561385
0.810213
0.272445
0.0557518
0.255834
0.99273
0.999378
0.475195
0.472501
0.186624
0.941425
0.824979
0.0553384
0.60596
0.4134
0.929313
0.850404
0.437085
0.0834802
0.270504
0.999673
0.822974
0.209044
0.322718
0.919627
0.610814
0.602351
0.346102
0.827245
0.273431
0.994882
0.129092
0.553517
0.93543
0.516781
0.883665
0.944582
0.863506
0.74207
0.95203
0.0683234
0.314902
0.43713
0.90781
0.895829
0.999131
0.363488
0.850375
0.896707
0.18187
0.336559
0.684095
0.708973
0.958949
0.925232
0.0622542
0.470613
0.979216
0.782726
0.591825
0.8593
0.295253
0.862366
0.28696
0.418557
0.790073
0.830235
0.917141
0.410963
0.183371
0.839465
0.497582
0.973182
0.0498717
0.0337641
0.741489
0.457139
0.999053
0.908738
0.301853
0.28702
0.666708
0.892782
0.302262
0.995398
0.196902
0.312721
0.995593
0.403674
0.498349
0.783253
0.973497
0.797268
0.961249
0.645074
0.277182
0.898572
0.171431
0.12288
0.785073
0.157579
0.91079
0.873102
0.848613
0.622292
0.547972
0.993081
0.0960052
0.484489
0.19181
0.870022
0.948671
0.974515
0.999477
0.365411
0.926311
0.885333
0.793182
0.697836
0.296522
0.0902421
0.449177
0.302366
0.998265
0.617219
0.215396
0.762077
0.951146
0.512492
0.485871
0.854079
0.634082
0.694
0.636764
0.0680113
0.870267
0.963844
0.946899
0.837008
0.652235
0.389343
0.366538
0.995027
0.589765
0.124759
0.629829
0.772245
0.159242
0.994067
0.953618
0.357042
0.270373
0.399121
0.98824
0.998065
0.630045
0.998242
0.36663
0.994789
0.652995
0.777371
0.605514
0.988477
0.555184
0.359357
0.00476554
0.973623
0.0521005
0.809651
0.794843
0.935808
0.578167
0.330698
0.379403
0.934366
0.288053
0.555793
0.326916
0.901633
0.243707
0.961765
0.605536
0.803761
0.744226
0.887344
0.560124
0.897083
0.11426
0.936423
0.249617
0.598277
0.712913
0.969813
0.302058
0.0521756
0.13417
0.326254
0.727661
0.19636
0.858397
0.843043
0.246819
0.974254
0.240757
0.21965
0.658784
0.841012
0.0547012
0.555615
0.0561786
0.36485
0.98611
0.871665
0.999945
0.239812
0.997001
0.303709
0.485105
0.260332
0.415102
0.674538
0.133468
0.993277
0.507573
0.0721415
0.246181
0.975482
0.999993
0.9083
0.384019
0.976938
0.609097
0.181076
0.918172
0.873783
0.954136
0.258453
0.989196
0.428791
0.215968
0.835518
0.155382
0.868711
0.541207
0.833477
0.999923
0.776267
0.954375
0.470375
0.88748
0.979537
0.922866
0.645418
0.928544
0.971567
0.737852
0.754957
0.778597
0.880259
0.991683
0.935538
0.732916
0.809552
0.00493312
0.223711
0.61263
0.422366
0.608927
0.912686
0.29289
0.713762
0.760553
0.723642
0.712212
0.981427
0.627263
0.88156
0.562726
0.0462503
0.91025
0.999776
0.1709
0.618229
0.885988
0.36524
0.405746
0.247361
0.161105
0.949364
0.396813
0.897431
0.932684
0.165137
0.981552
0.432023
0.940286
0.999499
0.0119705
0.9992
0.432458
0.056719
0.814388
0.999867
0.745455
0.998468
0.936651
0.531965
0.945489
0.998012
0.029631
0.996238
0.0828969
0.980154
0.664029
0.44269
0.101155
0.919918
0.992384
0.959996
0.43669
0.960248
0.770476
0.241633
0.105535
0.0591882
0.992475
0.957109
0.964545
0.790848
0.74627
0.846237
0.512207
0.963294
0.947411
0.983279
0.976476
0.953954
0.370879
0.85083
0.985423
0.9867
0.256979
0.736584
0.938819
0.944116
0.975281
0.306076
0.232386
0.838833
0.762514
0.815692
0.799434
0.878488
0.499786
0.351803
0.98097
0.965374
0.989785
0.536017
0.400548
0.872807
0.999994
0.94031
0.649159
0.465543
0.800655
0.971284
0.487774
0.796764
0.916829
0.575575
0.401843
0.989444
0.389133
0.317049
0.740834
0.640026
0.345271
0.998488
0.638504
0.766484
0.954324
0.145366
0.966169
0.891806
0.732053
0.275644
0.0165543
0.999283
0.69043
0.974418
0.226026
0.315212
0.107071
0.828541
0.507015
0.78172
0.948331
