0.0635947
0.807569
0.811521
0.121883
0.93113
0.999943
0.880895
0.154813
0.124038
0.999952
0.94139
0.0973296
0.169433
0.850763
0.736188
0.447116
0.505217
0.0266587
0.708671
0.268201
0.998359
0.88995
0.0104933
0.511919
0.480055
0.568727
0.268445
0.67055
0.936522
0.977945
0.872632
0.714662
0.852423
0.957184
0.998791
0.874389
0.873921
0.0786965
0.866378
0.607967
0.547442
0.714011
0.647456
0.995162
0.277158
0.947418
0.887374
0.748309
0.803613
0.978132
0.503553
0.861138
0.551979
0.994962
0.742346
0.150928
0.0730364
0.503462
0.826299
0.796983
0.94603
0.896472
0.345772
0.677546
0.231059
0.709417
0.0785107
0.980018
0.995198
0.93156
0.191936
0.853257
0.99982
0.444752
0.988269
0.652731
0.700493
0.995302
0.859955
0.495355
0.58104
0.998996
0.790876
0.999468
1
0.953067
0.620664
0.455496
0.849103
0.329436
0.589445
0.999142
0.990429
0.493598
0.485327
0.978878
0.297138
0.690493
0.0424353
0.194058
0.980702
0.935561
0.540868
0.950837
0.867317
0.831565
0.942173
0.281513
0.839327
0.776092
0.925284
0.976557
0.662922
0.982498
0.898617
0.92994
0.894164
0.251722
0.274548
0.812897
0.522471
0.347105
0.284333
0.768223
0.892998
0.555244
0.342824
0.327267
0.507053
0.56049
0.823759
0.759367
0.404292
0.950131
0.734534
0.984335
0.7534
0.929
0.729311
0.0317546
0.4306
0.369482
0.393411
0.874162
0.981724
0.956558
0.999834
0.359578
0.455114
0.862516
0.999996
0.934529
0.802822
0.0637155
0.625699
0.895526
0.989172
0.592576
0.335886
0.301407
0.969803
0.405348
0.896392
0.347566
0.998179
0.998941
0.912535
0.416902
0.81871
0.919755
0.935298
0.435242
0.0246121
0.398967
0.891219
0.704942
0.978359
0.141776
0.212175
0.665415
0.872282
0.999998
0.503649
0.00185039
0.531218
0.999502
0.542002
0.128849
0.119035
0.857804
0.684317
0.420949
0.383648
0.443604
0.99959
0.771152
0.992215
0.0399946
0.999328
0.478923
0.997481
0.951231
0.490046
0.666675
0.678868
0.0989535
0.373717
0.281825
0.0104404
0.853975
0.94481
0.21524
0.757504
0.63069
0.653124
0.999754
0.555455
0.946989
0.269806
0.944597
0.959253
0.983918
0.875143
0.990449
0.27542
5.92945e-05
0.942074
0.821287
0.0444673
0.722108
0.326575
0.798111
0.878788
0.768116
0.0497612
0.701628
0.631271
0.949206
0.981279
0.337222
0.814752
0.360738
0.365197
0.578744
0.977146
0.921759
0.943561
0.362787
0.861732
0.598101
0.854166
0.911582
0.817826
0.792937
0.813164
0.839262
0.892069
0.990479
0.490897
0.183428
0.709408
0.411987
0.517839
0.954187
0.664446
0.727829
0.0353068
0.390459
0.205376
0.608592
0.969275
0.989386
0.406014
0.876243
0.99971
0.385118
0.99196
0.13101
0.953902
0.985841
0.332763
0.793279
0.85303
0.912569
0.806256
0.462032
0.717894
0.153862
0.192367
0.552865
0.0972859
0.476421
0.663884
0.608844
0.365898
0.633566
0.998498
0.497025
0.571012
0.851377
0.972764
0.956632
0.739304
0.866879
0.997297
0.0991656
0.892736
0.733897
0.693461
0.980709
0.921745
0.652326
0.80528
0.526086
0.576216
0.974937
0.647697
0.976788
0.992012
0.0309755
0.51596
0.0233621
0.101135
0.84833
0.634875
0.215459
0.999657
0.995597
0.737363
0.176175
0.658148
0.992515
0.881984
0.621557
0.952569
0.448228
0.709971
0.973497
0.692174
0.999349
0.794273
0.530339
0.310493
0.047596
0.586974
0.0349409
0.519762
0.994315
0.675888
0.926373
0.970737
0.776588
0.919824
0.744112
0.991087
0.335795
0.8864
0.787962
0.975689
0.454323
0.929699
0.841467
0.687847
0.759056
0.0521387
0.288506
0.623703
0.308466
0.0147062
0.304995
0.610043
0.170876
0.176673
0.995247
0.964735
0.439726
0.282602
0.71961
0.530612
0.120163
0.793085
0.706526
0.982252
0.703771
0.1535
0.971058
0.0267731
0.556736
0.106778
0.431889
0.995084
0.899644
0.096548
0.984628
0.114914
0.999894
0.25128
0.15355
0.704164
0.512495
0.884579
0.979237
0.934717
0.999134
0.236382
0.771473
0.891013
0.899319
0.198693
0.824216
0.505658
0.662271
0.196392
0.947969
0.328023
0.965434
0.326088
0.250274
0.0725568
0.58764
0.262448
0.930865
0.538895
0.167539
0.441095
0.864411
0.996771
0.563811
0.723832
0.162029
0.692391
0.906239
0.700957
0.0161649
0.237651
0.870471
0.999315
0.356244
0.758033
0.275052
0.288884
0.996003
0.380154
0.156202
0.931407
0.338956
0.554021
0.799121
0.653124
0.569802
0.894426
0.433639
0.57142
0.885137
0.38489
0.6079
0.929114
0.998712
0.99986
0.708595
0.960273
0.716386
0.994378
0.960717
0.823574
0.391272
0.729786
0.989796
0.833238
0.0468021
0.229843
0.504276
0.323169
0.304034
0.147756
0.0755447
0.830055
0.227709
0.986319
0.812537
0.384292
0.569259
0.985875
0.551994
0.318795
0.995256
0.865131
0.213804
0.769127
0.782338
0.237957
0.690043
0.985399
0.0111807
0.749837
0.708123
0.647359
0.0395871
0.886802
0.997238
0.812562
0.847992
0.980704
0.571287
0.827547
0.658361
0.951449
0.569982
0.999096
0.546213
0.199831
0.211701
0.476571
0.0571463
0.416628
0.901884
0.517428
0.819077
0.933478
0.786603
0.72072
0.0840501
0.469376
0.955943
0.982243
0.244435
0.0781672
0.880265
0.773229
0.59357
0.952272
0.23677
0.956247
0.379103
0.823227
0.342167
0.185845
0.883954
0.994401
0.967569
0.998989
0.998802
0.863361
0.831544
0.345957
0.975538
0.614269
0.988645
0.85319
0.828425
0.759641
0.311973
0.839988
0.436626
0.698662
0.975743
0.762792
0.892591
0.985874
0.994887
0.177371
0.0897012
0.876072
0.365514
0.436358
0.696494
0.409503
0.870836
0.425188
0.252319
0.916687
0.133383
0.861973
0.896309
0.74578
0.844969
0.852781
0.740588
0.739102
0.976734
0.574767
0.0656927
0.544807
0.588746
0.516863
0.551368
0.495407
0.0425009
0.985257
0.266364
0.827802
0.875873
0.255972
0.999998
0.664325
0.743649
0.99637
0.343018
0.195633
0.63003
0.727719
0.994773
0.247347
0.998913
0.339591
0.70219
0.484488
0.188118
0.997757
0.62962
0.231547
0.987946
0.971273
0.392138
0.201578
0.318536
0.645864
0.668547
0.61332
0.978114
0.331042
0.973121
0.87687
0.950375
0.744391
0.986899
0.154004
0.0370631
0.997471
0.699598
0.905163
0.0879354
0.174886
0.634918
0.978794
0.929288
0.0827573
0.796223
0.985082
0.451911
0.405743
0.989582
0.846007
0.878379
0.640409
0.337242
0.922115
0.815995
0.800963
0.270696
0.939549
0.771073
0.964021
0.323363
0.0288181
0.999274
0.264477
0.0206846
0.996101
0.744046
0.748306
0.998605
0.869975
0.82443
0.989199
0.189022
0.963962
0.572658
0.981617
0.0978973
0.0950299
0.652332
0.517255
0.281753
0.958929
0.619776
0.989906
0.730196
0.999483
0.984678
0.047464
0.996987
0.996733
0.388736
0.167419
0.624521
0.904392
0.544446
0.987939
0.752529
0.0977032
0.728269
0.00256366
0.0858442
0.0199992
0.951978
0.512246
0.54336
0.999891
0.510589
0.077703
0.224412
0.971359
0.602988
0.878023
0.886489
0.549768
0.997866
0.871441
0.125492
0.922051
0.22484
0.961199
0.394354
0.132395
0.499526
0.2075
0.992602
0.535026
0.113368
0.999995
0.155647
0.999015
0.89203
0.950366
0.874292
0.999879
0.871251
0.962522
0.801117
0.791562
0.959589
0.989832
0.748947
0.776625
0.654358
0.195977
0.524709
0.537043
0.220322
0.726827
0.111217
0.25694
0.472578
0.875164
0.338851
0.0766179
0.386031
0.676014
0.406554
0.851793
0.952346
0.996337
0.775314
0.967374
0.998703
0.540066
0.85897
0.490705
0.836519
0.995043
0.656647
0.97841
0.536057
0.538475
0.221093
0.150138
0.465148
0.0698588
0.949524
0.89468
0.391123
0.674837
0.110549
0.9335
0.889486
0.802602
0.0226862
0.871334
0.134489
0.537657
0.999305
0.0514089
0.945433
0.829816
0.628029
0.22191
0.753996
0.518362
0.598229
0.433104
0.351702
0.499165
0.253625
0.785364
0.294278
0.301158
0.947819
0.0969816
0.056655
0.586408
0.837011
0.788052
0.224139
0.716372
0.885917
0.338794
0.0595211
0.139582
0.267583
0.179004
0.429778
0.156935
0.73425
0.83315
0.24166
0.43327
0.837002
0.314777
0.504882
0.999796
0.389593
0.845688
0.892487
0.29513
0.401357
0.491461
0.992925
0.111848
0.962535
0.561399
0.26485
0.775674
0.8293
0.581624
0.995972
0.434792
0.923877
0.97987
0.58039
0.628452
0.90013
0.542928
0.908241
0.75101
0.933429
0.667738
0.516334
0.816988
0.27218
0.321317
0.981601
0.875111
0.724783
0.938488
0.532801
0.077626
0.989228
0.425738
0.967251
0.710983
0.309175
0.0274417
0.747149
0.607747
0.996513
0.974851
0.56544
0.12343
0.00409003
0.561912
0.891235
0.0726656
0.123229
0.968342
0.555557
0.995977
0.914656
0.999833
0.82918
0.779
0.99874
0.113432
0.417421
0.711054
0.624204
0.784409
0.899203
0.971446
0.697054
0.992476
0.632152
0.797508
0.482368
0.9352
0.562822
0.53196
0.6835
0.993558
0.99964
0.999514
0.632406
0.928366
0.0498923
0.998821
0.130056
0.855763
0.39453
0.476163
0.00339001
0.220475
0.300522
0.740361
0.649685
0.563207
0.990003
0.732566
0.999936
0.996153
0.722412
0.823299
0.293797
0.28275
0.80394
0.682045
0.156584
0.943063
0.166735
0.820082
0.717955
0.591909
0.0979715
0.920158
0.215799
0.971776
0.931133
0.808996
0.997048
0.958692
0.710711
0.996356
0.890316
0.827487
0.21076
0.989831
0.676578
0.978859
0.756891
0.861019
0.289439
0.83615
0.0617969
0.663463
0.992258
0.479709
0.162347
0.43185
0.170758
0.761672
0.259124
0.364921
0.47889
0.96069
0.949424
0.245268
0.478868
0.219019
0.962074
0.317364
0.0990301
0.876191
0.402386
0.987557
0.766605
0.987305
0.256675
0.0701664
0.790664
0.849534
0.39786
0.548465
0.598396
0.931157
0.731327
0.64656
0.898533
0.659855
0.999747
0.91034
0.116113
0.988858
0.978584
0.999993
0.0660702
0.393116
0.978964
0.950258
0.964812
0.967847
0.551702
0.714255
0.187556
0.777024
0.840442
0.868
0.499549
0.963334
0.43314
0.223885
0.892025
0.938644
0.531926
0.725548
0.999672
0.994185
0.592877
0.0368467
0.508416
0.865603
0.957933
0.834202
0.997464
0.500344
0.133924
0.0451272
0.647445
0.0378283
0.971612
0.99859
0.382603
0.793689
0.353007
0.921431
0.816155
0.752805
0.364245
0.969782
0.619081
0.522486
0.937136
0.846273
0.487817
0.870275
0.4657
0.994722
0.72607
0.956172
0.493117
0.136142
0.946667
0.721334
0.178311
0.811985
0.972839
0.421294
0.608333
0.287887
0.738133
0.541778
0.999358
0.868251
0.567551
0.978251
0.784417
0.422108
0.987887
0.824535
0.151148
0.963182
0.0743199
0.579079
0.79301
0.963171
0.171779
0.982282
0.552161
0.958359
0.703063
0.94785
0.436507
0.659191
0.949373
0.834336
0.832366
0.301841
0.821953
0.69015
0.969876
0.872671
0.191403
0.00805472
0.0711637
0.436177
0.727489
0.952978
0.959342
0.151458
0.125603
0.768532
0.690878
0.868093
0.0881983
0.571409
0.15946
0.0478295
0.470328
0.930174
0.89409
0.908952
0.910749
0.958427
0.54665
0.871482
0.287216
0.375475
0.213785
0.9031
0.711686
0.731224
0.578276
0.19959
0.972976
0.443368
0.997788
0.801288
0.972195
0.656186
0.244202
0.164459
0.80137
0.955159
0.626192
0.992504
0.163441
0.101237
0.988587
0.543853
0.66075
0.86365
0.535661
0.973698
0.533567
0.985337
0.999643
0.912257
0.285718
0.294293
0.69169
0.16163
0.789695
0.932469
0.992705
0.577677
0.187374
0.65907
0.551458
0.964651
0.985261
0.217599
0.886598
0.293902
0.226945
0.785465
0.229417
0.987859
0.0255541
0.873869
0.0506398
0.83096
0.165864
0.800541
0.585907
0.994832
0.32929
0.560412
0.630191
0.87094
0.419413
0.996763
0.966146
0.362078
0.895238
0.982276
0.345915
0.0127642
0.755142
0.0750824
0.591845
0.243677
0.990385
0.0949039
0.434304
0.18047
0.0339122
0.771527
0.531442
0.482946
0.939227
0.918148
0.0123058
0.686599
0.62643
0.575027
0.91674
0.571442
0.881564
0.993933
0.989216
0.0759765
0.786741
0.717282
0.986015
0.0535332
0.365541
0.925367
0.923063
0.999707
0.788323
0.937471
0.341821
0.0659624
0.0659699
0.964548
0.828532
0.797065
0.719159
0.772413
0.760604
0.227919
0.528452
0.531003
0.0301852
0.937687
0.999731
0.938856
0.518494
0.829472
0.478217
0.813769
0.165289
0.983151
0.00184493
0.598934
0.684463
0.051891
0.357725
0.910125
0.0294477
0.941556
0.647384
0.41746
0.964562
0.691242
0.988764
0.0269421
0.474668
0.341211
0.454817
0.308009
0.267097
0.938901
0.44791
0.804449
0.908401
0.182069
0.827328
0.43265
0.195254
0.834084
0.998489
0.996499
0.93165
0.938699
0.100744
0.998788
0.47166
0.552683
0.0612919
0.499519
0.747935
0.999989
0.516562
0.986751
0.54263
0.828087
0.999789
0.900515
0.913929
0.625482
0.227705
0.980009
0.28907
0.090464
0.814958
0.967067
0.988135
0.861872
0.922691
0.961339
0.488508
0.738284
0.411862
0.793872
0.835
0.994674
0.458462
0.917306
0.553016
0.740428
0.758009
0.998754
0.87036
0.170845
0.958757
0.452848
0.00852656
0.999274
0.866919
0.95038
0.955332
0.944075
0.897393
0.939757
0.959521
0.813731
0.82196
0.0163266
0.369166
0.0653112
0.394827
0.722547
0.781049
0.982844
0.613147
0.831617
0.976625
0.874272
0.96598
0.21354
0.601661
0.9892
0.969291
0.444388
0.57995
0.425052
0.877976
0.777012
0.458428
0.901288
0.624021
0.845456
0.306123
0.879269
0.689228
0.9854
0.377512
0.950067
0.9478
0.797981
0.973139
0.836598
0.420231
0.677996
0.0619033
0.914475
0.124734
0.992197
0.825475
0.584552
0.99934
0.482985
0.578284
0.764892
0.603665
0.82801
0.996964
0.972452
0.97881
0.925289
0.854058
0.978566
0.752793
0.896759
0.141029
0.3489
0.71858
0.74959
0.51278
0.0867568
0.17569
0.137397
0.00952749
0.858673
0.768311
0.801393
0.999652
0.564691
0.831302
0.61132
0.975864
0.989931
0.626567
0.0843192
0.914622
0.515285
0.993137
0.790262
0.898081
0.959293
0.98942
0.992588
0.734529
0.215581
0.715064
0.997419
0.271212
0.106067
0.339158
0.572332
0.213693
0.410621
0.850724
0.947426
0.944245
0.813887
0.462816
0.103297
0.730444
0.740637
0.348022
0.111696
0.933574
0.470384
0.470354
0.506801
0.63188
0.894344
0.787317
0.864485
0.248305
0.91126
0.185612
0.998579
0.835582
0.881225
0.405363
0.505915
0.980707
0.267075
0.312627
0.585482
0.836353
0.201892
0.325985
0.585682
0.923834
0.821478
0.346725
0.998663
0.378398
0.962577
0.638499
0.956956
0.880822
0.784146
0.172487
0.172323
0.962771
0.631702
0.164983
0.909339
0.413352
0.481906
0.980713
0.640614
0.954143
0.942339
0.509908
0.995985
0.178538
0.964835
0.0280265
0.0461701
0.415373
0.395389
0.0627369
0.930716
0.972609
0.995427
0.279001
0.737973
0.997693
0.514076
0.399112
0.906843
0.242344
0.850553
0.206018
0.608316
0.904915
0.152383
0.778358
0.376229
0.997701
0.952343
0.999173
0.963272
0.769012
0.23854
0.426873
0.977689
0.553756
0.980502
0.957248
0.813081
0.997125
0.17075
0.147341
0.999793
0.958897
0.231614
0.0267869
0.666171
0.769667
0.999981
0.467801
0.683348
0.904083
0.166258
0.29904
0.711628
0.932793
0.313773
0.941548
0.404056
0.00766108
0.225764
0.0579013
0.834914
0.406053
0.961117
0.995561
0.777152
0.377284
0.147405
0.532069
0.922979
0.999055
0.964065
0.300316
0.98375
0.970987
0.967178
0.997182
0.771086
0.695909
0.178462
0.176556
0.268884
0.843687
0.992732
0.954471
0.643224
0.0256846
0.860859
0.631078
0.303966
0.992136
0.584823
0.197971
0.844725
0.146719
0.524619
0.316389
0.875756
0.698433
0.982975
0.320935
0.75205
0.991221
0.980147
0.683867
0.0961451
0.951764
0.978548
0.23102
0.0349206
0.864979
0.207455
0.253158
0.974743
0.967705
0.212826
0.151189
0.908122
0.668367
0.989507
0.479385
0.993753
0.952334
0.522225
0.918669
0.0356181
0.206442
0.179218
0.851648
0.287913
0.909093
0.573628
0.877104
0.285756
0.994931
0.395581
0.564746
0.346524
0.70138
0.482816
0.96414
0.597885
0.999054
0.571739
0.616309
0.999108
0.978004
0.735244
0.757232
0.128914
0.954994
0.920193
0.957997
0.039819
0.00474801
0.104974
0.0324783
0.990931
0.849069
0.674539
0.229736
0.951639
0.268162
0.719299
0.411735
0.550262
0.937521
0.0479272
0.984512
0.0916665
0.899044
0.929951
0.477164
0.448527
0.996037
0.823094
0.779423
0.759506
0.999998
0.321438
0.936989
0.451331
0.986836
0.247934
0.386881
0.907775
0.339107
0.95647
0.568953
0.501936
0.136252
0.757953
0.884897
0.749549
0.907863
0.586928
0.841055
0.880044
0.315231
0.947843
0.743596
0.205715
0.746006
0.242791
0.862109
0.626547
0.700494
0.992219
0.265678
0.437338
0.9568
0.471931
0.248727
0.207116
0.99992
0.302713
0.14734
0.325164
0.966772
0.0819378
0.99854
0.455996
0.95695
0.398386
0.972809
0.774315
0.114831
0.497615
0.987345
0.587303
0.265325
0.665105
0.966137
0.487345
0.60442
0.727809
0.305448
0.862409
0.473852
0.944385
0.827445
0.99802
0.882724
0.477655
0.998279
0.753854
0.935253
0.867741
0.519152
0.719616
0.186142
0.824507
0.948404
0.998218
0.380124
0.0404758
0.30431
0.973552
0.134342
0.176013
0.822438
0.898421
0.570592
0.996912
0.883815
0.613986
0.774749
0.508666
0.779124
0.455937
0.0330111
0.154169
0.45812
0.24999
0.922709
0.845913
0.0792987
0.174461
0.289083
0.0242826
0.520533
0.449512
0.994174
0.514452
0.550973
0.0144534
0.640014
0.99952
0.346065
0.757519
0.985328
0.441732
0.68362
0.999815
0.999053
0.941121
0.994049
0.443576
0.628803
0.486703
0.121042
0.893183
0.884609
0.684928
0.14137
0.344668
0.262409
0.985398
0.678292
0.998555
0.50936
0.877944
0.742356
0.344737
0.909847
0.311768
0.110731
0.110042
0.673023
0.993521
0.832298
0.227511
0.988692
0.973975
0.816611
0.98257
0.100752
0.431788
0.803713
0.926876
0.99919
0.257264
0.328467
0.898548
0.571446
0.999375
0.728048
0.285528
0.554183
0.0543351
0.210322
0.653345
0.999996
0.0578831
0.926919
0.303472
0.490312
0.982208
0.221776
0.546563
0.987009
0.988282
0.0444714
0.939585
0.706406
0.862721
0.670646
0.553498
0.79175
0.73735
0.999724
0.894633
0.991918
0.314927
0.529495
0.410787
0.344761
0.958796
0.500039
0.139963
0.239405
0.963962
0.99923
0.883073
0.625602
0.840042
0.966507
0.753461
0.895085
0.70685
0.670003
0.900588
0.710489
0.999784
0.195256
0.940759
0.89186
0.412698
0.530905
0.991586
0.886452
0.475568
0.149571
0.653085
0.945666
0.776119
0.947751
0.0519127
0.962463
0.96757
0.97059
0.979555
0.946364
0.775267
0.369744
0.487519
0.959169
0.589394
0.751011
0.0657896
0.995618
0.486449
0.946223
0.0125936
0.39781
0.990438
0.999129
0.964166
0.0987496
0.950077
0.758489
0.415676
0.967438
0.97153
0.510781
0.238246
0.928525
0.0712703
0.47965
0.961296
0.889364
0.463726
0.682865
0.946834
0.424953
0.88287
0.837863
0.299853
0.568997
0.941026
0.271278
0.104879
0.565334
0.362848
0.925791
0.172319
0.564604
0.869779
0.00194271
0.999487
0.804198
0.0886811
0.996179
0.991381
0.470942
0.680581
0.325823
0.702637
0.954613
0.381271
0.890533
0.75715
0.627984
0.962408
0.557432
0.874938
0.971326
0.690293
0.831353
0.560287
0.990827
0.633984
0.972085
0.863428
0.965119
0.0714652
0.0143329
0.808243
0.999998
0.96792
0.650821
0.0747764
0.823263
0.442898
0.968804
0.885976
0.89145
0.966819
0.68216
0.538872
0.123962
0.746247
0.299734
0.994718
0.98736
0.229033
0.344937
0.909938
0.796564
0.996353
0.947897
0.661474
0.41264
0.588269
0.942093
0.82672
0.640882
0.909942
0.135715
0.97446
0.790934
0.471048
0.826036
0.890573
0.761367
0.759788
0.14806
0.738727
0.155139
0.514714
0.964757
0.92211
0.714713
0.8225
0.804897
0.394442
0.240028
0.998005
0.597807
0.26306
0.940784
0.626581
0.963678
0.0586443
0.89194
0.848144
0.677469
0.321638
0.958361
0.755472
0.594227
0.834089
0.940136
0.99777
0.80559
0.542586
0.0578013
0.999946
0.887498
0.673111
0.469632
0.403139
0.0545454
0.923541
0.404223
0.762654
0.771528
0.907548
0.838144
0.0508306
0.837383
0.951841
0.572207
0.937544
0.861162
0.325519
0.975202
0.822494
0.982628
0.101283
0.945332
0.823257
0.719386
0.0274917
0.985983
0.201713
0.676666
0.965286
0.0262817
0.324238
0.959923
0.325886
0.110278
0.974448
0.24277
0.818901
0.509589
0.991151
0.503584
0.963366
0.956616
0.137024
0.034318
1
0.507996
0.683388
0.693618
0.97406
0.637976
0.80434
0.149029
0.333731
0.999606
0.545087
0.930103
0.256627
0.993056
0.997581
0.903075
0.502035
0.823831
0.678758
0.86166
0.844919
0.798187
0.237764
0.820899
0.993262
0.394813
0.135531
0.983949
0.84199
0.948472
0.316328
0.694745
0.265132
0.639241
0.999804
0.38315
0.996021
0.906354
0.899486
0.00431753
0.853038
0.279381
0.743508
0.964892
0.992722
0.850668
0.160338
0.951175
0.833712
0.954144
0.48995
0.999173
0.51595
0.99745
0.998336
0.471945
0.095339
0.958508
0.976152
0.999881
0.0812947
0.895474
0.456602
0.875561
0.476823
0.987311
0.221744
0.0292953
0.783083
0.589473
0.70251
0.867599
0.38193
0.862891
0.642777
0.957209
0.94927
0.66493
0.887176
0.182105
0.250276
0.365625
0.999557
0.500075
0.948377
0.310404
0.991371
0.829654
0.173352
0.27206
0.974121
0.998403
0.846578
0.161297
0.713214
0.903321
0.841075
0.962191
0.714999
0.105568
0.65292
0.67998
0.995584
0.999546
0.538503
0.135436
0.824314
0.919745
0.160413
0.416106
0.300121
0.816723
0.307389
0.337778
0.708359
0.655265
0.997632
0.79514
0.0970864
0.0471324
0.890394
0.845612
0.997317
0.969785
0.94546
0.922124
0.766934
0.991073
0.700591
0.675818
0.0433878
0.186876
0.611123
0.88648
0.40678
0.387196
0.244485
0.500629
0.973171
0.204701
0.269372
0.998758
0.886614
0.68706
0.840415
0.699755
0.980257
0.188013
0.939057
0.866249
0.964308
0.802137
0.80456
0.509146
0.450145
0.80985
0.991528
0.686805
0.596221
0.00213088
0.99859
0.0691259
0.604394
0.998057
0.99249
0.996021
0.505092
0.72435
0.994397
0.999648
0.424003
0.0142677
0.616028
0.826991
0.140327
0.921632
0.606888
0.18826
0.206971
0.082971
0.13437
0.0169693
0.939098
0.644534
0.243222
0.0440172
0.355715
0.837902
0.563124
0.367793
0.554771
0.213392
0.99074
0.954704
0.997812
0.999996
0.0915131
0.959482
0.686433
0.984888
0.730238
0.845967
0.296793
0.981758
0.99299
0.645718
0.972836
0.321586
0.217884
0.667163
0.819706
0.0671988
0.000161179
0.95003
0.058492
0.435066
0.153414
0.587071
0.387794
0.93911
0.999121
0.0392334
0.448849
0.37437
0.960803
0.253305
0.677619
0.923524
0.249052
0.997922
0.646487
0.694533
0.838466
0.892573
0.780367
0.127673
0.765479
0.736
0.451565
0.82153
0.997401
0.201553
0.270819
0.157702
0.967606
0.365952
0.075711
0.938428
0.852937
0.949956
0.598233
0.538058
0.53783
0.370869
0.510015
0.654146
0.140078
0.26737
0.544145
0.153835
0.910811
0.969203
0.937041
0.946936
0.720648
1
0.771872
0.501296
0.358677
0.138288
0.991517
0.661731
0.589489
0.609248
0.95022
0.801941
0.147401
0.49566
0.0973424
0.962294
0.291857
0.865509
0.986142
0.762864
0.953778
0.946964
0.418924
0.533675
0.656396
0.878026
0.591599
0.933007
0.374066
0.800785
0.846634
0.740507
0.755981
0.367555
0.989929
0.522223
0.242742
0.0864495
0.307081
0.0769318
0.797412
0.976253
0.348724
0.462757
0.722481
0.644179
0.516551
0.759981
0.0500652
0.00179503
0.774489
0.778407
0.759768
0.979818
0.983898
0.660629
0.620098
0.457848
0.506816
0.508464
0.33869
0.714503
0.919483
0.981654
0.999915
0.203792
0.62725
0.641348
0.959299
0.900633
0.992492
0.919799
0.814149
0.23593
0.998197
0.222797
0.863564
0.551731
0.59407
0.911019
0.433361
0.193418
0.842073
0.0845994
0.961529
0.941163
0.935008
0.562097
0.797092
0.656803
0.991852
0.425958
0.931272
0.978645
0.448554
0.186256
0.864644
0.235966
0.617529
0.300863
0.918276
0.985179
0.494352
0.998588
0.999786
0.884764
0.557436
0.777978
0.99998
0.710963
0.9127
0.976811
0.99933
0.0949636
0.00615989
0.935496
0.892485
0.811923
0.56669
0.800609
0.701794
0.783487
0.304163
0.714733
0.596277
0.841219
0.460501
0.778954
0.926528
0.740506
0.605244
0.202173
0.549334
0.701928
0.850644
0.283039
0.515322
0.741095
0.539085
0.405093
0.302295
0.600128
0.735065
0.685109
0.934519
0.259626
0.327031
0.538685
0.969776
0.999738
0.545589
0.574932
0.958805
0.545622
0.404116
0.343454
0.779985
0.337554
0.325168
0.43939
0.536999
0.846369
0.010293
0.473198
0.374678
0.708474
0.0637658
0.336382
0.871246
0.253402
0.752616
0.950011
0.00408372
0.976316
0.298492
0.881701
0.981736
0.999996
0.137168
0.778691
0.333314
0.760286
0.950489
0.954476
0.185588
0.396787
0.429147
0.623076
0.790492
0.199748
0.92062
0.0498325
0.997001
0.382717
0.25508
0.834248
0.32511
0.294639
0.758734
0.951238
0.905436
0.0360063
0.734188
0.984634
0.414298
0.979809
0.0820926
0.397672
0.930502
0.787449
0.347885
0.369648
0.853514
0.545714
0.805633
0.797952
0.949362
0.92667
0.999994
0.958853
0.354773
0.655941
0.893277
0.988845
0.399323
0.826744
0.433476
0.799613
0.372437
0.996185
0.972826
0.0931898
0.999718
0.418326
0.950579
0.98685
0.999991
0.639074
0.874626
0.761613
0.579382
0.387752
0.0520881
0.720003
0.823444
0.374293
0.984183
0.928199
0.102279
0.398824
0.435368
0.0701174
0.309581
0.646937
0.822429
0.907947
0.968818
0.00229487
0.987868
0.36261
0.999849
0.175807
0.9312
0.169979
0.877633
0.263572
0.710851
0.364935
0.876017
0.515436
0.00362472
0.976468
0.181705
0.370783
0.838051
0.913209
0.664279
0.571876
0.688525
0.925872
0.263131
0.0782933
0.385828
0.380051
0.506596
0.188433
0.989821
0.410613
0.904552
0.407289
0.729701
0.61365
0.988216
0.980043
0.893772
0.474315
0.995442
0.00276395
0.251077
0.351942
0.526511
0.973538
0.983494
0.77841
0.980006
0.783958
0.927219
0.626226
0.569787
0.304921
0.634136
0.951762
0.0716119
0.966661
0.286869
0.732659
0.89057
0.188118
0.307022
0.930574
0.956325
0.987344
0.0537581
0.00422861
0.931571
0.600483
0.448333
0.0165464
0.387957
0.97208
0.310358
0.693686
0.992549
0.306732
0.497505
0.709144
0.419362
0.986944
0.918631
0.441889
0.109443
0.89789
0.25135
0.995172
0.999996
0.974784
0.969947
0.617478
0.937651
0.999981
0.622862
0.145075
0.0696923
0.981429
0.749314
0.551058
0.164783
0.789905
0.973204
0.268919
0.0962023
0.582191
0.258342
0.523305
0.536206
0.414881
0.943976
0.785337
0.870721
0.554235
0.512499
0.937367
0.764606
0.53708
0.974274
0.131309
0.122942
0.778555
0.0496723
0.731205
0.70133
0.37993
0.531344
0.994834
0.410693
0.997766
0.406211
0.987368
0.810901
0.450497
0.90161
0.440782
0.500572
0.370027
0.442099
0.984423
0.785493
0.991497
0.855449
0.711236
0.0029341
0.60172
0.775619
0.292971
0.453643
0.706658
0.981082
0.809102
0.861531
0.929022
0.99473
0.263595
0.0672279
0.709647
0.676324
0.0592369
0.32743
0.977139
0.336869
0.457342
0.772373
0.910138
0.998172
0.883355
0.791106
0.96908
0.685593
0.321215
0.563896
0.986291
0.999313
0.286857
0.901116
0.022292
0.599926
0.933274
0.2122
0.220144
0.336387
0.0200092
0.695363
0.642975
0.196389
0.217388
0.320837
0.770838
0.210565
0.361657
0.941766
0.758841
0.519161
0.864696
0.998826
0.600699
0.818495
0.987556
0.0490945
0.772582
0.990229
0.987693
0.345189
0.211045
0.573645
0.47199
0.692418
0.574706
0.62491
0.870629
0.901311
0.551884
0.524564
0.938921
0.981983
0.546954
0.897565
0.923595
0.586275
0.270263
0.679203
0.937194
0.613392
0.0324896
0.939151
0.938018
0.32735
0.591386
0.963081
0.999906
0.330915
0.438101
0.368144
0.614184
0.985476
0.400234
0.176216
0.286739
0.668813
0.63967
0.208866
0.662175
0.897423
0.986741
0.996213
0.60393
0.984331
0.646401
0.98868
0.913822
0.64446
0.4192
0.0920576
0.994513
0.109452
0.935499
0.583042
0.998819
0.45761
0.952192
0.0758109
0.759108
0.978976
0.93156
0.967664
0.995049
0.928624
0.224168
0.46616
0.614825
0.926951
0.62826
0.823705
0.861902
0.921309
0.296616
0.0566444
0.0996048
0.779124
0.986467
0.330043
0.0591094
0.772143
0.846088
0.244675
0.873676
0.390997
0.142543
0.357235
0.609178
0.695349
0.290443
0.121437
0.595091
0.996694
0.91772
0.99103
0.0154958
0.873405
0.905478
0.965547
0.288971
0.475342
0.0982651
0.147235
0.439031
0.940402
0.958601
0.117276
0.895384
0.695041
0.952165
0.834671
0.581879
0.981099
0.196982
0.276737
0.116635
0.291912
0.735497
0.518145
0.571343
0.923973
0.975828
0.999907
0.0629383
0.445975
0.7354
0.999791
0.823959
0.144623
0.96246
0.949611
0.157595
0.991493
0.959847
0.914103
0.450443
0.474641
0.452691
0.673306
0.931505
0.50148
0.140877
0.770427
0.101709
0.944706
0.855503
0.169478
0.622628
0.381132
0.280639
0.985396
0.299368
0.734325
0.793825
0.61241
0.270081
0.146515
0.999664
0.739596
0.0300891
0.69095
0.575627
0.518422
0.267395
0.875295
0.565754
0.956834
0.848161
0.142064
0.748582
0.2752
0.999911
0.486367
0.120329
0.80848
0.716168
0.801903
0.416696
0.152275
0.90097
0.807638
0.166658
0.103599
0.582474
0.971733
0.353312
0.943044
0.916836
0.947488
0.745095
0.873656
0.380727
0.983144
0.894414
0.517216
0.943923
0.178142
0.993842
0.960745
0.996507
0.509068
0.774925
0.0793287
0.346841
0.841287
0.804184
0.887728
0.643906
0.197621
0.364269
0.806057
0.236106
0.397394
0.676431
0.210241
0.977124
0.124694
0.990874
0.752249
0.887166
0.107762
0.725707
0.520973
0.922153
0.866609
0.969959
0.894786
0.735255
0.343672
0.83926
0.0837956
0.908602
0.84478
0.674647
0.0720158
0.51014
0.518027
0.749396
0.997012
0.685983
0.767521
0.982353
0.596249
0.995568
0.0410562
0.999928
0.827237
0.979362
0.956488
0.999975
0.914557
0.997646
0.980377
0.711908
0.0766483
0.959401
0.852377
0.381548
0.966563
0.801898
0.690852
0.909186
0.275839
0.0629179
0.127358
0.879401
0.132547
0.849048
0.947757
0.61785
0.941897
0.709503
0.048857
0.988993
0.00223846
0.248673
0.873676
0.881225
0.403381
0.403361
0.244072
0.0350053
0.832783
0.737447
0.458654
0.392196
0.614602
0.294519
0.0887228
0.713496
0.355652
0.970463
0.138719
0.972957
0.530443
0.186845
0.909807
0.26578
0.995143
0.32097
0.0616817
0.988989
0.184388
0.574673
0.703286
0.909927
0.914342
0.973971
0.733706
0.422455
0.964286
0.761553
0.128702
0.352063
0.410828
0.950192
0.861343
0.887376
0.137893
0.985539
0.99324
0.995881
0.974948
0.0406643
0.70813
0.515707
0.966701
0.889228
0.579385
0.104212
0.973041
0.816452
0.18958
0.934849
0.1828
0.73581
0.633939
0.852949
0.352367
0.65853
0.788618
0.687315
0.463688
0.130148
0.914061
0.873299
0.471461
0.424622
0.00228168
0.761945
0.469006
0.944358
0.402733
0.0832719
0.997703
0.972093
0.811059
0.657453
0.284443
0.521718
0.060648
0.851511
0.244304
0.0761691
0.0429319
0.427376
0.665651
0.915749
0.386139
0.741377
0.576391
0.461641
0.482292
0.622487
0.985536
0.640543
0.222371
0.673467
0.581586
0.42429
0.991345
0.605938
0.290171
0.229646
0.326012
0.104355
0.058722
0.25406
0.999777
0.598058
0.900668
0.291932
0.973134
0.999697
0.000220594
0.742656
0.973748
0.254119
0.36517
0.381054
0.931669
0.971528
0.771798
0.0457874
0.274269
0.523267
0.89065
0.71811
0.921506
0.759151
0.73198
0.978022
0.885195
0.947686
0.803397
0.848623
0.42051
0.543361
0.680262
0.092196
0.639815
0.613974
0.752416
0.852627
0.724536
0.717693
0.551542
0.983534
0.386046
0.370699
0.243409
0.814343
0.99959
0.0814916
0.0926131
0.00901115
0.999006
0.553365
0.563413
0.611026
0.995452
0.825703
0.955249
0.492305
0.856571
0.202784
0.0424559
0.294877
0.902386
0.322751
0.633699
0.998348
0.150641
0.890535
0.620627
0.222049
0.633619
0.710539
0.849371
0.734214
0.851465
0.786889
0.118299
0.93575
0.733563
0.920156
0.536133
0.614216
0.154952
0.946702
0.557726
0.952745
0.582709
0.0958874
0.99596
0.943415
0.332159
0.999149
0.0502576
0.314977
0.603189
0.701207
0.343043
0.46044
0.128499
0.993676
0.859213
0.648842
0.789048
0.760816
0.979992
0.830888
0.848756
0.365759
0.0781954
0.996962
0.131704
0.016991
0.632711
0.971853
0.891565
0.256267
0.554509
0.358629
0.38147
0.206144
0.859666
0.862084
0.370675
0.962733
0.905047
0.259993
0.508344
0.149828
0.839901
0.374783
0.662807
0.390586
0.301907
0.58273
0.986795
0.996087
0.268835
0.782728
0.973905
0.963117
0.766374
0.999599
0.888719
0.973744
0.507337
0.926593
0.933435
0.940779
0.440396
0.461286
0.999961
0.999831
0.825843
0.251361
0.955116
0.813419
0.794121
0.796173
0.470134
0.766037
0.137537
0.966371
0.142226
0.853499
0.612654
0.735155
0.578231
0.992007
0.944108
0.277374
0.938697
0.477384
0.855919
0.194334
0.992825
0.848191
0.741827
0.145439
0.994862
0.624378
0.420809
0.997776
0.742879
0.523282
0.898413
0.91823
0.968133
0.827179
0.83175
0.768358
0.799927
0.951714
0.759364
0.257048
0.636186
0.926307
0.99761
0.74742
0.836887
0.71947
0.507191
0.988736
0.5438
0.513718
0.665783
0.547202
0.990266
0.880717
0.730168
0.0832703
0.993542
0.877254
0.623388
0.87563
0.999599
0.953907
0.935753
0.211327
0.996259
0.985412
0.682522
0.146983
0.177645
0.278031
0.301756
0.986365
0.823336
0.355328
0.922392
0.86657
0.695165
0.999575
0.602402
0.857343
0.622996
0.583842
0.147434
0.673849
0.838456
0.622682
0.396147
0.991927
0.718724
0.2648
0.179462
0.0749963
0.999799
0.877394
0.461693
0.922546
0.96933
0.855965
0.969202
0.814832
0.685977
0.442038
0.405622
0.250781
0.819125
0.783189
0.155576
0.400531
0.891923
0.599549
0.00322112
0.0121698
0.880935
0.977507
0.0467468
0.921308
0.62095
0.988042
0.973587
0.905222
0.823484
0.964041
0.592783
0.0996998
0.0153103
0.844776
0.998715
0.896352
0.986627
0.869367
0.967118
0.731268
0.948238
0.207702
0.642179
0.796222
0.111273
0.821609
0.0863693
0.869081
0.0534402
0.482272
0.0578102
0.565613
0.646108
0.0979724
0.0440356
0.999914
0.178615
0.592868
0.956674
0.533553
0.636584
0.849893
0.899649
0.851457
0.815636
0.861674
0.379384
0.873782
0.934623
0.265132
0.383548
0.380224
0.211139
0.850995
0.0704241
0.640926
0.759243
0.89175
0.753989
0.905891
0.327228
0.786176
0.904462
0.339378
0.971101
0.266255
0.753089
0.960207
0.613857
0.275676
0.210256
0.495217
0.345332
0.763043
0.825585
0.997219
0.889453
0.843262
0.989518
0.913669
0.808848
0.784166
0.827415
0.825204
0.274667
0.0962496
0.891656
0.306089
0.0191769
0.474212
0.896669
0.867668
0.56511
0.980381
0.288787
0.999982
0.73198
0.349677
0.960754
0.498803
0.972505
0.957757
0.589833
0.962614
0.218038
0.990706
0.861904
0.465745
0.940852
0.326931
0.927304
0.118108
0.284231
0.845255
0.119034
0.676578
0.998854
0.879688
0.987444
0.128842
0.702898
0.233726
0.905527
0.0377779
0.892539
0.933106
0.590977
0.0428255
0.675075
0.430439
0.964394
0.406645
0.73561
0.365709
0.259694
0.873885
0.653243
0.693911
0.864399
0.999433
0.99181
0.959742
0.647228
0.971624
0.856035
0.453827
0.97658
0.692966
0.436263
0.828395
0.958983
0.752098
0.797267
0.00803124
0.834328
0.799175
0.852026
0.063961
0.835244
0.975141
0.402618
0.206649
0.725485
0.794225
0.282781
0.00126134
0.975946
0.0552047
0.883832
0.781037
0.734645
0.342341
0.964807
0.921724
0.172383
0.919381
0.454435
0.993352
0.248818
0.520218
0.521151
0.241951
0.300099
0.838904
0.0913183
0.101666
0.522521
0.870096
0.256756
0.244759
0.126643
0.147129
0.349608
0.837077
0.614532
0.0540048
0.519771
0.970875
0.219719
0.716571
0.999764
0.991075
0.84443
0.442479
0.847835
0.34284
0.603608
0.17757
0.558333
0.876433
0.535312
0.709553
0.645051
0.405829
0.485651
0.639895
0.574971
0.983362
0.981419
0.769049
0.212351
0.473674
0.958189
0.862141
0.999861
0.642769
0.977869
0.137107
0.935728
0.517871
0.616901
0.989767
0.240022
0.826058
0.999954
0.610921
0.788347
0.5987
0.674581
0.182867
0.274928
0.0480428
0.978185
0.747439
0.598348
0.663963
0.937233
0.0559159
0.384955
0.0155507
0.728393
0.597227
0.32739
0.651354
0.293985
0.0868884
0.999759
0.924519
0.999429
0.287094
0.914964
0.897106
0.929779
0.993113
0.0436049
0.881311
0.761662
0.541928
0.571171
0.61651
0.324746
0.418862
0.662778
0.972694
0.355344
0.914851
0.820557
0.268785
0.949522
0.789561
0.0514243
0.691455
0.985743
0.996022
0.629589
0.974904
0.264821
0.693797
0.300401
0.999143
0.556158
0.776638
0.494767
0.939489
0.934278
0.260624
0.999988
0.730957
0.387412
0.201481
0.999651
0.718044
0.243341
0.876406
0.236984
0.64934
0.10005
0.72367
0.752887
0.763927
0.0901316
0.974348
0.0593795
0.0800189
0.997994
0.551223
0.151442
0.912286
0.996211
0.0637814
0.70016
0.381847
0.999451
0.882356
0.805896
0.86677
0.97908
0.0554514
0.502826
0.7031
0.611564
0.693055
0.412495
0.951771
0.108097
0.239375
0.835462
0.980308
0.345135
0.14625
0.994215
0.823375
0.859699
0.260844
0.996565
0.722136
0.27139
0.074929
0.0970732
0.59088
0.944233
0.0700143
0.981281
0.872971
0.236479
0.705994
0.47383
0.944856
0.414961
0.600905
0.177708
0.573002
0.225161
0.673109
0.481332
0.212109
0.914225
0.0607984
0.249
0.44208
0.355848
0.999209
0.977054
0.737592
0.680532
0.0238921
0.339529
0.576482
0.455199
0.553484
0.802258
0.855662
0.201187
0.907051
0.213915
0.95366
0.947127
0.992953
0.924079
0.914326
0.698681
0.858206
0.98206
0.498022
0.217769
0.510138
0.472597
0.770941
0.982334
0.975229
0.846739
0.719773
0.904723
0.280558
0.747256
0.999511
0.718363
0.245356
0.753714
0.179813
0.658742
0.986878
0.495479
0.981178
0.473961
0.802295
0.657872
0.0846659
0.15091
0.615615
0.979351
0.179794
0.686476
0.731949
0.988653
0.66913
0.11849
0.601187
0.420754
0.157404
0.997745
0.407485
0.883978
0.830908
0.563556
0.690354
0.956647
0.984236
0.210017
0.643507
0.561069
0.0733978
0.165577
0.990702
0.642677
0.883032
0.115276
0.610752
0.676207
0.0303776
0.684081
0.573218
0.661346
0.956246
0.253676
0.617462
0.227066
0.233381
0.55289
0.937856
0.955756
0.847445
0.999817
0.829884
0.742802
0.64257
0.968279
0.781213
0.841831
0.986867
0.0353466
0.899412
0.0706682
0.696941
0.88101
0.780633
0.845431
0.894081
0.876154
0.859825
0.853428
0.393683
0.71486
0.246497
0.662663
0.794102
0.964108
0.465691
0.358654
0.821772
0.999901
0.740827
0.958927
0.723806
0.0832942
0.636693
0.135005
0.0151776
0.60509
0.853957
0.489471
0.988851
0.378406
0.992302
0.586331
0.938025
0.308163
0.858947
0.860953
0.219598
0.682306
0.519573
0.888927
0.839423
0.641274
0.995878
0.933749
0.60193
0.766184
0.885502
0.998905
0.572562
0.329456
0.312028
0.568773
0.989503
0.719281
0.36482
0.871813
0.686265
0.86161
0.810583
0.851067
0.97287
0.317477
0.981731
0.983135
0.497009
0.404197
0.576093
0.934059
0.996738
0.60876
0.979258
0.684602
0.286286
0.919859
0.244093
0.812671
0.841
0.98306
0.995638
0.00832465
0.564402
0.946735
0.102759
0.985598
0.639957
0.0203237
0.305994
0.574187
0.990272
0.995289
0.615257
0.857171
0.736919
0.805073
0.990158
0.319904
0.920208
0.23853
0.786108
0.986622
0.482875
0.973685
0.996314
0.956951
0.722567
0.927247
0.900276
0.890379
0.343432
0.995043
0.996738
0.00731907
0.507354
0.341437
0.538497
0.813179
0.972895
0.88303
0.529233
0.309259
0.473818
0.354964
0.0253882
0.861752
0.931423
0.216598
0.833484
0.97241
0.63011
0.273248
0.557307
0.231481
0.998662
0.0976609
0.133537
0.993456
0.858919
0.067575
0.26453
0.978523
0.19979
0.771307
0.957552
0.325577
0.774087
0.210212
0.749234
0.828737
0.943602
0.987194
0.21569
0.84969
0.0744962
0.137124
0.388538
0.891474
0.97148
0.881665
0.643745
0.524458
0.890994
0.616246
0.297567
0.631385
0.22542
0.739863
0.797933
0.798682
0.457457
0.807683
0.897706
0.987465
0.751094
0.655404
0.999945
0.366905
0.314126
0.981955
0.756311
0.731615
0.16899
0.972795
0.0452697
0.970014
0.828769
0.769548
0.0631594
0.640586
0.991872
0.377682
0.6796
0.727927
0.752197
0.993927
0.810869
0.994138
0.944893
0.606081
0.744556
0.999905
0.764117
0.990658
0.00463557
0.73229
0.0561989
0.820694
0.998816
0.94797
0.762497
0.488836
0.712967
0.950553
0.985294
0.495977
0.866482
0.136368
0.346432
0.522923
0.950238
0.767582
0.786687
0.63908
0.389582
0.188614
0.471049
0.661771
0.828392
0.390837
0.997429
0.79395
0.125956
0.978626
0.965116
0.925275
0.520389
0.418391
0.985299
0.82189
0.428321
0.897075
0.132061
0.516878
0.495471
0.892372
0.873876
0.0965476
0.631154
0.301617
0.0842655
0.394599
0.852115
0.906876
0.0268192
0.98262
0.862154
0.957808
0.182152
0.806511
0.30609
0.992541
0.202288
0.400436
0.998884
0.893441
0.76196
0.332074
0.796442
0.967621
0.967803
0.960338
0.160523
0.621189
0.999042
0.920017
0.960206
0.785808
0.359975
0.994572
0.841599
0.79708
0.139571
0.525563
0.637119
0.434614
0.913635
0.98733
0.978276
0.804262
0.961641
0.302723
0.836836
0.884599
0.864343
0.868043
0.867268
0.405579
0.436175
0.735078
0.270212
0.440082
0.733737
0.0291174
0.753026
0.487535
0.842794
0.0568087
0.0747384
0.156547
0.824204
0.826802
0.992844
0.494585
0.183873
0.865152
0.902829
0.734754
0.788661
0.423959
0.998664
0.959014
0.920605
0.911158
0.432337
0.948972
0.213074
0.34602
0.792741
0.857401
0.389732
0.104844
0.319172
0.692685
0.89787
0.513073
0.881438
0.563978
0.996354
0.919618
0.707674
0.533366
0.351695
0.6468
0.0436324
0.176201
0.971286
0.994613
0.677301
0.433731
0.967212
0.652445
0.999744
0.986102
0.744965
0.612937
0.516822
0.754546
0.265853
0.986381
0.999998
0.9948
0.999462
0.973353
0.510276
0.620462
0.0063709
0.726579
0.988714
0.947347
0.0881729
0.0428227
0.107002
0.00520174
0.4589
0.190752
0.862382
0.958662
0.912999
0.476733
0.0332327
0.668358
0.447136
0.786331
0.98829
0.519162
0.651167
0.967622
0.113761
0.947768
0.26752
0.785599
0.942667
0.0578531
0.587311
0.14608
0.872743
0.584025
0.765618
0.126388
0.965762
0.965053
0.748648
0.654008
0.926822
0.326367
0.911562
0.672772
0.271071
0.340555
0.996688
0.424668
0.51936
0.265549
0.737776
0.748597
0.482985
0.91925
0.471073
0.999584
0.975692
0.987517
0.7891
0.998984
0.285385
0.0201867
0.841984
0.417089
0.992611
0.989312
0.159601
0.989921
0.510368
0.952463
0.936257
0.0187099
0.89937
0.964999
0.232841
0.94714
0.101293
0.893988
0.996707
0.915207
0.164673
0.449979
0.259256
0.304588
0.702708
0.0896344
0.726993
0.919673
0.225993
0.671808
0.589979
0.325625
0.0688597
0.947104
0.941699
0.0259189
0.949878
0.766783
0.946328
0.998116
0.962738
0.718137
0.674279
0.348738
0.322126
0.556462
0.0518167
0.418901
0.854259
0.465632
0.780874
0.64685
0.977548
0.426298
0.994893
0.844409
0.263697
0.999096
0.896036
0.993385
0.909507
0.682458
0.908979
0.196598
0.754579
0.678799
0.54515
0.223388
0.731024
0.0726838
0.708506
0.266389
0.851263
0.365352
0.00772842
0.916934
0.447492
0.0244547
0.300586
0.548594
0.811801
0.644603
0.00862983
0.702793
0.675836
0.93786
0.367029
0.712981
0.654994
0.881778
0.199781
0.70338
0.976127
0.501824
0.897746
0.444106
0.749396
0.242725
0.912977
0.951102
0.956991
0.0915417
0.765327
0.922244
0.977592
0.732164
0.59835
0.059582
0.0555719
0.572658
0.310831
0.572325
0.914579
0.75924
0.999227
0.312092
0.870927
0.890191
0.995236
0.479395
0.999998
0.69313
0.376672
0.816115
0.6833
0.787538
0.998857
0.628417
0.267432
0.995722
0.17198
0.997411
0.00837255
0.0108245
0.165603
0.581096
0.802211
0.216655
0.953177
0.974909
0.684078
0.990701
0.692921
0.344345
0.412142
0.988368
0.977916
0.942532
0.958733
0.739822
0.942152
0.948445
0.59111
0.122188
0.868712
0.675159
0.94739
0.380776
0.999337
0.69687
0.987437
0.856993
0.218859
0.162234
0.544648
0.023956
0.767759
0.961125
0.710932
0.999393
0.727423
0.929301
0.986362
0.762105
0.607627
0.577931
0.848904
0.728494
0.209689
0.758807
0.986899
0.480596
0.995624
0.852296
0.424541
0.971544
0.98406
0.88496
0.994665
0.811884
0.330583
0.999999
0.885032
0.538416
0.635631
0.33243
0.999348
0.443809
0.437074
0.999373
0.55406
0.272613
0.883796
0.961677
0.97687
0.445744
0.903097
0.12868
0.487625
0.493283
0.663218
0.999987
0.972352
0.455937
0.368749
0.993706
0.173689
0.484201
0.436771
0.94009
0.371444
0.632304
0.031597
0.26821
0.463257
0.591665
0.25475
0.99457
0.96792
0.398492
0.0423791
0.550136
0.813482
0.391755
0.999659
0.900889
0.126412
0.744122
0.992128
0.458554
0.515788
0.931619
0.207989
0.387438
0.11449
0.846255
0.213347
0.150838
0.0121176
0.00117885
0.861953
0.737116
0.996687
0.992638
0.998069
0.999848
0.586719
0.993841
0.889089
0.634566
0.330793
0.862414
0.0968693
0.807904
0.718947
0.851602
0.418453
0.110436
0.988606
0.42502
0.981457
0.484015
0.931479
0.99381
0.47068
0.504457
0.999978
0.49907
0.0171454
0.575288
0.506992
0.486865
0.403127
0.0566881
0.0850501
0.706578
0.959997
0.949594
0.694659
0.767599
0.381078
0.928831
0.870455
0.580024
0.865152
0.907455
0.636822
0.916026
0.27312
0.941608
0.688707
0.206148
0.67429
0.317662
0.911766
0.557564
0.679685
0.488426
0.971496
0.968707
0.286384
0.736198
0.963814
0.644398
0.298118
0.955971
0.151249
0.929701
0.510584
0.318876
0.479464
0.691305
0.605816
0.950414
0.328937
0.272659
0.6109
0.771647
0.19461
0.966232
0.934227
0.776363
0.882725
0.308319
0.272817
0.655625
0.930411
0.748181
0.505524
0.996671
0.959772
0.425577
0.0486079
0.991464
0.18749
0.940547
0.0202031
0.952551
0.607411
0.995369
0.830899
0.00240297
0.447212
0.925537
0.0713848
0.898326
0.994154
0.566388
0.472381
0.999105
0.0824086
0.850971
0.105343
0.995179
0.101602
0.305672
0.878001
0.373192
0.108589
0.999993
0.209699
0.798487
0.968108
0.949065
0.185722
0.45616
0.687422
0.579793
0.921771
0.0723794
0.768717
0.93988
0.99941
0.882616
0.78043
0.614301
0.343769
0.906267
0.767446
0.92623
0.896049
0.987208
0.94984
0.442441
0.383076
0.598858
0.154693
0.858703
0.809452
0.356879
0.280326
0.366663
0.0190973
0.00254846
0.633294
0.211329
0.806146
0.991415
0.594149
0.977678
0.590467
0.579092
0.999999
0.999356
0.447548
0.765072
0.509444
0.898971
0.219601
0.83405
0.97936
0.382735
0.118064
0.999926
0.970533
0.551254
0.664218
0.603997
0.170722
0.700393
0.446404
0.569781
0.989705
0.322225
0.80857
0.70823
0.46435
0.964797
0.999785
0.926638
0.188601
0.827762
0.919132
0.00051431
0.988539
0.325766
0.472807
0.886564
0.9461
0.521465
0.0465422
0.0850447
0.999054
0.761938
0.589103
0.995977
0.994563
0.358173
0.909056
0.418288
0.912202
0.217787
0.950901
0.710502
0.134949
0.305579
0.967318
0.922485
0.709214
0.997537
0.983918
0.989585
0.999799
0.788221
0.839897
0.959003
0.492774
0.993181
0.0577622
0.643603
0.753466
0.673193
0.564903
0.821369
0.958543
0.968584
0.32828
0.79215
0.929752
0.933964
0.910061
0.992776
0.977422
0.664991
0.511213
0.723158
0.564121
0.928887
0.131951
0.967421
0.136213
0.842624
0.739553
0.959381
0.966803
0.441556
0.823501
0.988886
0.923171
0.838053
0.341679
0.726272
0.540824
0.532455
0.676268
0.622331
0.58325
0.647508
0.766813
0.971991
0.188477
0.425742
0.142028
0.754264
0.522951
0.708198
0.574942
0.122042
0.65775
0.506142
0.999084
0.596398
0.890833
0.999443
0.99507
0.921123
0.983673
0.790701
0.111441
0.502062
0.340416
0.941069
0.4212
0.272985
0.609706
0.916439
0.680321
0.739688
0.502127
0.370658
0.141826
0.610203
0.929199
0.0947079
0.804551
0.190556
0.487314
0.421035
0.683508
0.917037
0.772489
0.451046
0.898264
0.643987
0.960741
0.502533
0.490546
0.684735
0.989764
0.934359
0.036579
0.900562
0.670828
0.808856
0.562696
0.483469
0.982279
0.303563
0.875034
0.905175
0.233893
0.973125
0.881517
0.235282
0.18729
0.461609
0.819763
0.983645
0.347878
0.889353
0.832002
0.980237
0.0174754
0.231488
0.549787
0.999007
0.841048
0.225815
0.491838
0.740571
0.891348
0.0590005
0.727698
0.906539
0.800103
0.978498
0.543101
0.955365
0.628936
0.998701
0.995134
0.950207
0.699278
0.661508
0.509001
0.942458
0.0955323
0.262905
0.178295
0.298826
0.947393
0.709172
0.437533
0.999995
0.0958933
0.252242
0.36964
0.996188
0.982982
0.999541
0.194045
0.120573
0.109119
0.981173
0.439948
0.708732
0.650049
0.545968
0.976766
0.976745
0.390144
0.997436
0.976673
0.578739
0.924577
0.705056
0.968656
0.994621
0.772439
0.962485
0.445231
0.872441
0.903564
0.303054
0.922518
0.195943
0.219564
0.0999347
0.376202
0.440694
0.954981
0.316959
0.999798
0.0840339
0.865415
0.658314
0.992619
0.674485
0.961913
0.970549
0.929391
0.559064
0.567871
0.104737
0.0481842
0.577316
0.943327
0.997959
0.728173
0.999722
0.877744
0.813707
0.998996
0.93947
0.898155
0.890236
0.96216
0.0646274
0.855897
0.997384
0.392267
0.259926
0.822209
0.506551
0.917799
0.789569
0.60788
0.925643
0.846245
0.124288
0.0179929
0.25674
0.893892
0.729464
0.645899
0.447696
0.884129
0.933792
0.527351
0.747447
0.503348
0.963368
0.864861
0.137929
0.625394
0.996767
0.767192
0.993062
0.890526
0.0679762
0.106747
0.798816
0.71845
0.795444
0.267651
0.54757
0.210458
0.315426
0.491173
0.835675
0.139382
0.846156
0.71889
0.237648
0.682689
0.572746
0.562822
0.981734
0.972247
0.411686
0.970175
0.850331
0.603312
0.514941
0.588996
0.754794
0.867261
0.848028
0.519136
0.268405
0.557867
0.999945
0.887483
0.168363
0.694484
0.999358
0.913425
0.492361
0.0520646
0.49199
0.792071
0.428617
0.991001
0.182548
0.390272
0.209105
0.881963
0.776684
0.140391
0.955028
0.889153
0.953809
0.993763
0.960262
0.949448
0.999884
0.0870959
0.95158
0.498544
0.6123
0.737672
0.90647
0.57452
0.552959
0.49363
0.374347
0.533492
0.422539
0.844454
0.614983
0.823631
0.913156
0.643916
0.763323
0.813949
0.792992
0.916578
0.660289
0.919447
0.213144
0.617664
0.0337189
0.906747
0.668761
0.544466
0.720677
0.0163292
0.134082
0.511879
0.993101
0.871938
0.326946
0.857226
0.609221
0.87643
0.877687
0.642128
0.0357941
0.311608
0.266028
0.983157
0.964099
0.997688
0.296853
0.203327
0.688957
0.491513
0.898074
0.726162
0.0300904
0.198604
0.712138
0.979389
0.65593
0.013005
0.940626
0.937979
0.0635098
0.999967
0.659054
0.679668
0.73875
0.864569
0.921714
0.992534
0.92637
0.740776
0.749363
0.66594
0.628359
0.258554
0.997631
0.70862
0.539348
0.999489
0.704592
0.466288
0.661474
0.950014
0.375466
0.771479
0.218805
0.523878
0.925572
0.867035
0.988066
0.930523
0.526168
0.33851
0.975036
0.735981
0.99267
0.627882
0.998708
0.915302
0.116202
0.809563
0.244233
0.832493
0.426494
0.80078
0.712845
0.884021
0.516442
0.917495
0.48934
0.259639
0.940247
0.303184
0.972315
0.430218
0.963483
0.781034
0.416362
0.957763
0.893038
0.723731
0.974066
0.853956
0.993917
0.850148
0.971381
0.515038
0.0229712
0.606301
0.674276
0.985843
0.171337
0.972233
0.356293
0.562165
0.289416
0.517502
0.860242
0.587009
0.997524
0.545074
0.536422
0.72974
0.927703
0.462439
0.999828
0.568926
0.81754
0.682876
0.760444
0.536746
0.157968
0.306036
0.996917
0.984575
0.867397
0.999461
0.401837
0.661018
0.4504
0.642606
0.841756
0.872639
0.19311
0.944624
0.691567
0.927189
0.639243
0.921675
0.979916
0.0220387
0.817405
0.99981
0.975993
0.987281
0.535909
0.541219
0.567019
0.570337
0.509962
0.801834
0.917021
0.431579
0.216879
0.996514
0.0182321
0.299438
0.983294
1
0.629425
0.382373
0.708828
0.998225
0.386577
0.151759
0.589503
0.980658
0.930087
0.847649
0.921688
0.0426928
0.767702
0.769198
0.992626
0.462273
0.438579
0.408778
0.422824
0.947801
0.818464
0.413535
0.528945
0.438002
0.611756
0.841004
0.994086
0.027977
0.805935
0.896925
0.743971
0.869043
0.994031
0.404201
0.810654
0.785187
0.863551
0.53739
0.338396
0.28904
0.601932
0.355562
0.991405
0.668504
0.31796
0.812257
0.909041
0.963505
0.113303
0.111831
0.880658
0.999443
0.931852
0.865664
0.994742
0.168418
0.734947
0.658515
0.506868
0.728137
0.571913
0.999092
0.99523
0.764974
0.475206
0.579147
0.18408
0.933252
0.973242
0.0620019
0.423171
0.881292
0.129039
0.370951
0.823586
0.309988
0.991615
0.953353
0.464199
0.678092
0.731561
0.59768
0.9703
0.770144
0.852425
0.517274
0.973374
0.917784
0.00184539
0.280372
0.907905
0.50575
0.5796
0.122575
0.958727
0.490403
0.344959
0.998878
0.808093
0.512054
0.0360004
0.911244
0.672647
0.134031
0.832243
0.326212
0.285135
0.634114
0.627692
0.965026
0.356554
0.974146
0.678771
0.266012
0.0995054
0.00861486
0.559365
0.764532
0.477727
0.832916
0.503881
0.959778
0.915738
0.514204
0.945329
0.62117
0.558689
0.958829
0.816688
0.994041
0.891573
0.979498
0.79422
0.540443
0.752116
0.869349
0.040307
0.854182
0.994869
0.838164
0.627829
0.993536
0.269928
0.557072
0.398361
0.995554
0.615746
0.164606
0.996422
0.671891
0.751828
0.599486
0.946212
0.911989
0.178874
0.308278
0.993987
0.983138
0.0867383
0.75727
0.895606
0.983539
0.987801
0.925671
0.579448
0.125608
0.0883424
0.246325
0.994501
0.30462
0.888011
0.918296
0.403911
0.390092
0.72951
0.98169
0.817939
0.891784
0.987318
0.715568
0.819862
0.998995
0.151003
0.346828
0.82243
0.856118
0.450329
0.457278
0.596205
0.763937
0.990077
0.947885
0.370939
0.94414
0.974998
0.483518
0.927282
0.129686
0.487624
0.345062
0.815793
0.713211
0.713181
0.203807
0.571752
0.959319
0.866725
0.262344
0.887433
0.301936
0.686223
0.488055
0.996754
0.196843
0.184907
0.991388
0.338091
0.973082
0.23259
0.998045
0.985469
0.920915
0.39618
0.113013
0.0916632
0.232378
0.936457
0.986167
0.774718
0.983641
0.699984
0.609664
0.751494
0.853159
0.991485
0.970623
0.618665
0.0930815
0.997576
0.206316
0.177983
0.658172
0.874048
0.992046
0.90181
0.651494
0.922737
0.560739
0.985609
0.828562
0.520483
0.659996
0.999441
0.812329
0.493097
0.999425
0.981905
0.529579
0.999852
0.994449
0.65367
0.93729
0.642647
0.156179
0.99883
0.0685635
0.654744
0.611282
0.0180249
0.631099
0.966226
0.700112
0.817582
0.299833
0.969487
0.188804
0.983935
0.946503
0.959622
0.906159
0.470335
0.943593
0.101401
0.998558
0.855098
0.524753
0.544775
0.00964124
0.144747
0.810827
0.101566
0.0911004
0.951627
0.339131
0.492928
0.707296
0.421295
0.213561
0.442149
0.989076
0.998425
0.993648
0.529403
0.412337
0.868337
0.114094
0.532768
0.893627
0.936231
0.619167
0.498047
0.114427
0.955267
0.962635
0.981641
0.470063
0.387238
0.137084
0.801926
0.260496
0.996029
0.995633
0.472211
0.400502
0.633283
0.372867
0.763139
0.0501707
0.941736
0.377396
0.766618
0.0383999
0.0203794
0.228707
0.999935
0.808505
0.911916
0.350136
0.967082
0.394633
0.0624181
0.801981
0.581652
0.622677
0.991203
0.551075
0.952429
0.263418
0.0628582
0.959501
0.951371
0.99983
0.0200316
0.50585
0.882984
0.992815
0.358923
0.883444
0.773467
0.0534531
0.966146
0.402902
0.855222
0.169082
0.119339
0.998934
0.365092
0.980696
0.903928
0.934402
0.903873
0.998111
0.658024
0.904878
0.719271
0.355619
0.912652
0.930812
0.979156
0.278114
0.0276649
0.507542
0.992623
0.998273
0.093029
0.999996
0.749555
0.986919
0.855946
0.87797
0.853626
0.991384
0.225308
0.950022
0.986288
0.644518
0.934099
0.531756
0.523289
0.501513
0.697028
0.582769
0.614234
0.585779
0.941003
0.083942
0.735467
0.623664
0.980436
0.707758
0.98796
0.971903
0.970762
0.624775
0.787643
0.834187
0.996746
0.591753
0.325243
0.277915
0.177333
0.806646
0.189893
0.373803
0.0788169
0.601942
0.910163
0.677714
0.514453
0.563045
0.508315
0.881675
0.156102
0.980257
0.280676
0.990805
0.335723
0.353381
0.852803
0.865472
0.373322
0.141608
0.806188
0.386456
0.987505
0.019584
0.377491
0.432616
0.868674
0.714958
0.949415
0.908523
0.253243
0.479601
0.20708
0.994929
0.731929
0.263059
0.168249
0.936621
0.930891
0.348558
0.1231
0.0346556
0.718454
0.994542
0.603056
0.803393
0.417864
0.99965
0.955562
0.0513457
0.556324
0.916952
0.88034
0.412695
0.720146
0.973061
0.889024
0.926978
0.184717
0.200534
0.215353
0.507778
0.939569
0.949429
0.24284
0.891901
0.778442
0.643733
0.909115
0.275031
0.351866
0.908306
0.957115
0.99127
0.925983
0.779217
0.999626
0.870307
0.179114
0.894112
0.996071
0.986457
0.0958974
0.908998
0.999323
0.936314
0.909008
0.786064
0.637655
0.816072
0.0058182
0.999896
0.915628
0.743888
0.0411142
0.00512544
0.252475
0.996243
0.315382
0.94335
0.930609
0.637966
0.870705
0.994859
0.845872
0.649628
0.00763539
0.589167
0.730987
0.322772
0.500466
0.992915
0.953258
0.580674
0.126544
0.784777
0.917307
0.421609
0.725269
0.710809
0.451019
0.83015
0.249479
0.121257
0.136302
0.828037
0.913792
0.236541
0.998212
0.982293
0.00540532
0.234194
0.882692
0.80781
0.986994
0.49408
0.43908
0.958468
0.997413
0.530977
0.863911
0.277807
0.88141
0.218494
0.788757
0.957793
0.799064
0.875987
0.301002
0.965783
0.994857
0.932611
0.0910941
0.615793
0.400892
0.781983
0.999784
0.82239
0.826053
0.0984382
0.79572
0.465408
0.886413
0.713109
0.0303071
0.436505
0.999189
0.586682
0.731003
0.258224
0.363113
0.284694
0.173145
0.787196
0.943498
0.25372
0.618657
0.881079
0.907626
0.264539
0.655666
0.99584
0.177961
0.982775
0.0919645
0.396161
0.985237
0.79497
0.51804
0.873796
0.984493
0.245338
0.959609
0.360183
0.909526
0.693158
0.814388
0.626645
0.872505
0.999979
0.182395
0.294611
0.846938
0.928868
0.874507
0.215101
0.869231
0.970593
0.643199
0.775026
0.523279
0.0688509
0.389761
0.480139
0.793331
0.945774
0.831405
0.574513
0.933647
0.426711
0.531057
0.281299
0.991066
0.357789
0.579946
0.896837
0.34497
0.4244
0.853658
0.713524
0.938896
0.227324
0.96936
0.500919
0.321121
0.924931
0.832436
0.864856
0.495036
0.973575
0.486056
0.315806
0.954078
0.270086
0.748991
0.689032
0.721118
0.201145
0.0171421
0.643477
0.787068
0.509547
0.624851
0.00691905
0.452286
0.821321
0.799026
0.917244
0.824207
0.921062
0.768583
0.322442
0.819597
0.53784
0.852144
0.944123
0.911986
0.962282
0.47346
0.686242
0.10468
0.973924
0.191169
0.17218
0.996105
0.276435
0.936158
0.825305
0.953351
0.999809
0.213224
0.100106
0.63138
0.637968
0.335271
0.721103
0.981785
0.393448
0.269671
0.892597
0.024524
0.864869
0.615431
0.00905328
0.179327
0.520309
0.998896
0.999202
0.601501
0.921512
0.6572
0.21661
0.70852
0.231024
0.591557
0.937345
0.418775
0.0734323
0.771936
0.78199
0.975434
0.802151
0.863415
0.760254
0.972962
0.99876
0.353081
0.544003
0.916581
0.259268
0.997886
0.534239
0.736247
0.756807
0.562855
0.108126
0.933326
0.659228
0.6646
0.419346
0.890615
0.0885035
0.882241
0.433843
0.890631
0.85733
0.419274
0.984311
0.929679
0.296002
0.956707
0.0302676
0.674075
0.880414
0.988179
0.219329
0.989784
0.238419
0.997728
0.822002
0.983195
0.801209
0.864797
0.279334
0.304567
0.700719
0.151887
0.946574
0.832962
0.993266
0.469024
0.600448
0.337503
0.0993451
0.957602
0.310718
0.670472
0.999943
0.987517
0.901175
0.285098
0.191667
0.19948
0.989482
0.28868
0.820645
0.82253
0.149932
0.590844
0.981033
0.695351
0.666705
0.853914
0.925842
0.943935
0.930525
0.160349
0.557361
0.232164
0.130956
0.585371
0.0322614
0.987012
0.774504
0.832371
0.185378
0.827837
0.91645
0.878713
0.974745
0.814468
0.763418
0.0542833
0.20685
0.780265
0.989343
0.995362
0.999328
0.467708
0.0977338
0.673481
0.106029
0.91896
0.845828
0.303545
0.629846
0.159239
0.585174
0.998989
0.854718
0.767261
0.80191
0.963896
0.151669
0.934097
0.176729
0.686252
0.513958
0.0706171
0.994032
0.398705
0.899732
0.530978
0.983664
0.30157
0.377365
0.650901
0.371327
0.164888
0.255872
0.881556
0.92216
0.864666
0.614429
0.14733
0.761597
0.0891451
0.643207
0.257354
0.505571
0.728002
0.47612
0.309337
0.666818
0.660385
0.578189
0.990908
0.654792
0.617836
0.692996
0.872007
0.973766
0.864501
0.0483364
0.314515
0.105324
0.847193
0.0325729
0.126744
0.933161
0.998357
0.941293
0.247948
0.935236
0.997349
0.996854
0.936085
0.995113
0.966861
0.259809
0.995327
0.0410508
0.826866
0.503174
0.040689
0.732978
0.119206
0.931523
0.982086
0.639397
0.987022
0.871205
0.687739
0.737265
0.45992
0.0264059
0.951146
0.714981
0.500813
0.89192
0.808986
0.140201
0.717573
0.551948
0.996931
0.45987
0.775541
0.379404
0.767111
0.949216
0.195538
0.983868
0.961731
0.356163
0.348272
0.855344
0.999165
0.961976
0.0098562
0.610548
0.995744
0.801772
0.428071
0.934184
0.475575
0.853158
0.726215
0.495776
0.222869
0.998448
0.730998
0.976339
0.456773
0.26965
0.336938
0.327731
0.606237
0.260184
0.675653
0.989464
0.983828
0.604998
0.756249
0.37415
0.999893
0.969959
0.511661
0.101821
0.550107
0.993427
0.178357
0.978852
0.0574119
0.671335
0.649505
0.991091
0.92413
0.877701
0.268596
0.20959
0.801911
0.957879
0.998245
0.948442
0.0211089
0.0290187
0.102836
0.974005
0.0214026
0.353087
0.217129
0.0454762
0.603374
0.202888
0.579715
0.367839
0.354891
0.942644
0.999638
0.26839
0.282823
0.402613
0.260833
0.651913
0.674186
0.683833
0.302121
0.815861
0.796738
0.850796
0.0126012
0.413524
0.864479
0.50233
0.99938
0.499629
0.685486
0.104649
0.998705
0.68951
0.331987
0.00499121
0.0800812
0.499656
0.964366
0.941494
0.546697
0.23036
0.186975
0.76051
0.277524
0.165464
0.892509
0.578214
0.972377
0.563943
0.627667
0.596173
0.544408
0.0951078
0.92386
0.262735
0.772822
0.327666
0.470825
0.80266
0.291012
0.0889734
0.535056
0.720531
0.958626
0.757501
0.972706
0.806551
0.239927
0.979237
0.0829757
0.93363
0.989279
0.808444
0.915719
0.0777008
0.92833
0.798275
0.647289
0.150515
0.689829
0.603592
0.314386
0.943979
0.416858
0.733072
0.935178
0.989939
0.992887
0.999278
0.56166
0.75326
0.87529
0.98476
0.508366
0.594861
0.23813
0.842755
0.0458626
0.699518
0.751091
0.94894
0.645965
0.104293
0.999969
0.999137
0.398443
0.92054
0.474147
0.16126
0.622858
0.786716
0.844609
0.0613177
0.819562
0.999792
0.833463
0.977314
0.000187961
0.978959
0.984963
0.30839
0.927082
0.20278
0.984064
0.258338
0.0320591
0.911221
0.584271
0.353704
0.769792
0.392957
0.502166
0.469016
0.732711
0.836151
0.739225
0.462584
0.354728
0.969229
0.748219
0.910399
0.865904
0.372115
0.680174
0.442835
0.0552652
0.89685
0.996351
0.982329
0.179762
0.456583
0.547353
0.471232
0.239869
0.806169
0.507318
0.999792
0.972756
0.58772
0.978955
0.946321
0.935917
0.711618
0.87734
0.628319
0.976372
0.482105
0.411346
0.697193
0.992807
0.979612
0.994048
0.985451
0.926531
0.250462
0.32319
0.313226
0.924387
0.938279
0.941154
0.511074
0.760632
0.135041
0.296618
0.591053
0.178063
0.770377
0.101433
0.353721
0.843384
0.931815
0.976231
0.0225667
0.992294
0.995686
0.804832
0.416323
0.994049
0.777392
0.0177875
0.995023
0.732253
0.838603
0.996173
0.980233
0.823821
0.866208
0.861429
0.928315
0.349209
0.978584
0.114933
0.851616
0.992709
0.122278
0.855551
0.693114
0.971697
0.524757
0.955727
0.864387
0.942835
0.84444
0.751889
0.999346
0.334308
0.995512
0.0813949
0.947164
0.499878
0.999879
0.572771
0.810472
0.932371
0.693863
0.703403
0.997914
0.92756
0.986783
0.999308
0.979958
0.209125
0.0639516
0.185621
0.999083
0.0382715
0.947859
0.719638
0.997833
0.584874
0.557914
0.275046
0.918855
0.959518
0.0795082
0.690313
0.899528
0.372558
0.737111
0.548771
0.863813
0.590072
0.836859
0.994592
0.884152
0.820388
0.981226
0.534117
0.749214
0.549593
0.969808
0.998867
0.338103
0.592058
0.0594404
0.94256
0.813405
0.123805
0.999701
0.826921
0.799295
0.985284
0.357114
0.491823
0.861625
0.948667
0.855639
0.533892
0.891821
0.942698
0.416703
0.862693
0.178872
0.983845
0.41595
0.539431
0.512452
0.080554
0.771194
0.500783
0.982666
0.973023
0.916828
0.457027
0.92327
0.722903
0.696848
0.83443
0.425881
0.778806
0.887508
0.493138
0.785297
0.981936
0.590969
0.780189
0.982136
0.502095
0.999626
0.583683
0.982666
0.501826
0.884746
0.281309
0.234622
0.677238
0.74114
0.88959
0.990522
0.532141
0.0152615
0.577284
0.972017
0.937422
0.0345901
0.945257
0.714691
0.983452
0.691934
0.450716
0.243985
0.982682
0.186919
0.0715155
0.917951
0.123165
0.439001
0.0222246
0.989786
0.325501
0.997525
0.840649
0.794178
0.921007
0.100224
0.471758
0.186668
0.589339
0.9998
0.326028
0.881447
0.0640342
0.532911
0.920702
0.362845
0.72699
0.861195
0.998986
0.962267
0.996584
0.212607
0.461015
0.480041
0.500125
0.443536
0.731242
0.827236
0.480203
0.570517
0.581165
0.374398
0.614845
0.864131
0.749091
0.999382
0.998379
0.514322
0.682633
0.170012
0.923006
0.539809
0.832029
0.686807
0.767927
0.703534
0.42421
0.313641
0.273939
0.995449
0.324573
0.974742
0.741454
0.247179
0.999725
0.949746
0.702903
0.444846
0.201375
0.855986
0.674311
0.910234
0.992025
0.664337
0.598097
0.18662
0.302825
0.451823
0.997217
0.926019
0.984678
0.16901
0.152545
0.362294
0.9156
0.779278
0.958086
0.66312
0.426788
0.971354
0.0936518
0.373848
0.90771
0.799512
0.734529
0.888737
0.396953
0.274662
0.939929
0.832727
0.977774
0.733329
0.587919
0.0772931
0.684941
0.114205
0.837423
0.9946
0.221028
0.698898
0.648062
0.59481
0.707768
0.378207
0.223499
0.991722
0.528159
0.968687
0.963029
0.174256
0.985388
0.993846
0.913816
0.878784
0.432045
0.365855
0.538773
0.470352
0.939136
0.00657933
0.926014
0.236342
0.976567
0.586147
0.94733
0.58863
0.149026
0.465449
0.568909
0.436908
0.579896
0.342113
0.122425
0.0668457
0.656559
0.860089
0.988697
0.54764
0.121833
0.648877
0.0651513
0.831412
0.269517
0.662658
0.948292
0.59445
0.334868
0.317
0.972485
0.504301
0.928869
0.46748
0.428499
0.0932865
0.960597
0.738351
0.34006
0.824474
0.549564
0.95133
0.559654
0.56341
0.351771
0.750298
0.807875
0.627809
0.345458
0.203081
0.886067
0.140633
0.405889
0.788416
0.791719
0.249005
0.0451424
0.810887
0.83165
0.999589
0.408455
0.311043
0.0495657
0.350379
0.726828
0.983592
0.299384
0.98464
0.831475
0.769328
0.0515717
0.507996
0.946142
0.923155
0.908622
0.933633
0.565575
0.984403
0.000592323
0.910666
0.989941
0.603676
0.516802
0.291407
0.835496
0.808205
0.975002
0.993485
0.975905
0.978277
0.807727
0.675686
0.987828
0.660782
0.276095
0.945025
0.119956
0.402452
0.963601
0.556658
0.424637
0.708686
0.409602
0.989707
0.875114
0.734466
0.615107
0.240883
0.215646
0.988151
0.730111
0.420247
0.972825
0.879749
0.324133
0.997138
0.00270667
0.995398
0.633437
0.891037
0.232761
0.999973
0.768007
0.127136
0.812202
0.997165
0.967337
0.824288
0.323851
0.253802
0.551827
0.918572
0.787419
0.385106
0.837461
0.21685
0.615328
0.707213
0.96197
0.973715
0.414526
0.957374
0.999609
0.864627
0.26011
0.936264
0.675939
0.906182
0.127983
0.337188
0.619009
0.904279
0.87995
0.885143
0.132911
0.73192
0.648202
0.21747
0.0530092
0.889186
0.843797
0.413705
0.999879
0.0483816
0.0482337
0.896602
0.280057
0.332027
0.521324
0.559727
0.797101
0.358622
0.992028
0.224648
0.981827
0.800265
0.577992
0.519645
0.968584
0.860191
0.603449
0.629106
0.51261
0.216891
0.990152
0.628731
0.883391
0.940836
0.276074
0.315115
0.89086
0.767294
0.0755787
0.734586
0.91653
0.870422
0.647305
0.156516
0.854888
0.86759
0.992701
0.00966317
0.633751
0.520812
0.0419886
0.491864
0.55329
0.792046
0.913704
0.443934
0.533697
0.0930167
0.417807
0.580002
0.237708
0.634122
0.692403
0.42749
0.844733
0.350544
0.959956
0.0501607
0.708279
0.783011
0.888952
0.915446
0.996406
0.924237
0.985325
0.992631
0.986506
0.392921
0.901628
0.75532
0.825803
0.936567
0.452775
0.999341
0.31857
0.259809
0.982907
0.54008
0.799672
0.839684
0.0495198
0.490951
0.977699
0.603288
0.473456
0.894014
0.514908
0.971571
0.516399
0.848109
0.384639
0.736294
0.196723
0.228533
0.167863
0.406564
0.0412692
0.973737
0.570465
0.88938
0.526297
0.837049
0.985075
0.108305
0.793826
0.118685
0.696194
0.459477
0.129909
0.922341
0.116301
0.990083
0.979308
0.370637
0.493258
0.439407
0.962125
0.776582
0.733394
0.893798
0.256536
0.849138
0.841355
0.275421
0.90541
0.957901
0.572015
0.905862
0.566421
0.430713
0.798957
0.749898
0.633591
0.590892
0.998537
0.299594
0.720396
0.999998
0.948076
0.966452
0.790181
0.460959
0.238492
0.792065
0.428788
0.759665
0.784645
0.535296
0.0788706
0.773676
0.662886
0.889955
0.26231
0.99952
0.820844
0.833636
0.686227
0.0824046
0.0221442
0.591473
0.469511
0.979878
0.99142
0.00827489
0.890386
0.140469
0.368198
0.974061
0.124291
0.0710257
0.697568
0.827987
0.602133
0.86986
0.93385
0.973897
0.688545
0.930893
0.760873
0.96423
0.857429
0.305404
0.682879
0.617186
0.0917462
0.424604
0.218572
0.963446
0.0900141
0.0649288
0.824198
0.519799
0.312047
0.501326
0.999049
0.580865
0.95358
0.854532
0.577274
0.937621
0.991415
0.815272
0.961913
0.445993
0.542263
0.792129
0.869943
0.964954
0.121895
0.356067
0.934199
0.845117
0.997534
0.0107216
0.947725
0.999929
0.197881
0.566834
0.45003
0.484927
0.115304
0.113565
0.571147
0.342478
0.401656
0.46919
0.0940885
0.3379
0.923857
0.856761
0.865531
0.740793
0.962959
0.923577
0.30216
0.980795
0.975448
0.660117
0.522476
0.309739
0.998652
0.666381
0.852225
0.922308
0.656044
0.994907
0.289531
0.307047
0.00145433
0.0813871
0.42945
0.745948
0.48917
0.851657
0.98193
0.946002
0.488893
0.942263
0.729875
0.999463
0.998946
0.549429
0.786224
0.999936
0.942754
0.864936
0.970094
0.263315
0.791729
0.999892
0.948296
0.24663
0.94801
0.998793
0.657439
0.253706
0.937894
0.963147
0.166447
0.183966
0.379347
0.587461
0.975473
0.999807
0.905314
0.691402
0.0388743
0.572799
0.316663
0.92381
0.944562
0.338603
0.0575293
0.715586
0.976889
0.46104
0.0907125
0.883204
0.669052
0.550053
0.749584
0.550863
0.07034
0.789869
0.899151
0.850613
0.367057
0.514035
0.665845
0.283974
0.971075
0.961807
0.966368
0.0808586
0.139585
0.264023
0.956322
0.991258
0.996645
0.629053
0.372206
0.817233
0.811235
0.93239
0.685584
0.994027
0.466703
0.615159
0.938783
0.519071
0.771543
0.951509
0.0996858
0.310817
0.682638
0.354169
0.9733
0.442631
0.36572
0.740952
0.216287
0.779902
0.856357
0.177689
0.650693
0.823421
0.358248
0.221278
0.797275
0.910914
0.919678
0.221475
0.82667
0.895364
0.144805
0.819361
0.966607
0.114213
0.648888
0.992936
0.0535051
0.392683
0.652086
0.994947
0.224387
0.276152
0.737426
0.800481
0.999366
0.205384
0.391704
0.99923
0.84132
0.77994
0.43745
0.345852
0.954806
0.597816
0.530685
0.871661
0.221118
0.999235
0.562891
0.29393
0.0118268
0.996686
0.978191
0.10804
0.118988
0.478295
0.701335
0.26664
0.791867
0.550324
0.866371
0.916585
0.815663
0.959525
0.951858
0.287629
0.911843
0.341321
0.879568
0.094793
0.247024
0.130894
0.926151
0.977888
0.678696
0.975788
0.837892
0.502034
0.963368
0.71595
0.496089
0.00386274
0.61163
0.469523
0.537739
0.20226
0.225984
0.999537
0.999591
0.987489
0.36364
0.966858
0.958036
0.692193
0.045126
0.746166
0.684024
0.869056
0.604647
0.769996
0.989098
0.158605
0.391683
0.972237
0.387242
0.45944
0.300822
0.652705
0.313453
0.211003
0.789869
0.0453434
0.865046
0.877708
0.121364
0.552137
0.489687
0.944282
0.668375
0.411583
0.161663
0.88567
0.86794
0.995843
0.842627
0.362471
0.651456
0.353992
0.152148
0.333646
0.975244
0.798031
0.991145
0.294972
0.0566151
0.808195
0.99625
0.999245
0.878579
0.805445
0.794977
0.0200713
0.990694
0.694761
0.455151
0.999888
0.203126
0.943026
0.733883
0.868839
0.987231
0.364651
0.56624
0.936
0.886389
0.944373
0.657521
0.0746993
0.991257
0.955811
0.230745
0.93635
0.999259
0.316567
0.334721
0.851561
0.505908
0.900323
0.692
0.695549
0.988281
0.509737
0.558156
0.995894
0.926541
0.909478
0.995184
0.125816
0.446777
0.650267
0.708525
0.878101
0.23538
0.999555
0.998044
0.750207
0.615275
0.671206
0.862289
0.361917
0.420829
0.957848
0.117172
0.829602
0.765104
0.963209
0.998954
0.667732
0.851785
0.297604
0.964717
0.983757
0.689814
0.457165
0.400973
0.601372
0.981407
0.0642651
0.227118
0.981459
0.9049
0.877952
0.709815
0.897879
0.975835
0.267991
0.97326
0.825626
0.944345
0.977678
0.999251
0.876969
0.971453
0.0811557
0.56329
0.949829
0.66648
0.49555
0.880007
0.767109
0.778076
0.202082
0.475321
0.99859
0.964208
0.438474
0.0628589
0.612252
0.804101
0.943091
0.278564
0.56776
0.610079
0.14712
0.441391
0.97066
0.902792
0.718862
0.335023
0.980124
0.446945
0.821482
0.148877
0.3508
0.455104
0.993528
0.181849
0.300927
0.7953
0.999233
0.859779
0.981791
0.831011
0.876784
0.894698
0.80051
0.543279
0.977625
0.459828
0.8481
0.981175
0.683311
0.986701
0.769356
0.989691
0.999647
0.98797
0.996215
0.656181
0.852314
0.987626
0.462188
0.998748
0.215938
0.266087
0.641107
0.958377
0.295348
0.0397526
0.924319
0.989034
0.997929
0.245559
0.367209
0.348347
0.997815
0.0394093
0.864053
0.250829
0.866613
0.987082
0.185151
0.869355
0.996864
0.948556
0.675662
1
0.986473
0.999913
0.941078
0.832669
0.752038
0.625002
0.577106
0.42698
0.629228
0.318224
0.964872
0.679942
0.892775
0.467089
0.788875
0.694297
0.944687
0.999669
0.225929
0.812627
0.180711
0.553529
0.958564
0.505736
0.226793
0.947862
0.160572
0.100128
0.822195
0.989759
0.18055
0.923237
0.767023
0.941146
0.691575
0.966489
0.232658
0.766452
0.998263
0.208372
0.487492
0.703341
0.471084
0.893597
0.546265
0.00264235
0.189833
0.661259
0.353788
0.922581
0.89542
0.745918
0.892302
0.571653
0.771266
0.988655
0.789615
0.966921
0.457691
0.680582
0.986192
0.146343
0.645195
0.404433
0.998443
0.46604
0.86504
0.491515
0.974175
0.931852
0.0869544
0.0903982
0.997425
0.752002
0.773224
0.315487
0.92031
0.359385
0.0387222
0.0972181
0.896086
0.729719
0.0413476
0.576407
0.999984
0.934029
0.776318
0.115999
0.889652
0.982954
0.811947
0.998908
0.932416
0.566466
0.863568
0.361991
0.873604
0.750187
0.522616
0.940297
0.770456
0.961703
0.787352
0.369989
0.885347
0.580058
0.805641
0.228558
0.992785
0.874116
0.96538
0.072461
0.265696
0.769952
0.81726
0.678349
0.421036
0.0745183
0.299819
0.886314
0.997436
0.173825
0.170802
0.926561
0.925895
0.0496683
0.873193
0.931391
0.987787
0.14839
0.360835
0.0944272
0.990214
0.865484
0.740542
0.855063
0.53673
0.664328
0.902376
0.438657
0.921954
0.826288
0.430557
0.717256
0.687832
0.713386
0.82504
0.514679
0.863143
0.0201218
0.975666
0.986478
0.814406
0.993766
0.970087
0.995284
0.358155
0.446642
0.989512
0.999478
0.993223
0.625399
0.58146
0.838761
0.705813
0.121756
0.44433
0.0959602
0.669639
0.58593
0.480587
0.051118
0.540162
0.998559
0.77733
0.511575
0.89739
0.314246
0.348262
0.604471
0.468397
0.550161
0.922561
0.814249
0.888811
0.217487
0.1063
0.170682
0.589336
0.990096
0.0793479
0.810167
0.797653
0.993828
0.723502
0.277663
0.392338
0.947721
0.465048
0.671254
0.90243
0.285234
0.57057
0.999568
0.0053923
0.944952
0.662145
0.374526
0.0843319
0.459793
0.984333
0.342339
0.728818
0.911005
0.409781
0.990947
0.284432
0.995652
0.102358
0.086566
0.842243
0.834326
0.533022
0.81857
0.687525
0.936125
0.204772
0.910841
0.740036
0.831382
0.957138
0.263697
0.418193
0.516154
0.116715
0.0617339
0.724219
0.129709
0.976626
0.997003
0.84563
0.817657
0.114103
0.977133
0.999936
0.999975
0.0825718
0.75655
0.295407
0.820531
0.00679445
0.229147
0.541695
0.385476
0.558177
0.998953
0.998707
0.941025
0.882136
0.871548
0.704977
0.660449
0.669184
0.69021
0.41067
0.3004
0.930087
0.816806
0.631131
0.508987
0.643449
0.482795
0.258903
0.714001
0.549305
0.748745
0.696396
0.412173
0.833555
0.107051
0.826913
0.130297
0.327434
0.0913606
0.312223
0.757715
0.161889
0.50011
0.987139
0.994743
0.899098
0.639278
0.880233
0.099681
0.267482
0.974215
0.0728448
0.729662
0.770541
0.546116
0.935964
0.805361
0.790678
0.570215
0.956502
0.171523
0.986034
0.459952
0.620826
0.374538
0.00844169
0.982752
0.306785
0.96946
0.260195
0.877161
0.0252219
0.276077
0.429354
0.537954
0.38044
0.422339
0.256359
0.999817
0.54992
0.109657
0.453444
0.0357274
0.969818
0.470765
0.548371
0.994479
0.991161
0.226672
0.120933
0.86589
0.3315
0.644603
0.874753
0.502894
0.124321
0.367282
0.871656
0.137246
0.852905
0.57022
0.998659
0.984496
0.767266
0.0821682
0.900454
0.882984
0.999437
0.99027
0.991922
0.822751
0.368787
0.48222
0.0215483
0.999954
0.938873
0.262463
0.466787
0.814521
0.393056
0.456709
0.474577
0.954719
0.683674
0.688666
0.809034
0.869567
0.742479
0.704006
0.650462
0.515418
0.298917
0.478162
0.798687
0.997049
0.269039
0.12445
0.836048
0.131342
0.289947
0.588506
0.107354
0.999847
0.0739401
0.918664
0.672223
0.0241553
0.911626
0.552505
0.355395
0.494885
0.870527
0.0147699
0.560059
0.968723
0.951371
0.99741
0.711426
0.582147
0.640945
0.987263
0.713121
0.835843
0.486981
0.285703
0.532398
0.0579816
0.0239716
0.725185
0.8168
0.610193
0.472983
0.758161
0.960504
0.798845
0.563013
0.685486
0.981024
0.000328892
0.0196954
0.438502
0.913363
0.818341
0.603086
0.957085
0.946384
0.97484
0.00102468
0.143777
0.486906
0.966716
0.283542
0.854726
0.143622
0.120505
0.986885
0.201371
0.50367
0.752976
0.929215
0.242899
0.761362
0.935309
0.849729
0.755714
0.468771
0.548347
0.852289
0.233685
0.966276
0.128149
0.992809
0.963371
0.742423
0.656112
0.877982
0.242592
0.997456
0.41289
0.970815
0.97318
0.752978
0.396314
0.959189
0.681295
0.987697
0.0635674
0.635577
0.970803
0.786143
0.672956
0.345418
0.728482
0.608686
0.0480903
0.219197
0.230849
0.518718
0.707952
0.81638
0.647637
0.822424
0.931613
0.857232
0.239575
0.756007
0.999518
0.959572
0.211273
0.659339
0.673897
0.973405
0.904852
0.755106
0.361402
0.15331
0.681925
0.203049
0.914574
0.246622
0.992871
0.513664
0.963206
0.522662
0.363028
0.0101495
0.922859
0.945039
0.412431
0.823604
0.653656
0.0696406
0.579567
0.346931
0.356574
0.499969
0.77385
0.125823
0.193989
0.553765
0.892402
0.979929
0.609607
0.995714
0.932887
0.649185
0.977245
0.376664
0.351736
0.930016
0.979275
0.433742
0.798659
0.724563
0.977691
0.917306
0.585786
0.229128
0.739972
0.261808
0.537413
0.80327
0.561811
0.53041
0.223609
0.908148
0.191638
0.949192
0.959843
0.0385326
0.211463
0.910662
0.71993
0.284941
0.285359
0.70988
0.841241
0.575845
0.818455
0.622058
0.854834
0.850619
0.999977
0.958939
0.918907
0.39495
0.375738
0.99855
0.358188
0.999793
0.258203
0.436347
0.174372
0.886919
0.966835
0.998207
0.967689
0.395332
0.480254
0.99168
0.903165
0.813907
0.750695
0.795292
0.936745
0.74911
0.647201
0.947356
0.374787
0.0562249
0.513118
0.339365
0.465719
0.98244
0.872436
0.796739
0.28861
0.790593
0.31849
0.195408
0.585775
0.935589
0.879275
0.751966
0.223631
0.23001
0.993392
0.353437
0.774435
0.948754
0.999745
0.231446
0.664579
0.858135
0.436415
0.919075
0.999978
0.0302402
0.0086784
0.895756
0.966066
0.380852
0.849244
0.538965
0.620103
0.990787
0.683582
0.695171
0.973722
0.39533
0.897421
0.998101
0.912785
0.994205
0.814825
0.456636
0.12349
0.345686
0.423233
0.780222
0.718173
0.129205
0.390943
0.243714
0.336928
0.799581
0.666632
0.960448
0.103591
0.555906
0.990149
0.352438
0.300151
0.174206
0.857488
0.988335
0.865014
0.878515
0.174088
0.39043
0.739082
0.0561214
0.406496
0.998258
0.715061
0.206656
0.238065
0.0146837
0.2262
0.295277
1
0.908085
0.70361
0.192594
0.521037
0.233627
0.98605
0.99834
0.892226
0.968872
0.999998
0.0820847
0.180588
0.959598
0.81787
0.899347
0.612698
0.542186
0.803258
0.54956
0.98987
0.138152
0.187903
0.750491
0.995795
0.99983
0.438752
0.433058
0.244239
0.754493
0.897827
0.78555
0.983962
0.24293
0.0107602
0.825031
0.778664
0.985998
0.245479
0.966389
0.803286
0.795292
0.943114
0.967413
0.999913
0.302692
0.708689
0.312515
0.999163
0.814603
0.993052
0.341037
0.781004
0.776513
0.992107
0.886207
0.973033
0.999804
0.97995
0.713211
0.175785
0.890078
0.977713
0.807159
0.747863
0.721417
0.724313
0.476067
0.240356
0.533833
0.997557
0.709891
0.69389
0.3795
0.77207
0.940169
0.996782
0.67228
0.945919
0.455588
0.4199
0.107562
0.534252
0.74528
0.214534
0.871559
0.53866
0.821784
0.937833
0.964812
0.855383
0.964174
0.894886
0.423925
0.999223
0.368598
0.962384
0.290298
0.184565
0.856517
0.989815
0.837961
0.993609
0.29684
0.30026
0.767487
0.999544
0.987301
0.982291
0.877205
0.994998
0.170177
0.760799
0.845935
0.528515
0.548467
0.867456
0.418675
0.22498
0.964479
0.955625
0.969698
0.642791
0.955258
0.00393481
0.44816
0.347206
0.999537
0.656278
0.289892
0.786554
0.655485
0.520369
0.735664
0.993723
0.988519
0.0926986
0.0284166
0.935381
0.765902
0.0192765
0.758841
0.492893
0.657588
0.877831
0.146492
0.0545001
0.758542
0.442419
0.864661
0.996169
0.965175
0.985835
0.99777
0.410539
0.281022
0.127348
0.99603
0.72807
0.404453
0.948556
0.991431
0.976615
0.830508
0.273529
0.383885
0.776386
0.0583011
0.97187
0.917467
0.946867
0.577384
0.0996035
0.997093
0.0935282
0.739305
0.646609
0.987976
0.999648
0.975374
0.979895
0.961209
0.880457
0.117009
0.110639
0.449074
0.134119
0.676602
0.255156
0.354223
0.956119
0.594178
0.9302
0.443466
0.541406
0.483011
0.863172
0.987793
0.3137
0.354507
0.611821
0.849274
0.830733
0.0595138
0.080939
0.693307
0.325576
0.771419
0.61909
0.956444
0.764154
0.762968
0.296223
0.319789
0.367564
0.454495
0.365246
0.103506
0.354924
0.567409
0.969369
0.39547
0.733861
0.989742
0.0294526
0.822111
0.999877
0.973282
0.624668
0.902755
0.996822
0.0916041
0.263216
0.156094
0.948371
0.0224596
0.68477
0.947575
0.335566
0.676006
0.933063
0.500304
0.999148
0.312495
0.853757
0.999819
0.927818
0.46143
0.992799
0.568067
0.526699
0.13813
0.817223
0.863324
0.264471
0.298113
0.930792
0.872881
0.958481
0.512068
0.715976
0.998496
0.425979
0.136105
0.249444
0.302142
0.80647
0.771278
0.976716
0.982544
0.914998
0.997942
0.514576
0.762827
0.536993
0.916148
0.846066
0.973137
0.994329
0.882329
0.159558
0.977402
0.973375
0.140443
0.831937
0.972318
0.858094
0.990741
0.108262
0.939701
0.0266608
0.933265
0.226475
0.511697
0.373295
0.324384
0.0669223
0.0844521
0.133995
0.839533
0.138051
0.262387
0.98603
0.991603
0.987405
0.746794
0.681611
0.766923
0.596243
0.714733
0.877387
0.0810907
0.818353
0.958125
0.70743
0.898372
0.345318
0.78927
0.986902
0.556386
0.972097
0.957408
0.449067
0.0941308
0.733663
0.978574
0.282536
0.820364
0.370786
0.0248373
0.967065
0.666947
0.997572
0.977656
0.755074
0.479976
0.51674
0.819471
0.995908
0.343808
0.92842
0.961656
0.995707
0.895573
0.523927
0.997419
0.89275
0.712745
0.743152
0.685879
0.896309
0.675237
0.998991
0.260948
0.970122
0.975408
0.999775
0.955038
0.92467
0.603775
0.829887
0.999878
0.11049
0.837949
0.801719
0.987008
0.98444
0.931858
0.654303
0.590495
0.865409
0.349697
0.396604
0.578899
0.488558
0.920736
0.65745
0.0110763
0.960131
0.965543
0.105373
0.67121
0.244004
0.406855
0.991727
0.26233
0.637864
0.0784625
0.12965
0.997391
0.127068
0.944836
0.177055
0.0610024
0.8614
0.226045
0.793266
0.414089
0.309459
0.453353
0.994057
0.941752
0.569474
0.829939
0.947083
0.876667
0.92195
0.86032
0.172997
0.294615
0.35688
0.0989515
0.821108
0.785911
0.132152
0.997761
0.320504
0.704046
0.577209
0.531246
0.689435
0.923411
0.583358
0.22248
0.966721
0.0399549
0.576764
0.909462
0.700655
0.975834
0.500645
0.996478
0.899599
0.779621
0.868733
0.228646
0.967161
0.133804
0.176815
0.332881
0.835774
0.79115
0.99933
0.286003
0.171487
0.841893
0.371136
0.990487
0.999968
0.430544
0.759081
0.859337
0.786756
0.889035
0.162802
0.620586
0.758443
0.991147
0.598753
0.996813
0.506052
0.997514
0.410456
0.979142
0.861545
0.339829
0.233216
0.983356
0.136232
0.977105
0.498383
0.521359
0.880274
0.676768
0.241783
0.730401
0.982403
0.999153
0.21585
0.885109
0.831188
0.18038
0.335974
0.996122
0.716806
0.239511
0.566017
0.468857
0.978566
0.824705
0.754801
0.893794
0.704064
0.692127
0.999926
0.936455
0.198509
0.855983
0.999619
0.989348
0.518383
0.999971
0.61134
0.968903
0.196465
0.82414
0.997681
0.730735
0.998811
0.801568
0.764649
0.789266
0.151784
0.671492
0.921121
0.587403
0.771699
0.893816
0.870592
0.855506
0.95664
0.979037
0.805454
0.118565
0.928715
0.92137
0.886657
0.987849
0.533185
0.935111
0.999498
0.733619
0.585815
0.295181
0.453725
0.633333
0.181644
0.242344
0.747652
0.99907
0.125551
0.583396
0.389903
0.869372
0.97931
0.802867
0.461867
0.965733
0.991843
0.782493
0.800626
0.715819
0.987144
0.121194
0.831008
0.590038
0.844172
0.957534
0.19564
0.410008
0.340806
0.795003
0.0763675
0.492956
0.464135
0.781156
0.757932
0.686616
0.279287
0.989401
0.370737
0.905087
0.0657292
0.944404
0.841827
0.0724996
0.304819
0.512265
0.485662
0.0948077
0.925394
0.999682
0.124327
0.851757
0.971812
0.758257
0.105338
0.363444
0.984186
0.0181443
0.868058
0.838601
0.491255
0.194932
0.75949
0.206565
0.762037
0.201728
0.419706
0.925426
0.922988
0.0901434
0.580835
0.847822
0.772789
0.51641
0.890381
0.111978
0.802123
0.444784
0.071101
0.797662
0.834599
0.923514
0.992555
0.462425
0.686878
0.981812
0.130477
0.85335
0.219702
0.662311
0.999846
0.721502
0.983406
0.978936
0.0303771
0.987969
0.292173
0.772349
0.184659
0.837005
0.474187
0.978329
0.636392
0.913776
0.954863
0.418326
0.992796
0.513471
0.989025
0.0795182
0.954926
0.402583
0.151916
0.934426
0.704431
0.943037
0.325337
0.97544
0.305576
0.319131
0.266228
0.692981
0.433187
0.576813
0.982148
0.35466
0.570773
0.0400719
0.213527
0.763666
0.996429
0.744738
0.827599
0.367026
0.996243
0.999989
0.676099
0.40911
0.688429
0.995594
0.211103
0.374957
0.0314729
0.0519419
0.568943
0.803703
0.05058
0.749056
0.975732
0.361577
0.890243
0.699949
0.963559
0.41131
0.145831
0.383022
0.518531
0.830326
0.773244
0.976602
0.911556
0.15459
0.949424
0.406073
0.674565
0.60547
0.575946
0.955554
0.490578
0.271111
0.11326
0.924202
0.999666
0.581021
0.943075
0.965513
0.977584
0.718665
0.174509
0.62824
0.431845
0.702461
0.665234
0.100322
0.985931
0.0620362
0.313468
0.962437
0.983821
0.973272
0.998889
0.462711
0.251139
0.999605
0.648902
0.445244
0.999183
0.53794
0.460822
0.588253
0.973376
0.808278
0.293484
0.152967
0.804009
0.993008
0.758381
0.848731
0.15362
0.898541
0.599413
0.824432
0.862892
0.954181
0.978047
0.998703
0.434614
0.734938
0.564161
0.148579
0.337266
0.641294
0.637533
0.337846
0.943303
0.584205
0.946103
0.0610538
0.998734
0.947019
0.193731
0.567337
0.993606
0.993249
0.922349
0.846286
0.084147
0.888524
0.90893
0.431249
0.586833
0.983029
0.99748
0.618276
0.995027
0.264959
0.525421
0.958329
0.910119
0.379789
0.977064
0.834795
0.635279
1
0.293289
0.198386
0.838199
0.404336
0.151179
0.478364
0.703457
0.734028
0.667545
0.28564
0.267315
0.933923
0.00981728
0.355211
0.681299
0.617529
0.869785
0.913401
0.638268
0.246208
0.762356
0.65897
0.880746
0.884915
0.983382
0.344874
0.815785
0.923059
0.99933
0.49968
0.438062
0.719515
0.917734
0.622274
0.218391
0.0646046
0.577785
0.329469
0.974583
0.999994
0.846513
0.809497
0.570681
0.869795
0.9394
0.572016
0.999559
0.82569
0.994519
0.476938
0.874897
0.790342
0.999378
0.833302
0.994729
0.998171
0.637555
0.784825
0.594245
0.65758
0.997258
0.888263
0.998984
0.995598
0.969736
0.0594069
0.870098
0.548595
0.433587
0.848137
0.824084
0.892124
0.846652
0.931627
0.902166
0.992234
0.837244
0.405289
0.983333
0.802189
0.457174
0.863364
0.312915
0.995154
0.849726
0.238186
0.805893
0.661976
0.842142
0.926795
0.330706
0.946475
0.110637
0.561176
0.86843
0.669837
0.473388
0.999667
0.815829
0.667082
0.626689
0.996595
0.388592
0.922433
0.573697
0.687688
0.0474716
0.702573
0.962147
0.357616
0.143964
0.300537
0.962715
0.938395
0.0393772
0.251361
0.872799
0.233833
0.984809
0.903781
0.260685
0.778237
0.0167882
0.860858
0.0156825
0.931961
0.87238
0.37923
0.278501
0.973879
0.864638
0.415119
0.109687
0.862633
0.893526
0.00393457
0.65568
0.588649
0.514564
0.492114
0.53492
0.579393
0.975883
0.998819
0.626797
0.45496
0.516374
0.746058
0.977705
0.243989
0.268381
0.989593
0.948356
0.781256
0.631547
0.996883
0.0237893
0.827174
0.361363
0.541033
0.182289
0.324429
0.162786
0.905251
0.976708
0.656893
0.722458
0.852335
0.597313
0.918425
0.874128
0.912287
0.858053
0.619925
0.430591
0.110214
0.370309
0.923032
0.332788
0.742491
0.98811
0.117608
0.734124
0.406064
0.994395
0.385667
0.997591
0.478013
0.775115
0.860348
0.103951
0.975905
0.978071
0.00666366
0.0211324
0.790984
0.201914
0.661016
0.323884
0.477638
0.449714
0.984385
0.823603
0.906431
0.237252
0.0676664
0.990518
0.954831
0.89636
0.244476
0.934334
0.843484
0.734105
0.719369
0.827369
0.82551
0.943924
0.611245
0.382481
0.49281
0.708558
0.717917
0.314078
0.625064
0.0281353
0.905507
0.899528
0.0571993
0.958132
0.86361
0.988521
0.808619
0.276246
0.900156
0.951226
0.592187
0.908434
0.606735
0.638762
0.265423
0.027999
0.153792
0.999891
0.991635
0.549223
0.99998
0.394989
0.788991
0.592152
0.0838328
0.989676
0.909477
0.465364
0.868551
0.42416
0.428377
0.820163
0.353877
0.819251
0.471594
0.254002
0.547976
0.751506
0.913781
0.166491
0.745191
0.585244
0.999754
0.318932
0.727636
0.486277
0.934034
0.842226
0.999344
0.764341
0.502139
0.491174
0.990557
0.166994
0.824942
0.151582
0.415222
0.679399
0.246166
0.308812
0.757176
0.91549
0.305282
0.959823
0.857214
0.0159474
0.989037
0.963275
0.750533
0.911838
0.54232
0.97919
0.378536
0.797557
0.600687
0.0191126
0.766795
0.999996
0.947519
0.180658
0.896406
0.57174
0.775372
0.139112
0.0498209
0.330005
0.961038
0.600679
0.747049
0.191423
0.399599
0.528867
0.42775
0.96609
0.278466
0.998805
0.0815179
0.973012
0.536406
0.736135
0.997765
0.98683
0.347343
0.999629
0.620104
0.509522
0.972759
0.165588
0.398081
0.634064
0.998599
0.805294
0.689183
0.856387
0.874179
0.567845
0.995088
0.981862
0.155589
0.569905
0.477921
0.786501
0.188033
0.998335
0.925936
0.977093
0.26333
0.446274
0.748072
0.991218
0.999511
0.973632
0.621328
0.899181
0.709569
0.0132398
0.98332
0.870308
0.340392
0.65627
0.976277
0.391146
0.204932
0.626322
0.855223
0.490901
0.747381
0.710856
0.957808
0.580302
0.52432
0.0901208
0.914147
0.577731
0.826438
0.669113
0.681597
0.244093
0.804069
0.958107
0.930237
0.45023
0.204441
0.391479
0.585082
0.944879
0.549699
0.990708
0.809386
0.317027
0.443986
0.521523
0.990966
0.789949
0.998066
0.293041
0.164613
0.99776
0.55517
0.613713
0.742868
0.995964
0.12825
0.641179
0.634349
0.885694
0.468004
0.91602
0.923444
0.0585474
0.551778
0.802216
0.0131554
0.959203
0.0533751
0.732026
0.875714
0.949111
0.996353
0.999846
0.76711
0.862192
0.595129
0.305592
0.607767
0.896231
0.657353
0.119354
0.626261
0.55831
0.829239
0.981144
0.26043
0.982049
0.998417
0.998852
0.904859
0.393389
0.998645
0.298191
0.969684
0.0531034
0.1993
0.964483
0.421439
0.115941
0.618538
0.999912
0.206944
0.170005
0.208564
0.965921
0.0202202
0.995774
0.904399
0.963448
0.153159
0.254054
0.921418
0.0283094
0.438431
0.97504
0.890409
0.385033
0.148996
0.65965
0.108381
0.430459
0.448282
0.995723
0.669982
0.563379
0.90615
0.694861
0.994092
0.807499
0.934126
0.917935
0.721332
0.614781
0.682098
0.0886537
0.776208
0.219672
0.859865
0.337909
0.402308
0.411311
0.999488
0.943053
0.743178
0.728337
0.74089
0.700391
0.438249
0.383804
0.204226
0.921064
0.95354
0.736304
0.504467
0.6105
0.862727
0.881605
0.948857
0.914062
0.456863
0.999976
0.906097
0.986729
0.967001
0.984754
0.999612
0.611872
0.375976
0.336767
0.54296
0.706702
0.141441
0.820681
0.858901
0.954788
0.229855
0.872904
0.506058
0.858818
0.210095
0.932435
0.52305
0.985861
0.177917
0.351812
0.945353
0.0114844
0.81193
0.685767
0.0214361
0.367474
0.485219
0.287432
0.227544
0.555486
0.0167239
0.88394
0.985951
0.75611
0.409586
0.781276
0.91657
0.763151
0.728499
0.890965
0.733077
0.86305
0.675261
0.286424
0.853947
0.60543
0.746797
0.584795
0.111712
0.63772
0.190397
0.939936
0.0675428
0.93685
0.530713
0.998571
0.627083
0.881718
0.703168
0.905506
0.844389
0.654851
0.921233
0.640833
0.45605
0.635379
0.30651
0.367827
0.595805
0.228781
0.872718
0.318585
0.0498299
0.821187
0.918943
0.864476
0.659119
0.658995
0.729286
0.639416
0.245044
0.928305
0.69781
0.89349
0.401167
0.514631
0.727301
0.0640303
0.999853
0.0830902
0.00943579
0.254559
0.012551
0.998536
0.902031
0.970568
0.850896
0.824158
0.938749
0.363259
0.202357
0.860383
0.290971
0.571663
0.52386
0.926508
0.0167986
0.00438065
0.326628
0.992592
0.406441
0.639777
0.97775
0.162012
0.29161
0.29655
0.365173
0.0217789
0.976882
0.887305
0.264946
0.236241
0.193759
0.980453
0.502572
0.0310449
0.724646
0.756795
0.426477
0.137409
0.989117
0.937938
0.795369
0.539324
0.604876
0.471214
0.957215
0.983215
0.564715
0.834945
0.00355321
0.91884
0.742651
0.81786
0.977536
0.052797
0.775687
0.626802
0.319952
0.997777
0.420616
0.24209
0.726326
0.69347
0.101224
0.152339
0.26034
0.843783
0.886765
0.942218
0.495686
0.645018
0.639835
0.551224
0.852291
0.4224
0.997205
0.540499
0.0605641
0.64887
0.0416831
0.640132
0.72986
0.960594
0.901111
0.922456
0.802516
0.642943
0.991226
0.343742
0.0971754
0.00497431
0.504778
0.871044
0.0173339
0.598583
0.828024
0.935791
0.18118
0.158533
0.401611
0.445779
0.145197
0.918082
0.943293
0.725861
0.852191
0.563463
0.639948
0.998335
0.140504
0.190272
0.995618
0.780311
0.999989
0.0432005
0.634117
0.214253
0.782609
0.117784
0.04845
0.996473
0.0731252
0.998921
0.132976
0.907659
0.219917
0.699469
0.994399
0.112302
0.472048
0.852692
0.528732
0.376935
0.967724
0.0706519
0.999226
0.566867
0.913056
0.0943354
0.0900551
0.992336
0.0626611
0.877176
0.158855
0.443751
0.253258
0.558304
0.170639
0.510027
0.055113
0.411702
0.595295
0.645207
0.255679
0.736107
0.802861
0.397283
0.117808
0.729608
0.999812
0.0550371
0.920986
0.550096
0.582699
0.984191
0.787931
0.398826
0.728419
0.331698
0.725999
0.70561
0.975081
0.991012
0.763393
0.94044
0.39049
0.787191
0.294282
0.719286
0.999884
0.680026
0.523956
0.202678
0.202745
0.960519
0.914309
0.974712
0.797436
0.907015
0.573595
0.826969
0.737006
0.694542
0.311422
0.726871
0.603685
0.908203
0.533987
0.952067
0.0777065
0.895066
0.860537
0.915267
0.801244
0.958648
0.319227
0.593537
0.290651
0.983932
0.926043
0.61068
0.983657
0.449757
0.873969
0.214581
0.685634
0.465236
0.983694
0.836701
0.995404
0.611756
0.936339
0.923563
0.898382
0.693723
0.864555
0.820045
0.273792
0.970959
0.997382
0.951774
0.559845
0.486638
0.882475
0.955566
0.751078
0.995803
0.893121
0.998754
0.676516
0.895301
0.884284
0.051237
0.932346
0.98679
0.963222
0.158072
0.614497
0.815768
0.871021
0.6381
0.784966
0.915868
0.200231
0.797853
0.364023
0.814126
0.528809
0.62281
0.0069921
0.586436
0.289431
0.52657
0.15857
0.954609
0.650407
0.999039
0.52146
0.0832757
0.708733
0.633185
0.0820985
0.478243
0.918953
0.263015
0.618561
0.905468
0.947059
0.545522
0.925881
0.850383
0.856567
0.996327
0.963687
0.585569
0.916059
0.7561
0.825472
0.960139
0.952991
0.765109
0.634353
0.975078
0.731909
0.863166
0.418592
0.626764
0.733826
0.966952
0.99779
0.927322
0.472462
0.350792
0.845061
0.628263
0.216523
0.576269
0.102753
0.590186
0.903816
0.665593
0.902895
0.515482
0.990942
0.897112
0.743161
0.561193
0.266667
0.746844
0.911485
0.765337
0.291323
0.853375
0.851133
0.735748
0.919961
0.214517
0.733354
0.0438057
0.968353
0.0298515
0.318725
0.963999
0.564898
0.183045
0.288747
0.5291
0.509666
0.428985
0.0241174
0.0180718
0.908076
0.949084
0.988564
0.680292
0.712515
0.787647
0.995583
0.913287
0.412512
0.191687
0.996458
0.965562
0.651577
0.698849
0.861957
0.610071
0.997187
0.645903
0.175624
0.795263
0.692147
0.386782
0.555132
