-0.20111
0.668569
0.712825
-0.0095787
-1.04448
-0.54327
-0.129745
-0.212014
-1.36026
0.157262
-0.621596
-0.269596
0.567979
0.931764
-0.0373079
-0.561299
1.36508
-0.0939666
0.0589138
0.265214
0.340572
-0.253019
0.0308533
0.792663
0.57235
0.327439
0.123582
-0.58844
-0.604623
-0.694838
-0.802847
-0.238436
-1.08363
-0.746528
0.968163
0.648161
-0.245711
-0.936012
-0.52579
-0.930839
0.815516
0.173783
0.392963
-0.6035
-0.656287
0.932725
0.436962
-0.754701
0.279385
0.373289
0.782212
-0.965871
-0.219911
0.657742
-0.0680066
0.137847
0.398189
-1.02279
0.11634
-0.413669
0.0139082
-0.22015
0.173942
0.41637
-0.140151
-0.673708
0.0720563
0.13816
-0.244113
0.646658
-0.0105804
-0.526974
0.247563
0.434622
-0.751377
0.894752
-0.764837
-0.316287
0.958019
-0.205754
-0.254294
0.632035
0.278457
-0.0993198
-1.06187
-0.640189
0.396883
0.828585
0.959841
0.865225
-0.665249
1.29621
0.387708
0.125067
-0.002236
-0.855622
-0.371609
-0.831629
0.696526
1.10064
-0.690986
0.718477
0.373943
-0.0794261
-0.0470552
-0.504509
0.965894
1.07122
1.27206
1.00505
-1.13343
-0.0650665
0.776965
-0.19605
-0.0742534
0.378699
0.104824
-0.992815
-0.649479
1.16547
0.0487949
0.576631
-0.221091
-0.886841
0.664849
-0.265791
0.822169
0.785756
0.381067
-1.38907
-0.374239
0.53781
-1.16641
-0.119101
-0.097883
0.449196
0.794585
0.492345
0.522379
-0.799349
-1.11591
-0.886308
0.0486514
-1.11831
-0.07845
-0.728759
0.707194
1.21961
0.410401
-1.31999
-0.452064
-1.16494
0.91662
-0.12732
0.137477
0.263161
0.347528
-0.47693
-0.585066
-0.136823
1.18449
-0.147018
1.35422
-1.22844
0.284072
0.33393
0.221634
-0.722128
-0.0804044
0.467315
0.572143
0.56419
1.10427
0.217873
0.809593
0.799562
-1.22205
-0.266452
-1.31233
0.876509
1.22002
-0.883264
-0.661645
0.889908
-0.374178
0.246685
1.38044
0.59197
-1.42067
0.661626
0.0477571
-0.3595
0.961382
-0.656287
0.130624
-0.407363
0.734035
-1.07294
0.0492147
0.736848
0.124303
-1.08556
-0.136597
1.51699
-0.33836
0.975546
-0.899349
-0.0439804
0.802088
-0.821434
0.679701
-0.787242
-0.766326
0.108792
0.666049
-0.322447
0.224842
0.74033
-0.75175
0.265908
-0.314139
-0.608138
-0.189403
0.643196
-0.20515
-0.85741
-1.37624
-0.779778
0.546356
0.479959
-1.17514
-1.0682
1.13787
-1.23286
0.138614
-1.13144
-0.743676
-0.636152
-0.501397
-0.371136
0.422923
1.08702
0.673581
-1.1862
0.774203
-1.053
0.270379
-0.98418
0.550523
1.16378
-0.960796
0.667504
0.183143
-0.536844
-0.591378
0.91993
-0.184381
0.270902
-0.551851
-0.319084
-0.785416
0.140312
-0.281528
1.49194
-1.01499
-0.368223
0.0645795
-0.257363
0.100253
-0.0984657
0.621806
0.966109
-0.042945
0.161326
-1.25362
0.946354
-0.316789
0.455425
0.680257
0.210866
0.323333
-0.920795
-0.930447
-0.855501
-0.538627
-0.0301414
0.102682
0.24342
-0.517209
-0.496395
0.15197
0.937297
0.047071
-1.36438
-0.197523
-0.732903
0.816053
1.06408
0.472193
0.560845
-1.20294
-0.919238
-0.23939
-0.320429
0.760468
-0.56089
0.202713
0.469631
-0.570409
-0.95738
-1.24879
0.129325
0.219576
0.497266
0.322818
0.021313
0.636054
-1.11155
-0.0524567
1.01697
-0.168203
-1.12697
0.481973
0.284045
0.910674
0.176556
-0.254666
0.485221
-1.13974
0.598824
-0.987233
-1.15379
-0.0392214
0.505076
-0.300065
0.809039
0.786486
-1.01616
-0.182248
0.684487
1.17864
0.268169
0.13591
-0.578622
1.13828
0.525963
-1.05814
-0.613034
-0.478121
-0.709364
0.0333394
-0.127008
-1.18049
-0.0283021
-1.18057
-1.39147
-0.797094
0.949323
0.185539
1.1302
-0.352371
1.00689
-0.315765
-0.936043
0.0925255
0.384793
0.0621667
0.453055
0.38351
-0.218906
0.462165
0.917525
-1.06064
0.220563
-0.204293
-0.94012
0.611539
0.378015
-0.245725
-0.0307997
-1.03057
0.218999
0.229807
0.594535
0.590444
-0.341764
-0.293117
-0.71344
1.31037
-0.792751
-1.08181
-0.639728
0.634612
1.33685
1.27303
0.103605
-0.750621
0.816763
0.491475
0.266711
-0.418293
0.929743
-1.00342
-0.103157
0.185235
1.12619
-0.28571
-1.16844
-0.277407
-0.970276
0.243153
0.427206
0.349393
-0.864763
-0.824467
-0.41414
-0.236089
-0.136372
-0.427897
0.244065
0.442447
-0.418447
0.442948
0.854741
-0.211918
-0.829611
-0.20135
-0.937216
-1.27006
0.299987
1.03507
-0.170608
-1.03839
-0.186388
-0.153069
1.13647
1.18353
0.949745
-1.24355
0.420261
-0.692369
-0.571437
-0.379215
-0.160658
-0.139335
0.49049
-0.507417
-0.105688
-0.681144
-0.197211
0.10335
0.280457
0.856886
-0.0766332
0.649747
0.372496
-1.03677
0.0360226
0.468675
-0.217435
0.625937
0.52915
0.271791
0.0952781
-1.51897
-0.822338
0.746227
0.231544
-0.625605
0.119622
0.095498
-0.598069
-1.38029
-0.160564
0.0478799
0.920085
0.0166696
0.511043
-0.117861
-0.798287
-0.881916
-0.346581
-0.00472053
-0.0091266
0.778856
0.803248
-0.160302
1.50732
0.174988
1.1685
0.179585
-0.140452
-0.426939
0.21127
0.924958
-0.115151
0.802932
1.02332
0.621283
0.56335
0.805706
-1.17565
0.971626
-0.139703
0.0599155
-0.00427836
0.113729
-0.376615
-0.222769
-0.738716
-1.4229
1.02418
0.361471
-1.15483
0.688059
-0.16705
-0.129905
-0.533282
1.23923
1.07302
1.22128
-1.17445
0.318593
-0.920672
-0.589664
0.812592
0.338229
1.00667
-0.575369
0.215558
-0.820305
-1.1279
0.181479
0.688104
0.496008
0.942614
-0.101215
-0.962313
-0.335552
0.393351
0.271715
0.514922
0.682154
0.183534
-0.285716
-0.252191
0.768033
-1.09887
0.45004
0.751645
0.296169
-0.52783
-0.719035
1.00828
-0.648086
0.0795351
0.052264
-0.018904
0.897553
-0.569227
-0.0661734
0.544343
1.3946
-0.117169
0.338455
-0.153548
0.597051
-0.0216429
-0.705
-0.182581
-0.173855
-0.769939
0.736029
-1.15237
0.495542
0.506534
-0.467073
-1.47272
1.2647
-0.707556
0.121862
-0.525815
0.413714
0.533781
0.739185
-0.203572
0.186055
0.572001
-0.28867
-0.163489
-0.462822
0.342494
-0.953339
1.15935
-0.229371
-0.678319
0.672552
0.308536
-0.131618
-0.629112
-0.592495
0.117718
0.643626
-0.0578192
0.869557
0.961297
0.345348
0.460035
-0.635186
-1.13666
-0.747268
-0.583003
-0.314333
0.311422
-0.605671
-0.696329
-1.29483
0.132339
-0.476695
0.441954
0.329581
0.563675
-0.559556
0.647527
0.243513
-1.21005
1.23735
1.3285
-0.147252
-0.855519
-0.0732834
-0.189062
-0.736888
0.545469
0.693967
-1.21691
0.679293
-0.696346
-0.694737
-1.05566
0.860585
0.00494061
0.496905
1.00264
-0.454359
-0.24208
0.866157
1.45667
1.04651
0.768022
0.322531
-1.06351
-0.70024
-0.104371
-0.491188
0.0879487
-0.261838
-0.916926
0.105584
1.14767
-0.738944
-0.220984
-0.197782
-0.0245988
0.299793
0.563655
-0.915672
0.384392
-0.545785
-0.410968
-0.153015
-0.270323
0.156717
-0.495982
-0.0987102
-0.274599
-0.50131
-0.61907
0.296753
0.839535
0.28743
-0.0906035
0.824991
1.01357
-0.0236253
0.845808
0.362441
0.848574
-0.0214875
1.29873
0.410511
0.157388
0.949591
0.980759
-0.757631
-0.236177
0.249506
-0.895452
0.553541
0.712466
-0.810637
-1.0348
0.192502
-0.357136
0.852213
0.989207
0.247585
0.209117
0.704905
1.16428
0.249578
-1.49833
0.276999
-0.57109
0.399788
0.786573
1.02997
-0.155713
0.205666
0.327869
-0.440958
0.682432
-1.20637
0.205129
-0.0807082
1.27688
0.92593
1.30387
-0.689915
-0.0394277
0.744742
0.459513
0.48254
-0.391331
1.22356
-1.13421
-1.07507
0.576716
0.514695
-0.619976
0.868973
1.07905
0.528313
0.359152
-0.809478
-0.918084
-0.668041
-0.591113
-1.0946
0.927306
-0.27547
-1.09277
-0.405435
0.403286
-0.783563
-0.824176
-0.320721
-0.695275
-0.618638
0.460286
-0.456041
0.450387
0.897442
1.12378
-0.449886
-0.210051
0.736612
-0.433855
-0.180456
-0.620582
-0.548788
-0.0148025
1.41544
-0.696099
-0.439814
-0.843812
-0.23076
0.0329766
-0.681312
0.189675
0.439336
1.07581
-0.141346
1.29621
0.44491
0.775517
0.664784
0.446361
-0.751644
0.0406906
-0.0166787
0.423974
0.567299
-0.564
-0.520621
0.0201184
-1.12716
-0.0934133
0.470734
-1.05755
0.418373
-0.208753
-0.389143
0.696353
-1.10588
0.206662
0.570376
0.776364
0.0266773
-0.272078
0.270371
-0.0704981
-1.33405
-0.0477787
0.902618
-0.235558
0.506086
-0.125577
-0.114425
0.641866
0.589778
0.544305
0.470529
-0.599443
0.93854
1.04827
1.13344
-1.36186
-0.918506
-1.26384
-0.223814
0.526131
-0.0306483
-0.470004
0.140866
-0.63846
0.277816
-0.443735
-0.541357
-1.21509
-0.711416
0.00196151
0.269228
0.645882
-0.0297207
0.26973
-0.610366
-0.437967
-0.689435
-0.340607
-0.832256
0.821813
-0.963675
0.406024
-0.263964
0.79122
-0.848845
-0.55229
-0.263684
0.118591
-0.220887
-0.208681
-0.176708
0.218629
0.00163514
0.74804
-0.573939
-1.02713
0.505586
0.116054
-0.968284
-1.38945
-0.702416
-0.227094
0.998126
0.976117
-0.161523
-0.534289
-1.18915
-0.474819
1.40003
0.743649
-0.923577
0.393565
0.69997
-0.488876
-0.961501
0.5684
-0.258371
0.789477
-0.563782
0.347034
-0.738548
-0.693394
-0.357586
-1.0336
0.192538
0.143078
0.409402
-0.483766
0.735965
-0.373764
0.325712
-0.0441845
-0.145773
0.726961
0.370039
-0.637224
1.14281
0.305812
0.276442
0.644944
-1.12611
-0.366483
-0.553916
-0.604777
0.41753
0.632843
1.36332
0.0896339
-1.36301
-1.48403
0.411937
-0.354352
-1.24383
-0.66945
0.289762
-0.877846
0.519155
0.951683
-0.648833
-1.31229
-0.880479
-1.24636
-0.771074
0.970055
0.631353
-0.477836
-0.444058
-1.52329
0.947287
-1.12379
0.455007
0.712524
-0.773409
-0.203356
-0.847321
-0.966074
0.445591
0.885232
0.110138
-1.09779
-0.841215
-1.52478
-1.06453
0.558862
-0.412834
0.29178
-0.326691
-0.510876
-0.1691
0.477976
-0.89656
0.457759
-0.75195
-0.572088
0.84355
-0.473612
0.524367
-0.278624
1.10138
0.345098
0.680132
-0.279159
-0.284349
-0.655994
1.04332
0.553366
1.27194
0.205034
-1.45854
0.622303
-0.221505
0.170096
0.888666
-1.04653
1.31169
1.01442
0.503437
0.682351
0.337489
0.722527
0.267698
0.506064
-0.0983336
0.38751
0.333692
-0.144511
1.37013
-0.749968
-0.340577
-0.48081
-0.206229
0.599805
0.582588
1.27057
-0.326252
0.62485
-0.89633
-1.2659
0.293348
-0.38383
-0.772685
0.540966
0.644267
0.886335
0.702986
-0.736614
-0.420758
0.132609
-0.371961
-1.0025
0.0162348
-0.168138
-0.435217
-0.775429
-0.211849
-0.151155
0.14783
-0.260535
-0.0345107
-1.2041
0.680806
-0.0658587
-0.0433141
-0.0460535
-0.195978
0.0764733
0.385853
-1.12832
0.159933
-0.542568
-0.752303
-0.211321
0.0498007
-1.11679
1.23715
0.420525
1.14505
0.181351
0.825059
-0.568062
-1.17216
0.897925
-0.475987
0.77792
-0.993823
0.228385
-0.280767
0.555427
1.31222
0.10345
0.669417
0.623759
0.431343
-0.448397
-1.09159
-0.470855
1.28796
-0.478451
0.0285922
0.931527
-0.460128
-1.05895
-0.892004
-0.627704
1.34269
-0.130142
0.717084
-0.851503
-0.112515
1.03234
0.111658
-0.21723
-0.97723
0.387173
-0.352902
0.290931
-0.0438141
0.479094
1.27687
-0.0504675
-0.0075614
0.0356089
0.0187587
-0.326012
1.12129
-0.330789
0.336059
-1.08567
0.0938195
-0.42556
-0.899572
-0.224802
1.09785
1.024
0.290341
-0.846481
-0.117376
-0.605599
-1.04214
-0.383535
0.954216
-0.413263
1.10116
-0.222761
-1.46184
-0.341595
0.182101
0.556694
1.27446
0.928603
1.29051
1.33351
-0.41269
-1.11113
-0.109204
0.116983
-0.967914
0.585935
0.283661
-0.89065
0.324739
0.314528
-0.910205
0.0630645
1.33137
-0.910157
0.55516
0.643273
0.932633
0.04751
0.751918
1.0993
1.10749
0.291295
-0.815111
-0.470208
-0.0589676
-0.494875
0.418479
-0.887625
-0.127822
-0.838663
-0.185248
0.376627
-1.21868
0.356212
0.547198
0.37958
-0.258165
-0.922608
-0.845132
-1.30959
-0.897387
-0.624782
-0.334117
-0.372919
0.521338
-1.25955
-0.334012
0.263871
-0.554575
-1.18489
-0.00262153
-0.0402638
-0.209708
1.30007
0.0559835
-1.22552
-0.421584
0.335507
0.593865
0.859088
0.113038
1.35782
0.0540603
0.0214599
-0.0317439
1.12124
0.651032
0.926648
0.693145
0.60292
0.137693
-0.613755
1.31193
0.0753907
0.571105
-0.512841
1.06521
-1.28106
0.902546
-0.171039
0.151493
0.7416
-0.0307392
0.588499
-0.214051
0.887646
1.03006
0.936488
0.584519
0.109311
-0.0628892
-0.291366
-0.151176
0.408057
0.797379
1.17184
-0.969129
0.492387
0.343707
0.329416
-0.458646
0.425921
0.824002
0.602839
-0.292953
0.402843
0.770217
0.106075
0.267798
-0.216779
1.24858
1.14181
0.471694
-0.926687
0.0380931
-0.855621
-0.199743
-0.235642
0.31808
-0.873377
-0.53098
-0.955307
0.600453
-0.26491
0.051822
-0.25422
-0.377256
0.166749
-0.485636
-0.666512
-0.514687
-0.5676
-0.0285709
-0.478301
-0.669997
-0.328565
0.515223
-1.02024
0.857694
-1.22838
-0.762783
-1.16663
-0.18909
-0.786729
-1.00853
0.233377
-0.007174
0.70002
-1.00263
-0.633479
-0.72866
0.0860465
0.374563
0.435331
0.528005
0.88328
0.47445
0.78829
1.12946
-0.192816
-0.822373
0.00770035
-0.118084
1.01307
0.503749
0.523333
0.301141
0.020489
0.876147
0.0484368
-0.749108
-1.23621
-0.739191
0.874583
-0.649957
-0.370853
-0.990998
0.54126
1.22957
-0.0544432
-0.511281
0.0478987
0.404648
-0.305376
0.569237
0.616101
0.978943
-0.207291
-0.295271
0.291081
0.601028
1.1964
1.00239
-0.724449
-0.763012
0.571426
1.39051
-0.30534
-0.0923195
-0.589205
0.130023
0.656221
0.66713
0.878443
-0.187395
0.951605
-0.264851
0.433312
-0.856675
-0.86331
0.508914
-0.609913
-0.148693
-0.508533
0.898974
-0.51552
-0.226444
-0.366612
-0.857004
-0.491958
-0.582811
0.327725
0.562735
0.148199
-0.792772
0.331291
-0.543598
-1.32031
0.172806
-1.4508
0.866261
0.309655
0.0656339
-0.72505
0.561989
-0.863111
0.431281
-1.12595
-0.880253
-0.201578
1.02179
0.408383
-1.08514
0.107518
0.828305
0.174861
0.585251
-0.002804
-0.291742
0.141237
0.0382357
0.49179
0.038725
1.32246
-0.334825
-0.268767
0.559482
-0.179714
-0.423532
-1.21615
0.0248653
0.574157
0.384112
-0.408349
-0.185585
0.471086
1.08267
0.512708
1.33665
1.33729
-0.584561
1.07779
0.30343
0.343442
0.367481
0.0284392
-0.947972
-0.533786
-0.0281355
1.09163
0.984291
-0.428902
-0.230315
-0.413219
0.0443632
-0.221303
0.090574
-0.380016
0.991596
0.155908
0.962417
-1.10901
-1.26391
-0.359461
-0.414873
-0.615646
-1.17114
-0.832305
0.356398
-0.726485
-0.729255
1.13845
-1.16477
0.296901
0.327775
0.28121
0.493165
0.165426
-0.475358
-0.220543
0.109101
-0.757796
-0.499051
-0.626055
0.521685
0.701992
-0.0369327
0.671128
0.774679
-0.892888
-0.202587
0.497383
0.110979
-0.125135
-0.620934
0.718227
-1.33863
-0.355266
-0.165751
-0.309423
-0.841619
-1.31511
-0.204175
-1.33823
-1.11807
-1.23617
-1.26878
1.03077
0.742702
-0.375859
1.0321
-1.21176
-0.00132705
0.700536
-1.02736
0.770278
0.731757
0.478346
-0.0659658
0.726873
0.494162
0.106872
1.03429
0.00930086
1.37088
-0.0081321
0.587513
0.29063
-0.458608
0.58425
-0.647156
-0.693952
-0.0830394
-0.0888348
0.252424
0.366663
1.02579
-0.410837
-0.323296
0.401285
0.411843
0.694244
-0.193613
0.383506
0.994093
-0.357161
0.463054
0.330208
-0.684141
-0.91551
0.587926
0.964227
-0.147227
-0.395367
-0.0333467
0.185308
0.1305
-0.688929
-0.210578
-0.629065
-1.02402
-0.766472
0.885884
0.993727
-0.88678
0.93645
-0.0260607
0.996404
0.173111
0.413405
-0.550911
-0.371113
0.03718
-0.197734
1.27263
0.45972
0.124167
-0.666501
-1.06459
-0.589468
0.934097
0.0470499
-0.56692
-0.879076
-0.457063
0.691227
-0.963497
-0.150691
0.912938
0.734914
0.65854
-1.1155
1.06376
0.295395
0.0410688
-0.875413
1.15568
-0.201414
1.01063
1.30976
0.906845
-0.300636
0.632849
0.410843
-0.619494
-0.811777
-0.910635
0.750454
-1.11847
-0.313068
1.23788
0.986977
0.386738
1.16587
0.178157
1.12709
-0.850174
0.879727
0.192836
-0.145769
0.843006
0.328547
-0.484827
-1.05258
-0.948484
-0.0664648
0.201674
-0.81456
0.722483
-0.219118
-0.443232
-0.203525
1.38248
0.100889
0.0710143
0.405545
-0.50257
0.459349
0.635673
-0.325979
0.707152
-0.411788
-0.94949
-1.12157
-0.125745
-0.292084
0.789977
0.351313
0.680805
0.141934
-0.129872
0.46767
-0.477437
0.346919
0.666108
-0.545693
0.375051
0.329382
-0.189404
-1.18599
1.39784
-0.101221
-0.289121
-1.00356
0.786411
-0.732324
-1.32683
-1.10713
0.286278
-0.217001
-0.135901
0.312102
0.901938
0.571233
0.0844754
-0.188666
-0.0675747
0.900656
-0.819622
-0.00380707
0.890045
-0.571485
0.915701
0.190205
0.327635
0.835608
1.17508
0.14157
0.991814
-0.220136
-1.37184
0.00893923
-0.295521
-0.658844
0.60653
-1.02561
-0.366033
-0.4051
-1.018
0.210265
-0.0860756
-0.086679
0.104396
0.225677
-0.378967
0.212133
0.525469
-0.980809
0.841035
0.24772
-0.138968
0.945901
0.583961
0.621152
-1.5276
-0.312704
-1.07209
-0.678761
0.0550739
-0.157373
-0.12666
0.0197077
0.429764
-0.414968
-0.111871
0.0720686
0.368838
-0.396358
-0.085055
-0.088351
0.0412497
0.214533
-0.868983
0.876279
0.662433
-0.21599
0.0335598
-0.359287
-0.972944
0.920243
0.394334
0.331875
1.32121
1.31644
-0.356587
0.930126
0.670551
-0.132528
-0.339184
-0.902682
-1.04114
0.211709
-0.475519
0.0249313
0.574827
-0.395495
-0.262986
-0.16592
-0.752981
-0.385598
-0.252902
1.46325
0.162096
-0.856358
0.207273
-0.27439
-0.617107
-0.507086
0.888184
1.17044
0.689809
0.763069
-0.202068
0.348863
-0.640702
1.08011
-0.905422
0.242432
-0.402031
-0.140384
0.869856
0.675865
0.0671118
0.332658
-1.10782
1.1687
0.531035
-0.013972
-0.600701
0.229657
1.24477
0.595167
0.623147
-0.707322
0.246305
0.24507
0.701752
-0.123493
-1.17269
-1.05819
-0.602933
-0.823238
-0.340743
-0.0784783
0.936229
-0.9417
-0.486481
0.111774
0.336912
0.498016
-0.117812
-0.25102
-0.794431
-0.440787
0.625753
0.402625
-1.05058
-0.157773
0.411202
1.42863
0.469691
-0.576508
-0.829502
-1.12228
1.23595
-1.01903
-0.0376546
-0.644555
-0.378123
1.24689
-0.973019
-0.026163
1.20146
0.276871
-1.17819
0.600367
-1.39832
-1.4396
0.837346
-0.052737
-0.604062
0.594241
1.03378
-0.530699
0.0420911
-1.20057
-0.332649
-0.0912112
-0.0454116
0.0322825
0.434819
0.371058
0.451522
0.0587748
-0.563019
-0.600604
-0.542781
-0.926609
0.0856561
0.163125
-0.317418
0.8996
-0.415011
0.900138
-0.739491
0.736491
0.805052
1.07005
1.36399
0.238961
0.605447
0.270729
0.564158
0.555315
0.839794
0.131771
0.210838
1.07843
-0.121058
0.105442
1.27904
0.667553
0.808738
0.0994929
-0.152872
0.606214
-0.815691
-0.392976
-0.645927
-0.472644
-1.34767
0.795967
0.821888
0.0838751
0.592539
-0.382516
-0.659362
0.453115
-1.14082
0.525155
0.432874
-0.858992
-0.449437
-0.792082
0.204112
0.49045
0.777728
0.962359
0.106234
-0.405209
0.0631899
-0.457882
-0.0151304
1.3892
0.870907
0.402044
-0.758222
0.916689
-1.18867
0.996985
0.434354
0.368566
-1.15816
0.279418
1.1204
1.02977
-0.379784
-0.135936
-1.19886
-0.126898
-0.299012
-0.453428
-0.243454
0.0445109
0.0470805
-0.783893
0.386409
0.184473
-0.690102
0.0762472
0.761025
0.313659
0.312968
-0.124022
-1.13959
-0.810804
-0.547329
0.653973
0.547337
0.207748
0.149872
-0.831644
-0.122359
0.732452
0.95644
0.107774
0.397685
0.59978
-0.666769
-1.19839
0.546023
0.351636
0.0845376
0.0474526
1.33821
0.4601
0.00975998
0.0478036
-0.0341577
-0.0448906
0.146559
-0.892415
0.442412
-0.477344
0.228526
0.684206
-1.02395
-0.322356
-0.540607
-1.27251
-0.429938
0.367268
-0.822905
0.558629
-0.735741
-0.397517
0.373299
-0.152444
-0.0755584
1.43564
-0.205796
0.38346
-0.864396
-0.128004
-0.288173
-0.83653
-0.970444
0.623133
0.143103
1.17666
-0.210172
-0.0515933
-0.096024
-0.959155
-0.664691
1.35833
0.443754
0.596887
-0.702174
0.637262
-0.560512
-1.18057
-0.426931
-0.24962
0.498381
0.573226
1.18158
-0.473678
1.16003
-0.816112
-0.00892297
0.0978651
0.325062
-1.17157
-1.36473
0.104161
0.850409
1.03212
0.823981
0.0936415
-0.3968
-0.84575
0.606339
0.214139
0.503825
-0.152661
-0.67563
0.454181
1.0402
-0.142271
0.349431
0.606866
-0.27846
-0.31083
-0.33303
1.33082
0.533542
1.17635
-0.104953
-1.03365
-1.15726
-0.0286806
-1.3083
1.22175
1.13874
1.01366
0.284103
-0.49495
-0.0182648
0.318703
0.116358
-0.973926
-0.446616
0.832442
0.990779
1.44092
-1.14463
-0.0381183
-0.907444
0.191084
0.00316071
-0.0898594
-0.730906
1.0791
0.400724
0.00856691
0.709253
0.801074
-0.836064
0.717648
0.104589
-0.838781
0.503989
0.418665
0.0902754
0.736653
-0.51272
1.19099
0.725042
0.329592
0.0728704
-0.512603
0.0575974
-0.614989
0.563881
-0.0240798
1.14136
0.122161
0.118027
0.0655696
-0.239358
1.23654
0.686881
0.232691
0.99164
0.0111044
0.408354
-1.20714
-0.518909
0.527253
-0.482012
1.42226
0.287562
0.606661
-0.478564
-0.858215
0.0927254
0.49379
-0.901205
0.620607
0.245899
-1.23507
-0.328562
-0.291415
-0.850884
0.319317
-0.202064
0.0943018
0.385307
-0.659286
0.17758
-0.611914
0.661016
-1.26249
0.424866
-0.0641272
0.497013
0.5708
1.36427
-0.48959
-0.156422
0.686394
0.187052
-0.349931
-1.05987
-0.525097
-0.65263
-0.062646
0.0256949
-0.271331
-1.18588
-0.731083
0.869636
0.154228
0.225274
0.149658
0.695472
-0.0867738
0.809713
-0.697629
-0.602465
0.755941
-0.0126835
1.28489
0.259999
-0.897039
-0.0952904
1.23642
-0.000392889
-0.25317
-0.300485
0.386321
-0.181251
1.1145
-0.859754
-0.702794
-0.171091
0.189682
1.05501
-0.316186
-0.552034
-0.335974
0.67465
0.320856
1.05652
-0.977469
-1.40256
0.0863681
-1.1112
0.302886
-0.863812
0.972726
0.178127
-0.457532
-1.21735
-0.268467
0.410985
-0.548037
0.852604
1.11969
0.469769
0.0569809
-0.363304
-0.830385
-1.24824
0.0203873
1.12434
1.3241
-0.117648
-0.712144
1.28576
0.518619
-0.528549
0.263253
0.287637
0.0054997
0.39418
0.210453
-0.14689
0.674482
0.446031
-0.813416
-0.53538
1.1495
-0.307673
-1.0862
-0.691533
-0.8283
-1.34804
-0.0658518
1.02193
-0.933225
0.96275
0.549148
-0.955619
-1.06529
0.236212
-0.290376
0.25472
-0.831247
0.360405
-0.486344
-0.112908
0.488769
-0.787067
0.315044
-1.41316
-0.0471085
-0.428221
-0.526015
-0.157505
0.296975
0.720232
-0.237955
-0.899291
1.19881
-0.812919
-0.29464
-0.722245
0.14
-0.0964727
-0.503238
-1.32669
1.36226
-0.597401
-0.232062
0.087868
-0.504027
0.497102
0.706733
-0.315329
-0.0268397
-0.847225
0.657507
0.212085
1.32496
-0.380711
0.12242
1.42207
0.124726
0.630462
-0.933096
0.236296
-0.0271577
-0.834479
-0.201314
-0.549799
0.311357
-0.943046
-0.0424407
0.798492
-0.139075
0.773807
0.117726
0.23673
0.183583
-0.849215
0.416378
0.0656842
-0.639382
-0.732723
0.701852
0.0693969
-0.54407
-0.345268
0.332174
-0.107462
-1.01473
-1.18057
0.978895
0.68182
-0.533527
-0.318658
0.554684
1.15426
0.488815
-0.512715
1.17818
0.431619
0.453497
-0.52943
0.255421
0.311811
0.031409
-0.062126
-0.436626
0.930175
0.111501
0.568044
-0.831933
-0.0403484
0.962575
-1.42645
-0.30906
-0.843225
-0.318247
-0.346545
1.14954
0.763642
1.2625
1.06874
1.23961
-1.29649
-0.459246
0.0893111
0.776062
-0.439788
-0.154937
-0.0107855
0.818087
-0.0527715
-0.21888
-0.439936
-0.95402
-0.782754
-0.899095
0.32095
-0.86709
-0.441919
0.721344
0.241073
1.1609
-0.502843
0.689476
0.535409
0.563675
1.1691
-0.942742
-0.0217386
-0.00407606
-0.0676976
-0.105598
0.245124
0.368676
0.246902
0.0463918
0.529894
-0.851811
-0.679253
0.988395
-0.357259
0.836422
0.520736
0.91964
-1.07571
-0.485062
0.710523
0.398326
1.40721
0.481014
-0.494417
0.189044
-0.00673156
-0.177353
-0.674085
1.08512
1.38981
-0.722177
0.223147
-0.299757
0.0880433
1.41662
0.572446
0.670091
-1.21205
0.453307
0.348472
0.766675
0.610711
1.11646
0.149124
-1.08111
-0.494688
0.324315
-0.724533
0.335314
0.11191
0.0283548
0.712029
0.351085
0.0823029
0.101019
0.200773
0.103276
0.931848
-0.609118
0.29912
-0.776562
-1.04414
-1.11846
0.00404899
-0.438202
0.0524112
0.266398
0.191761
-1.41793
0.627837
-0.663194
-1.3134
-0.706363
1.35219
-1.13367
1.05784
-0.0650312
-0.279329
-0.0637842
-0.693716
0.397837
-0.27397
0.288851
-1.09933
-0.268816
0.557356
0.338801
0.99632
0.611159
1.19801
-0.552688
-0.629346
-0.155258
0.283229
0.306192
0.2577
0.421775
-0.531901
0.194946
-0.429199
-0.488652
-1.09932
-1.11025
1.18625
-0.346369
-0.298456
0.551498
1.27153
1.03408
-0.47876
-0.600873
0.0133373
0.384749
-0.91969
-0.641745
1.30715
0.0277355
0.176229
0.592881
0.492799
-0.0692511
-0.870367
-0.667589
0.207843
1.02228
0.00615097
-0.643855
0.296925
-1.01998
0.602735
-0.423647
0.4673
-0.792462
0.266778
1.19617
-0.295043
-0.791508
-1.002
-0.240445
0.853849
0.392386
-0.619541
0.347703
-1.20247
-1.05225
-0.535928
-1.04493
0.851048
-1.06988
0.028048
-0.497215
-0.583435
-0.19818
-0.00983417
-0.293107
0.264998
-0.601428
-0.735285
-0.799666
0.044585
0.205287
-0.574322
-0.0601866
-1.30791
-1.06792
-0.42689
-0.182508
-0.421341
-0.0289109
0.608841
0.365952
1.38838
0.545263
0.389698
0.259963
0.782904
-0.423286
-0.275153
-0.147089
0.0145967
-0.588534
-0.00551025
-0.450593
-1.19519
-0.502247
0.00478856
0.226798
-0.980107
1.13652
-1.33098
-0.182255
1.1164
0.752088
-0.0211965
0.886506
-1.14902
-0.451375
1.06776
-0.0407593
-0.816379
-0.00707211
0.211475
-0.994346
0.446321
-0.208409
-0.452196
0.130179
1.02736
0.529034
0.0853371
-1.32433
0.450172
0.294455
0.0509192
-0.129543
-0.60682
0.206904
-1.1091
-0.307003
0.763033
-0.266014
0.73274
0.113338
-1.29516
0.139269
0.548413
-0.61897
-0.75506
-0.655072
-0.553625
-0.462851
0.232697
0.467193
0.566812
0.109481
-0.119471
-0.306608
0.0512481
0.730839
-0.698535
-0.0853739
1.42404
-1.20484
-0.876413
0.35474
-0.0779025
-1.02582
0.571969
0.698279
0.674898
-0.0072093
0.433529
-0.0390188
-0.811041
-0.380607
0.222251
0.579791
1.24253
0.379792
-1.32753
-0.0842736
0.888281
0.754719
0.211958
0.309447
-0.12893
-0.441295
0.392835
-0.69721
-0.176801
1.01402
-0.0608708
1.32128
-0.0584638
1.22143
-0.331141
-0.444469
0.919375
-0.38438
0.264158
1.17214
-0.535546
0.823438
-0.957706
-0.663358
-0.026365
-0.381139
-0.419534
-0.0186838
0.706765
0.214863
1.36324
0.430746
0.831576
-0.607006
-0.125936
-0.186129
0.0671554
-0.850763
1.32357
-0.187351
-0.410858
-1.14144
1.19157
-1.1044
0.687409
1.10646
-0.498382
-0.942222
-0.515663
-0.882439
-0.980471
-0.0373665
0.181094
1.25877
0.431504
-0.401062
0.900854
-1.1076
-0.31453
1.24626
-0.726748
0.585415
0.461556
0.733519
-0.0793458
0.100899
-0.811848
-0.962491
-0.790521
-0.697725
-0.420465
-0.181475
-0.506684
0.122073
0.159324
-0.973604
1.28926
0.66052
-0.211898
-0.0199344
0.353947
0.183926
1.16311
0.152112
-0.454618
-0.38869
-0.885913
-0.251068
-0.658989
0.223292
-0.247142
-1.40024
1.01157
-0.277357
-0.117728
-0.452259
0.787053
0.00616097
-0.19598
-0.551233
-0.382561
-1.19799
-0.169563
0.21033
-0.558334
-0.663218
-0.11356
0.404453
0.402449
0.519395
0.23264
1.28888
-0.0943104
-0.330969
-0.337089
0.952043
-0.133654
0.107412
0.250782
0.67792
0.0924152
-0.0174492
-0.960331
-0.316191
-0.259164
-0.179362
-0.270467
0.342332
-0.685307
0.477065
0.344527
0.454814
0.404282
0.546068
0.229098
-1.43613
0.236744
0.0730089
-0.806386
-0.202662
0.566513
-0.0404719
0.554252
-0.410185
-0.676472
-0.00377007
0.0265175
0.0982428
-1.19332
-0.082323
-0.330422
0.793029
1.39839
0.455418
-0.663784
1.23617
0.569308
1.44073
0.0669651
-1.22614
-0.843456
-0.217641
0.171461
-0.256552
0.797159
0.699955
-0.174149
0.845953
-0.0899248
0.512342
-0.0225532
-0.0417923
0.205337
0.997375
-1.0409
0.235853
-0.396509
-0.514106
0.284915
0.428469
-1.10892
-0.308937
0.519978
0.355672
-0.153473
0.614062
-1.16974
-1.1447
-1.06331
0.0425854
-0.0353929
-0.579263
-0.747336
0.637791
0.440394
0.496407
0.136115
-0.422546
-1.3592
0.602128
0.180955
0.257593
1.11596
0.206904
-0.648459
1.23632
-1.13239
1.19286
0.725072
0.138126
-0.860704
-0.565041
0.868652
0.650817
0.446448
0.384318
-1.11528
-0.672817
0.437897
1.14907
0.555306
0.0914169
-1.08678
-0.55009
-0.413571
-0.951714
-0.281785
-0.387174
0.140989
-0.874861
0.48007
0.0160992
0.058309
-0.730113
0.736881
-0.762706
-0.742429
0.808605
0.552179
0.702967
0.0757238
-0.852204
0.414255
-0.243376
-0.221963
0.319327
-0.0246084
0.641488
0.313878
0.00973959
0.473912
-0.0958268
-0.578159
0.204259
1.02885
-1.02766
-0.114475
0.172643
0.248981
-1.24655
0.125253
-0.02134
0.618919
0.42834
-0.597599
-0.642145
0.321242
0.687844
0.281635
0.97252
-0.135911
0.123706
0.392985
0.965363
-0.0633224
1.5073
0.424146
1.15749
0.843817
0.30731
-1.20222
-1.04994
-0.192276
-0.475782
0.487785
0.0785773
0.474637
0.634433
-0.0905626
1.39501
-1.16462
1.43848
-0.307427
-0.476965
-0.285024
-0.521907
0.9634
0.796059
0.0578085
1.01482
-0.814645
-0.338776
-0.618482
0.223931
-0.191058
-0.610329
-0.997723
0.632657
0.692483
1.26617
1.05547
-0.54178
-0.277564
-0.272619
0.865
6.81662e-05
-1.08595
-0.625805
0.12442
-0.178769
1.08191
0.871666
-0.855593
-1.31199
-1.07536
1.22218
-0.827599
1.02129
-0.0799494
-0.378261
-0.476951
0.205353
0.0933602
0.606629
0.308743
-0.889202
0.86325
1.14475
0.969084
0.808898
0.1719
0.298631
0.370499
-0.382434
0.243346
0.190372
-0.245852
0.569156
0.259248
0.119202
-0.416336
-1.10218
0.139354
0.0969054
0.098221
-0.846888
-0.00246493
0.713173
-0.361074
-0.256276
0.916715
0.860936
-0.0268713
-1.28387
1.17988
-0.413608
0.767357
0.114218
0.686968
-0.734004
-0.755681
1.05993
0.530622
0.854419
0.565134
-0.990202
-0.456781
0.264701
-0.878061
-0.761858
-0.436035
-0.95146
0.102707
-0.457628
-0.533719
0.386506
0.10822
0.208938
-0.0618301
0.959508
0.479952
1.18388
0.857067
-0.924645
1.11417
-0.461835
0.109252
0.197196
0.0333325
0.251738
-0.337992
-0.0481188
-0.508381
-0.853553
-0.835618
1.05815
0.0339672
0.44281
0.732355
-0.221491
-0.312906
-0.0350738
1.23787
-0.491422
-0.365292
1.04674
0.646957
-0.387737
-0.119287
-0.468567
-0.00269346
-0.704299
0.786724
-0.508478
0.703464
-0.521354
1.35778
0.890187
-0.0921905
0.342426
0.279174
-0.243098
0.243815
-0.658771
0.267304
-0.705916
-0.30031
-0.28958
-1.51796
-0.361353
-1.15981
0.640407
0.424129
-0.075679
0.211925
-0.430721
-0.372931
-0.236469
-0.104501
0.80677
0.856489
0.272115
0.975148
1.06958
-0.338025
0.351788
-0.893724
-0.429949
-0.637287
1.49243
0.162271
0.619274
-0.347232
0.502753
0.680738
1.33552
-0.806712
0.711772
0.46046
0.80246
-1.11909
0.198642
-0.277227
-0.0835806
-0.752631
-0.68402
0.375513
-0.85951
0.237533
-0.855383
-0.0124441
-0.633693
0.399373
-0.315546
-0.905123
-0.624993
1.18815
-0.891509
-0.81101
-0.0962129
0.0491022
-0.543136
-0.0086135
0.997172
0.700514
0.165721
-0.529142
0.252942
-0.907073
-0.195923
0.4509
1.12079
0.122694
0.663433
-0.500846
-0.471442
0.594866
0.365084
-0.497015
0.38066
0.799094
-0.432964
-0.730332
-0.397717
-0.638573
-0.303055
-0.163879
-1.15486
-1.15199
-0.99689
0.250847
-0.997113
-1.22052
0.222051
0.574771
0.131128
-0.406487
-0.546213
-0.691127
0.664776
-0.470879
0.169088
-0.452938
-0.0511024
-0.190226
-0.309301
-0.553337
0.103283
1.0178
-0.980546
0.737742
-1.11935
-0.694382
-0.450104
0.471752
-0.862267
0.745519
1.1069
0.584696
0.423968
-1.25412
-1.28458
-0.946164
0.0525645
-0.0944549
-0.523626
-0.947174
0.327414
-0.124284
-0.227017
-0.232643
-0.908325
1.1523
-1.25441
-0.918198
-0.0445227
0.260169
-0.566362
-0.25368
0.855099
-0.332187
1.25385
0.361401
-0.219347
0.152786
-0.401511
0.272184
1.52454
0.711485
0.600277
0.406744
-0.857174
-0.853207
-0.530856
-0.149112
0.110708
-0.146553
1.23604
-0.517786
0.336721
-0.738917
-1.5115
-0.789209
-1.10933
0.424367
0.146175
-0.239198
0.424366
0.0802443
-0.411686
0.609111
0.171734
-1.01941
0.35958
0.558816
1.0286
0.332364
-0.428523
0.311506
-1.42156
-0.885999
0.330687
-0.638312
0.266529
-0.947828
0.234831
0.065415
0.405672
-0.197122
-0.839107
1.09257
0.4006
1.02113
0.830275
-0.31216
0.977418
-0.162736
0.612237
-1.30678
0.487041
-0.0396872
0.0350744
-1.20514
-0.309322
-0.802988
-0.677446
-1.19747
-1.11126
-0.360075
0.219761
0.287477
0.061183
-1.02115
0.501353
0.737086
-0.559205
-0.691398
-0.75871
1.09072
0.373609
0.334451
-0.286668
-1.23966
0.727206
1.42652
-0.474801
0.515816
-1.04839
-1.14887
-1.20621
1.03637
-1.31293
0.935053
0.969573
0.0855917
1.39727
-0.0252888
-1.1771
0.357751
-1.23521
-0.10779
0.409885
-0.485105
-0.127401
-0.0501678
-0.485588
0.934824
-0.822635
-1.11147
0.86514
-0.306947
0.444002
0.299885
-0.836732
0.446743
0.197271
-1.5
-0.814942
1.40331
0.984739
-0.174151
-0.143182
0.416694
-0.82221
1.31787
0.829365
0.227043
-0.574371
-0.984425
-0.269389
-0.223617
-0.33188
-0.414127
0.179675
0.786517
0.239195
-0.571976
-1.22142
0.827371
-0.101828
1.31234
0.461579
-0.0510803
-0.303034
1.17345
-0.779108
-0.796356
1.13156
0.0138799
-0.625755
0.159481
0.0366735
-0.818026
0.159248
0.862163
-0.125102
0.572638
-1.5418
-0.00597812
-0.0853374
-0.2062
0.580381
-0.0727945
-0.81701
-0.0599171
0.867126
-0.2392
-0.0978625
-1.35139
-1.32963
-0.23239
-0.823059
-0.569203
-0.256106
0.728033
-0.5536
1.16792
0.28841
1.02133
0.355866
-1.20439
-0.00551219
0.566031
-0.222366
1.05727
1.28473
-0.0127514
-1.29297
-0.865252
-0.730307
0.30741
-0.704432
1.23995
-0.835639
-0.225714
-0.0807165
0.454523
0.323897
0.735642
-1.02833
-0.723178
-0.775737
0.364666
-0.0558329
-0.374311
0.758046
-0.740096
-0.419626
-1.10321
0.206669
0.922066
0.812338
0.518711
0.0583722
-0.249709
-0.0781124
0.141757
0.637123
0.413713
-0.529588
-1.23337
0.780335
0.487935
0.62031
-1.36243
0.923467
1.02186
-0.0791403
-0.39046
0.646472
0.353392
0.352238
-0.365681
0.816221
0.5055
-0.921204
-0.596871
0.839262
-1.15573
-0.963754
-1.20196
1.10869
-0.693429
-0.602699
1.06641
1.00433
0.312382
-1.01815
0.628188
0.239152
0.509492
-0.0162669
0.122391
-0.506889
-1.28664
-0.286959
0.442563
-1.37634
-1.02944
0.409663
-0.535674
-0.315321
-0.666792
-0.797298
1.11218
0.742111
0.704347
-0.127849
0.183017
0.812029
0.649535
-0.943901
0.749795
-0.346731
-0.667925
0.181583
-0.85131
-0.0587668
0.239037
0.0735811
-0.552973
0.578584
-0.425954
0.482583
0.367258
-0.42031
-0.152919
0.461494
-0.926906
0.756481
0.801543
-0.490928
0.799414
-0.279459
-0.815716
-0.0988922
0.468328
1.07085
0.823362
1.25421
0.276168
0.943666
0.944439
1.41684
-0.166636
0.542067
0.0729819
0.191719
0.369055
-0.799151
-0.854885
0.863698
0.204497
-0.167422
0.101442
0.692633
0.274803
-1.07867
-0.0858739
-0.225029
-0.391033
-1.21853
-0.432131
0.962924
-0.929952
0.0594109
0.45112
-0.303855
0.455195
1.12005
1.2989
0.27096
-0.356944
-0.976258
0.20822
-0.431297
0.259791
-0.548139
-1.06159
-0.00349601
-0.499948
0.0625101
1.33964
-0.163004
0.438862
0.536915
-0.826678
-1.02578
-0.237336
0.943878
0.299382
-0.535008
-0.677403
0.387602
-0.451527
0.551763
0.967248
-1.53297
0.380753
-1.00421
0.897841
-0.470675
1.32638
0.742924
-0.828871
-1.15919
-0.464903
-0.253295
0.968128
-0.249594
-0.73569
1.19678
-0.917214
0.36309
0.824748
0.656325
-0.0645732
0.200262
0.43928
-0.487927
0.465562
0.661385
0.99732
-0.068024
1.31616
-0.222842
-0.0741484
-0.225482
1.34294
0.257618
0.997125
0.838676
-0.480247
0.203122
0.827229
-0.13313
0.0883202
-0.365413
-0.981279
-0.946036
1.12731
-0.275817
-0.676996
-1.07504
-0.981471
1.18791
0.239572
-0.168287
1.06113
-0.514085
0.583562
-0.116011
-0.358078
0.383824
0.615111
-0.0919207
0.591166
-0.17042
-0.594759
-0.644911
-0.717836
0.883981
0.4133
-0.543106
0.261093
0.9457
0.229813
-0.225955
0.535989
-1.04411
-0.4753
-0.664565
-0.266406
0.171391
0.759192
-0.679065
-1.09908
0.173374
-1.23063
-0.298536
0.616674
1.18285
0.497312
0.603632
-1.15932
0.530559
1.34876
-1.16865
0.064769
-0.213984
-0.0325029
-0.296259
0.745911
0.889638
0.106202
0.871374
-0.157815
-0.344337
0.580827
0.344129
0.541027
-0.71719
-0.47603
0.335772
-0.670313
-0.798603
1.25096
0.900187
-0.717552
0.710592
0.224691
-1.12053
-0.544183
0.381248
0.672865
-0.921442
0.995252
-0.0247409
0.739569
0.254201
0.983927
0.22723
-0.622682
0.39704
-0.288317
-0.382784
-1.07996
-0.0907948
-0.830881
-0.040497
0.341189
0.778827
0.721448
0.271419
0.341183
-0.00467737
-1.07815
-0.638602
-0.221524
-0.315175
-0.2316
0.699811
0.532093
-0.793174
-0.0582138
1.04374
-0.949154
-0.0928354
-0.274036
-0.66082
0.812175
-0.663804
-0.672026
-0.083189
0.0370058
-0.072931
-0.0326811
-0.0970307
-0.841741
0.977451
-0.48461
1.12952
0.39592
0.240346
0.615571
1.07584
0.253625
-1.1075
-0.426361
0.458447
0.516995
-0.96302
-0.14627
0.266187
-0.357274
-0.357338
0.960912
1.4156
-0.903261
1.10368
-0.424307
-0.138951
1.11017
-0.403803
-1.01625
-0.0396002
1.032
-0.286913
0.601503
0.853301
0.102373
-0.161555
-0.0711348
1.11493
0.527504
0.429351
-0.245837
0.808307
-0.767464
-0.112289
-0.0430561
0.746086
-0.32047
-0.408249
-0.529034
0.968623
1.35826
-0.481227
-0.538109
0.0149445
0.174153
-0.0680414
-0.59652
0.316856
-0.639618
-1.38334
0.160639
-1.26257
1.34589
-0.695604
1.42529
-0.609213
0.94953
-0.482531
0.818791
0.13865
-0.538484
0.879362
0.79383
-0.14565
-0.90691
-0.0669181
0.18251
-0.0580684
0.378937
-0.673563
-1.0661
-0.552387
-0.85389
0.615269
-1.14274
1.07496
-1.27966
-0.433927
0.376265
1.25245
1.15948
0.318463
0.233527
-0.957122
-0.800798
-0.924366
0.725191
-0.00646597
0.477617
1.11313
0.208374
-0.119604
0.668365
0.80331
0.131199
-0.563344
0.00793981
-0.403612
1.40041
0.775246
-0.386673
-0.0328163
0.653003
-0.378843
0.828988
0.245678
0.867936
0.840087
-0.145525
1.00482
-0.774379
-0.0737916
0.0779131
1.3774
-0.814469
-0.689451
0.148523
0.824327
-0.274116
-0.357423
-0.300808
0.654253
-0.176665
-0.787162
-0.0468634
-0.240309
0.206993
0.138915
-0.287843
0.520562
-0.0155311
0.728086
0.15251
0.731259
0.216299
0.791975
0.731527
0.245974
-1.00955
-1.32398
-0.817516
0.635162
-0.0271942
-1.29423
-0.477876
0.181276
0.0287403
-0.775366
-0.338595
1.1295
0.421355
-0.425406
-0.67043
-1.16024
0.7388
0.635758
0.123362
-1.03165
-0.679543
-0.441323
0.551379
1.28771
-0.696593
-1.38488
-0.00716819
-0.671577
-0.0334656
1.32477
0.989229
-0.217682
-0.199487
0.340583
1.06681
-0.311585
-0.0262986
0.416211
0.522025
-0.670292
0.0503132
-0.751482
0.858915
-0.917079
0.473996
-0.204088
0.0700914
0.721396
0.0506069
-0.425898
0.317596
-0.156885
0.475947
-0.463153
1.22793
1.46683
1.11885
0.637878
-0.818164
-0.385042
0.128074
-0.296782
0.281197
0.0443195
0.711051
-0.168001
-0.211147
1.08854
0.146549
-0.318673
-0.541071
-0.770067
0.604062
0.0041387
0.197191
-1.06219
0.795545
0.16911
-0.276236
-0.0307559
-1.01189
-0.125343
0.253541
0.471081
-0.103872
-0.144036
-1.01672
0.258638
-0.687586
0.645581
0.120527
-0.851743
-0.0411324
0.401472
-0.646833
0.0990394
0.804067
0.654777
-0.536832
-0.809378
-0.811721
0.0206883
-0.696202
-1.31901
-0.985551
0.507465
-0.37513
-1.41239
1.25225
-0.365157
0.214554
-0.326755
0.20339
0.0962341
-0.58789
-1.11826
0.945512
-0.868252
0.414078
-1.13267
0.243975
0.979636
-1.49464
-0.934912
-0.954525
0.936059
0.056421
0.611348
1.06427
-0.62868
1.53028
-1.07051
-0.379897
-0.567265
-0.287171
0.286089
-0.385614
-0.723079
-0.352664
0.396504
-0.687504
-0.224829
-1.31849
0.690478
-1.28526
0.562464
-1.35402
0.39405
-0.35577
-1.02241
-0.384341
0.299182
0.340199
-0.288682
-0.66175
0.166522
0.58825
0.609113
0.183158
0.056404
-0.98069
-0.163196
0.0484541
-1.1547
-0.298376
-0.0704573
-0.830004
0.530393
-0.472293
-1.42734
0.128454
-0.546263
-0.0144185
0.419829
0.505145
-0.2448
-0.463297
-0.17886
-0.133657
-0.04975
-0.0245128
-0.726992
-0.367643
-0.628137
-0.893676
-0.638487
-0.839059
-0.488922
1.23369
-0.515104
1.11087
0.294029
0.403572
-1.23838
0.274231
0.286164
-0.205154
-0.0153321
-0.394754
0.197433
0.958537
-0.295286
-0.898876
-0.970989
0.404149
-0.859128
0.518009
0.347091
1.18568
-0.389578
0.107702
0.338936
-0.70635
-0.174744
1.16452
0.995383
-0.183869
1.20235
-0.0496042
-0.43295
1.37702
-0.0985516
-1.073
-0.289543
-0.456925
0.759164
-0.96979
-0.470518
0.0486109
-1.3891
1.03506
-0.765395
0.340682
-0.558186
0.134713
-0.845077
0.341927
-1.34018
-0.761249
0.758131
-0.676677
-0.332741
1.49158
-0.775385
1.05089
0.46835
-0.905123
0.66919
-0.890168
-0.777161
0.258463
0.529874
-0.15375
0.760234
0.115731
0.602081
-0.391986
-0.814292
0.167961
-1.21879
-0.77036
-0.546528
0.93718
-0.608748
-0.247172
0.738496
0.132592
-0.924235
-0.319288
-0.0693049
0.0179606
-0.712321
0.747805
1.29862
-0.479266
0.444781
0.140339
-0.200305
0.394176
-0.0654426
1.19688
0.127858
0.0770553
-0.616665
0.108166
-0.768585
0.227651
0.556378
1.01792
0.404994
0.0457622
0.117972
-0.461802
-0.191191
-1.3002
-0.0845927
1.46941
0.490582
0.21613
1.49522
-0.494524
0.889585
-0.0397846
-0.423575
-0.477907
-0.260739
-0.44009
-0.0783908
0.219829
-1.37132
0.486412
-1.30398
0.36657
1.07001
0.165596
0.241231
-0.777289
-0.913738
0.0725479
1.25316
0.854242
0.791401
0.717442
0.931707
0.203579
-0.0742677
0.284158
0.31987
1.18074
0.185312
0.139361
-0.305344
0.842143
-0.0417621
0.501792
-0.544242
-0.275538
-0.289197
0.68904
0.00523484
0.00299064
-0.00939525
0.539859
0.357647
1.25757
-1.02892
-0.931035
0.74061
-0.652338
-0.0248994
-1.21804
-0.762501
0.398634
0.3071
0.113876
-0.318775
-1.00924
0.788356
0.359938
-0.729721
1.16231
-1.17896
-0.206567
0.261285
-0.703786
0.141908
0.309961
0.511177
1.08471
0.0667292
1.1345
-1.43373
-0.447609
0.333312
-0.00471375
0.392632
0.232755
-0.165416
0.630674
-0.164332
-0.367107
-0.138019
0.56192
0.0133518
0.306427
1.02205
0.464546
-0.250081
1.27841
-0.0988412
-1.03974
-0.69929
-0.325784
-0.365507
-0.0379732
0.773293
-1.01101
0.464122
0.716321
1.086
-0.371671
0.0571981
-0.0644016
-0.787477
0.885343
-1.17862
0.207872
0.990431
0.130975
0.829496
-0.286852
-1.15986
0.2693
-0.943352
1.18046
0.107633
1.00533
0.327129
-0.108801
-0.300706
-0.106242
0.593223
-0.77101
0.440556
-0.171325
-0.315891
0.313692
-0.798644
-0.615525
-1.25898
-0.558624
-0.00891816
-0.549259
-0.463667
-0.887985
0.308332
-0.36955
-0.979488
-0.247896
0.898077
0.0909789
-0.115558
1.23378
1.12674
-0.803614
-0.522063
0.58024
0.00428045
0.0772967
-0.194083
0.738869
0.733556
1.16759
0.841533
-0.00697132
0.312881
-0.125182
-0.989861
0.312811
0.240319
0.532003
0.711131
-1.08384
-0.0187144
-0.151455
-0.507205
0.396454
-0.112096
1.23878
-0.311698
-0.15179
0.40731
0.311992
0.0315571
0.187313
0.356479
-1.25239
1.0951
0.411097
-0.241692
-0.783324
-0.230393
1.45579
0.167263
-1.04522
0.241764
0.273904
-0.591072
0.380455
-0.7493
-0.0499988
0.0951303
1.17597
0.458036
0.118229
0.0759358
0.130256
-0.291356
0.440105
-1.27639
0.901415
0.994652
0.296292
-0.858851
0.526987
-1.10024
-0.605243
1.01
0.835919
-0.797157
0.414066
-0.188333
0.381603
0.0494781
-0.583183
-0.0519042
1.20633
-0.27007
0.863277
1.03962
0.998955
-0.63117
-0.0474636
0.459418
-0.656352
0.80956
-0.134899
1.52427
-0.339602
0.9913
0.371167
-0.130599
1.19707
-0.566539
0.0553938
0.319743
0.801978
-0.683332
-0.710049
0.846351
-0.353787
1.31916
-0.757883
-0.0876903
0.900583
0.0972542
0.555159
0.126087
-0.56575
-0.945396
-0.0502117
0.0817797
0.650702
-1.22232
0.405449
-0.293308
-0.0402167
-0.163545
1.16449
-0.672889
0.163171
-0.852483
1.15885
-0.682125
0.254167
-0.0143211
-0.136075
-0.0799815
0.9817
-1.15486
-1.2599
0.456752
-0.164112
-0.28514
-0.26172
1.02365
0.647491
-0.902765
0.109909
0.336512
-0.41447
-0.615691
-0.04793
-1.16932
-0.657566
-0.21689
1.0403
1.13855
0.557701
-0.162062
-1.27953
-0.233551
0.325145
-0.181656
0.952249
-0.475113
0.321055
-0.12963
0.849555
0.821802
0.118774
-0.153472
-0.228216
1.07208
0.382565
0.16132
0.108885
1.36501
0.81225
-0.293291
0.928302
0.550797
0.196208
0.682408
0.737455
-0.496638
-0.657046
-0.173436
0.707859
-0.115868
-0.306042
0.77026
-0.920962
0.356847
0.400633
0.0754733
-0.76461
-0.418682
-1.43937
-0.0274584
-0.920333
0.127984
0.641666
-0.38248
-0.445124
-0.688266
-0.691864
-0.177694
-0.0475672
0.113928
0.619599
0.162077
-0.904186
-0.765006
0.354579
0.933986
1.23634
0.224535
-0.76554
0.800723
0.200968
-0.75808
-0.421637
-0.32377
-0.091143
0.571623
0.415034
-1.44362
0.675994
0.611308
-0.782524
0.342334
-0.725523
-0.369297
-0.810743
0.793304
0.307438
-0.0988806
0.594081
1.0621
-1.07214
0.989443
-1.38587
-0.733746
-0.029492
-1.01892
-0.0152788
-1.08521
-0.489118
-0.281371
-0.125501
0.271132
0.269026
-0.0176608
-1.36967
0.593533
0.711626
0.0093173
-0.821483
-1.26616
-0.468846
1.15498
-0.150852
0.0952399
0.112165
-0.955443
-0.56114
-0.898905
-0.053413
1.42794
-0.159053
-0.839395
0.587614
-1.10055
1.28805
0.323609
0.867731
0.500077
-0.667259
0.548536
-0.575786
0.568314
-0.769412
-1.04369
-0.138673
-0.651853
0.548624
0.282034
-0.14131
-0.0520527
1.27109
-0.41897
-0.512717
-0.174474
0.587859
-0.00121638
-0.315645
-0.536242
0.934861
-1.15563
-1.33862
0.74236
0.243526
-1.17455
-1.07783
0.312597
0.412632
-0.444969
-0.827654
-0.943872
-0.374525
-0.100663
0.243106
0.584057
-0.316164
-0.476116
-0.267233
0.291618
0.370867
-0.243175
-0.739639
0.0862091
-1.04467
1.24814
0.180971
0.619655
-0.159365
-0.553373
0.769962
0.557206
0.843538
-0.702571
0.491756
-0.380444
-0.337863
-0.169395
-0.979413
-0.845336
0.2122
-0.4817
0.541671
-0.0734504
-0.385644
0.0688897
-0.00186624
0.472936
0.841846
1.06347
0.18316
0.807999
-0.00881944
-0.373729
-0.64856
0.601352
0.54949
0.351924
0.0463812
0.706996
-0.573055
0.776003
-0.862297
1.10854
-0.299591
-0.2367
0.423988
-0.630378
-0.592729
-0.376325
0.0289564
-1.09631
-0.158717
-0.884843
-0.675102
0.048793
1.09442
-0.106948
0.733064
1.14904
-0.349618
-0.410411
-0.178636
1.25732
-0.0750955
0.936822
0.468006
0.457049
0.461968
0.396414
0.958983
-0.215208
1.47858
0.207583
-1.03709
-0.11777
-0.808465
0.268428
0.603597
-1.11134
-0.864331
0.876855
-0.2031
0.689928
-0.241157
-0.730329
-1.40489
-0.449156
-0.608646
1.04023
0.0241224
-0.855536
-0.269998
-0.269019
-0.659665
0.35361
0.193365
-0.381587
0.306126
0.097971
0.838448
0.421333
0.168455
0.320802
0.288067
-0.055103
-0.866364
0.15422
0.00358167
-0.36398
-0.14435
0.593942
-0.622912
0.186903
0.538183
-0.414841
-1.47466
-0.796436
0.684946
0.291769
0.192736
0.679232
-0.830962
0.26503
-1.31788
0.471721
-0.0442817
-0.20619
1.20356
0.357879
-0.536115
0.160371
0.452766
-0.974048
-0.0456807
-0.033031
-0.540093
-0.0605644
0.387061
-0.0480024
0.571692
-0.763129
-0.167846
0.187009
0.613235
-0.563325
0.397254
0.920393
-1.09327
-0.0383734
-0.449813
-1.01027
0.253821
-0.614058
0.634555
0.928052
-0.231274
-0.11072
-0.847256
0.261757
-0.275426
-0.991547
-0.389278
-0.618287
0.348702
-0.500168
-1.05013
-0.668498
-0.633752
-0.304877
0.496187
0.880237
0.970442
0.872532
0.303533
0.383482
0.297293
-0.246295
-0.678615
-0.571482
-0.882481
0.784084
1.02907
0.739326
-0.381121
0.173507
0.449984
0.950424
0.71914
-0.0234165
-0.413374
-0.505872
0.100011
0.383303
0.644312
1.00657
-0.386297
0.317937
0.343564
-0.181941
-0.605886
0.396472
1.10601
-0.443593
-1.25449
-0.767957
-0.464859
0.762908
1.19416
-0.606513
-0.220732
0.122946
0.660382
-0.269534
-0.647321
-1.31907
1.12564
1.14459
-0.218134
-0.747977
0.729531
-0.911296
0.795511
-0.5023
0.927092
0.075694
-0.536507
-1.14295
0.360219
-0.0287822
0.361131
-1.12293
-0.209478
1.10154
0.976506
0.000134095
0.772696
-0.876061
-0.218929
-0.653162
1.3786
-0.0332475
-1.03436
1.3228
-1.26187
0.382705
-0.950305
0.0839487
0.140486
1.12793
1.36383
0.17237
-0.615251
-0.605901
-0.562991
-0.711963
0.263263
-0.572571
0.0300693
0.135019
-0.173271
-0.3718
0.534913
-0.603513
0.347082
1.00529
0.333374
-1.52466
0.62404
1.04175
-0.263199
-1.16842
0.421074
1.31833
0.302592
0.442605
-0.128851
0.374119
-1.16179
0.26468
0.188587
-1.15837
-0.903593
-1.15628
-0.129917
-0.488015
0.03253
-0.0822824
0.856434
-0.456829
0.556595
0.231319
0.370651
1.20654
-0.311067
-1.45815
-0.0417461
0.454284
-0.280772
0.0696433
-0.839519
-0.753704
-0.866719
-0.236566
0.513607
-0.0139065
-0.600752
-1.03321
-0.774144
-0.219147
-0.0122332
-0.33261
0.0208578
0.0485369
-0.0280023
0.121944
0.481585
-0.110005
0.195191
0.283084
0.380435
-0.464815
-0.27931
0.313776
-0.172811
-0.454395
1.23522
-0.510734
-0.863775
0.46664
-0.241279
1.26897
0.904777
0.126316
-1.38068
0.0846863
0.200798
-1.16347
-1.50067
1.05427
-0.468273
-0.567934
-0.432437
0.806966
-1.50304
0.939472
-0.944411
0.00672933
-0.505494
-0.058482
-0.0550392
-0.754811
-0.989204
0.637574
0.0226018
0.221909
0.233069
-0.5035
0.63755
0.886443
-0.582687
1.37975
-0.38596
0.758491
0.603078
0.395404
0.305487
0.426122
0.191453
-0.514385
-0.741684
0.970225
-0.492914
0.963812
-1.00376
1.1126
0.388434
0.64177
-1.05062
0.577093
1.30407
-0.254481
-0.905391
-0.297271
-0.241693
-0.352687
1.48526
0.0915741
-0.068621
0.229114
-0.426998
0.548228
-0.542292
-0.0138218
0.0881937
1.2923
0.500587
0.70198
-0.364949
-0.244602
0.578224
-0.931006
0.718785
0.29028
0.927373
-0.267388
-0.609684
0.356803
0.32932
0.517219
0.0819667
-1.04837
0.157167
0.504395
-0.202184
-0.5291
-0.451067
-0.0267079
0.662921
-0.831724
0.402836
-0.471752
-0.272616
-0.724888
-0.172998
1.39888
-0.384601
0.937046
0.149177
-0.844987
0.24841
-0.442806
0.711403
1.02243
0.815464
1.0145
-0.848965
-0.315162
0.514825
-0.427
-0.375986
0.706399
-0.794682
-0.758335
0.822535
-0.529152
0.61516
-1.04114
0.0397769
-0.0132021
-0.934616
-0.215358
0.520417
1.15748
-0.77502
-0.223062
0.501924
1.40962
-0.41301
0.321358
0.479212
-0.0644391
0.554872
0.563791
-0.540745
-1.09494
0.48582
0.309212
-0.860096
0.251369
-0.721411
0.683394
-0.0185034
1.18436
0.0988928
1.25567
0.817074
0.166738
0.283763
-0.924501
0.0419815
0.0750132
-0.717278
-0.630288
-0.180324
0.0679613
0.00791172
-0.346004
0.539012
-0.824807
0.812902
0.192272
0.274957
0.0161546
-0.123714
-0.306372
-0.848679
-0.363422
-0.252593
0.314624
-1.34152
-1.08988
-0.146246
0.902066
0.381137
-0.469263
-0.723076
-0.157046
-1.47636
0.517048
-0.0309804
-0.267393
0.770005
-0.217001
0.560582
-0.32697
0.37513
-0.986464
-0.0121855
0.818092
-0.39823
0.309129
0.164223
-0.687898
-1.03231
0.0921412
-0.612748
-0.650528
-0.0536364
-0.761025
-0.519245
0.646033
0.0381094
-0.578864
-1.38528
0.647239
0.906828
0.26776
-0.507881
-0.812472
0.924539
0.621272
0.33466
-0.305442
0.0520516
-0.75181
0.23303
0.637874
0.907434
0.925077
0.120396
-0.247306
-0.613627
0.843953
1.04135
-0.28606
-0.935581
-0.0550357
-0.363756
1.30157
-0.548203
-0.0179268
-1.0061
0.161084
-0.689593
0.412706
-1.22845
-0.0842909
0.960128
-0.719954
-0.0993615
1.05249
-1.03742
0.0894345
0.450592
-0.487846
0.293705
-1.12906
-0.0398871
-1.1793
0.607726
-0.948044
-1.19365
-1.23958
-0.617442
-0.275892
-1.43977
0.774828
0.535387
-0.799864
-0.405594
0.989251
-0.0744629
0.447776
0.0109633
0.859784
-0.17424
-0.587397
-0.289279
-0.529704
-0.679665
-0.961067
-0.475493
-0.983854
0.0210951
0.197783
1.15643
0.0635343
-0.573305
0.0348166
0.769188
1.02153
0.0342579
-0.813622
0.57088
-0.463066
0.53396
1.29953
1.3896
-0.85967
0.131998
-0.914299
0.902231
-0.482526
-1.04721
-0.787602
-0.710084
0.0756806
-0.429942
-0.221419
-0.720066
1.10013
-0.573841
-0.0392938
0.5446
1.33244
0.0742788
0.223783
0.626954
-0.385688
0.237346
0.765423
0.0364049
0.0771768
1.19998
-1.21894
0.19402
-0.754964
0.851392
1.15781
1.29498
-0.772862
0.970718
-0.325412
0.391506
-0.0814068
0.63824
0.0962906
0.316593
0.00253143
-0.159815
1.07
-0.679633
0.763016
-1.29508
0.920051
-0.054997
0.18134
-0.479505
0.506725
-1.19033
0.0986151
1.06877
-0.640431
-0.645478
0.0445171
0.311986
0.0354676
0.541269
-0.473482
0.572297
-0.600945
-0.638069
0.224737
-0.137354
0.886353
0.525342
-0.412806
-0.273912
1.30955
0.0773254
0.394811
0.82167
0.970975
0.28864
0.906831
-0.766909
-0.844848
-0.575667
-0.685262
0.0557882
0.185008
-0.207618
0.674453
0.288906
0.233602
-0.492139
1.08237
-0.912858
-1.09902
0.0142004
1.21176
0.225318
1.11987
-1.09
-0.540114
-0.81438
-0.182295
-0.648035
0.0984926
0.183023
-0.20822
0.896743
0.302942
1.36416
0.775714
-0.015231
0.255256
-1.26099
0.387829
0.600871
0.776089
0.194487
-0.147751
-0.888059
-0.760217
-0.432957
0.0866856
0.227033
0.896899
0.364661
0.738129
-0.491795
0.88439
0.439675
0.125661
0.884879
-1.16154
-0.279807
-1.08561
1.27649
-0.214648
-0.173972
-1.47056
0.443856
-1.09073
0.193025
0.886593
-0.864499
0.286053
0.924092
-0.185896
0.101686
-0.711919
0.558149
1.19672
-0.307178
0.0822594
0.192725
0.795125
0.32545
0.595429
-0.493644
0.241979
-0.305228
-0.931053
0.459976
0.286473
0.586325
0.557023
1.17923
0.134726
-0.0481058
0.146315
-0.0691825
-0.484936
-0.053788
0.916189
-1.38715
0.74216
-0.901487
-0.59521
0.412119
0.436144
-0.478995
-0.264069
-0.234023
-0.182548
1.05096
0.063729
-0.128523
0.539948
-0.275418
-0.61023
-0.045323
-0.111736
0.281973
-1.08772
1.18847
-1.02471
-1.33781
-0.0404129
-0.676959
0.619213
-1.1053
-0.867212
-0.244549
-0.331902
0.418003
-0.583731
0.243847
-0.306025
-0.11105
0.66383
-0.999286
0.825982
-0.555349
0.568737
-1.05905
-0.541257
-0.286511
-0.318383
-0.541433
-0.0793713
1.2792
-0.972768
-0.889621
0.0377759
-0.693555
0.481646
0.990108
-0.276542
-1.2604
1.22452
-0.247094
0.186206
0.434825
0.229479
0.632901
0.280951
-0.285181
0.426521
0.142754
0.0013021
0.460434
0.525986
-0.731219
0.0296257
0.384605
0.609401
0.668921
-1.23804
-1.34728
-0.0444984
-0.25632
-0.532803
-0.764564
0.295383
-0.753666
-1.01088
-0.367041
-1.08203
0.0504817
0.539998
-0.713061
-0.324448
-0.138805
0.465107
0.125312
-0.392185
-0.0519252
0.617797
-0.19841
0.238356
-1.26464
-0.650514
-0.212994
-0.0938925
1.15476
-0.644503
-1.27517
-0.268554
1.17841
0.0748884
0.167679
0.955427
-0.65092
-0.830779
0.184726
0.218601
1.039
-0.736832
0.332587
-1.32498
-0.0779915
0.408066
0.907636
0.338088
-1.01271
0.719841
1.17594
-0.412076
-0.779529
0.0503402
-0.339006
-1.11144
-0.0260429
0.854202
0.485369
-1.17546
-0.428433
-0.387553
-0.513991
-0.849425
-0.144028
0.811355
-1.03353
-0.64367
0.147457
-0.277905
-0.731039
-0.182958
-5.28188e-05
-0.0226614
-0.446016
0.813975
-0.552682
-0.0336322
-0.0739966
0.532212
0.649717
-0.0192164
-0.903682
0.232442
-0.264845
1.08094
-0.496503
-1.04773
0.977211
1.00291
-1.11942
-0.598386
-1.25133
1.32636
0.385921
-0.631785
-0.727371
0.937389
0.962958
1.12896
0.0427358
-1.03796
-0.0592155
0.272469
-0.405267
0.308482
-1.08091
0.256364
-0.53411
1.17242
-0.105819
0.620098
-0.165234
1.15363
-1.19571
0.636602
0.659063
0.549951
-1.19438
0.705075
0.992867
-1.05136
-0.481552
0.724562
-0.169527
-0.875198
0.94393
0.108935
0.66825
0.585358
-1.1487
0.630669
1.00311
0.295411
-0.629751
-0.108033
-0.613696
-0.484512
-0.585634
-0.23853
-0.991268
-0.0691906
0.436102
0.134053
0.652842
-0.242302
-1.24747
0.379134
0.848649
0.535419
-0.0213758
-0.925488
0.0504867
0.934297
0.809463
1.34967
0.303619
-0.14631
0.477953
0.0590603
0.873501
-0.73491
0.772328
-0.75819
-1.11694
0.782828
0.867988
-0.214332
-0.0470049
0.996426
-0.757822
0.847998
0.791271
-0.458445
0.539777
-0.171985
1.20805
-0.081369
1.10253
-0.806938
1.35401
-0.0351876
0.646318
0.649558
0.0396081
-0.0336248
0.778905
0.522583
-0.454922
-1.13469
-0.859885
-0.423862
-0.050048
-1.11832
0.58973
-0.843499
-0.86598
0.378291
0.226489
-0.152378
-0.838526
-0.569977
0.107829
-0.165268
0.274159
-0.415065
-0.468695
0.0688672
0.832446
-1.1614
-1.04128
-1.24789
0.144669
-0.19958
0.0707475
-1.01076
-1.15213
-0.452362
-0.338065
0.830698
-0.8528
0.0947284
0.984289
1.32915
-0.592963
-0.0442523
0.756599
-0.0710478
0.16343
-0.877907
-1.11686
0.657518
-0.34768
-0.860219
0.45232
-0.757584
-1.19145
1.19495
0.620092
-0.749717
1.30029
0.845492
-0.132699
-0.231857
-0.0922086
0.574881
-0.828081
0.0991086
-0.987488
0.533301
0.266712
-0.714836
1.40018
-0.402387
-0.244638
-0.699548
-0.145915
-0.802578
0.0537694
0.67367
0.10784
-0.293032
-0.576026
0.0183078
-0.242497
-0.326986
-0.173774
-0.00292375
-0.333002
0.834593
-0.480748
-0.279399
-1.15925
-0.468188
-0.575956
1.33285
-0.171365
-0.856937
-0.935143
-1.36067
0.99541
-0.61299
-0.104577
0.73075
0.18272
0.78133
-0.0261843
-0.817625
-0.286352
-0.101214
0.702918
0.14202
0.507391
-0.181075
-0.460258
-1.06642
-0.119023
-0.33546
0.40865
-0.155531
1.02068
-0.603016
-0.88011
-0.657319
-0.243979
-1.50309
-0.444712
0.164595
-0.671163
-0.80392
-0.809388
-0.121607
0.578424
0.835684
0.387201
1.08978
-0.0488501
1.35006
-0.058966
0.0327478
0.562626
1.13492
0.136514
-0.713051
0.384804
0.841065
0.444509
-0.802459
-0.856355
0.128718
0.545459
0.689018
0.313304
0.122139
0.250387
-0.205788
0.498682
0.687032
-0.240067
-0.112466
0.0166685
0.520711
0.170292
-0.775479
-0.977884
0.487612
0.152006
-1.30346
-0.116359
0.242068
0.722
0.491612
0.0507006
0.642278
0.00608301
-0.652443
0.846851
-0.273865
0.823454
-0.569546
0.22029
-0.674555
-0.632388
-0.480993
0.320947
-0.591662
0.384597
1.32538
0.898256
0.268042
0.0140061
0.880445
-0.81401
0.799487
-0.831352
-0.0795151
1.00523
-0.573904
-0.607941
0.845698
-0.72579
0.324115
0.051072
0.608313
1.12876
0.546977
0.294312
0.593868
0.498052
0.0734297
-0.269815
0.425563
-0.975802
0.165569
1.19356
-0.487773
0.71893
-0.936847
1.33337
-0.800356
0.606803
1.42196
-1.06016
-0.888057
-0.573987
1.07942
0.675588
0.156128
-1.16386
0.378624
0.463315
-1.16319
0.365839
0.20639
0.0034328
-1.24084
0.290558
0.175442
-1.21085
-0.78193
-0.59865
1.19608
-0.583333
0.979278
-1.17555
-0.660846
-0.717578
-1.49205
-0.15888
-1.18742
1.06758
-0.506534
0.541402
0.917342
-0.998773
-0.730701
0.208258
-0.617589
0.188628
1.38642
-0.801519
1.25364
-0.834305
-1.03754
0.256194
-0.714643
0.81811
-1.39929
0.83876
-0.98102
-0.598495
-0.281349
0.156505
-0.699746
-1.02876
0.338632
-0.0674747
0.336925
-0.568427
-0.149483
0.842596
-0.122606
-0.284516
-0.583966
0.853664
0.701227
1.23529
-0.262598
-0.32596
0.997899
0.438779
0.4471
0.202202
0.153858
0.53989
1.40316
0.327614
-0.0308658
0.517028
0.448804
-0.394548
0.830802
-0.284711
1.21166
-0.137652
-1.40373
-1.07428
1.18228
-0.894458
0.176617
0.109953
1.02475
0.145788
1.05223
0.0332934
0.0662661
0.698846
1.16867
-1.08888
-1.19843
1.34521
1.33562
0.334732
-0.502764
0.519701
1.08131
-0.576048
0.407449
0.569491
0.13232
0.831277
0.893542
0.875689
0.561478
-0.567917
-1.008
-0.0522785
-0.56699
0.0478102
-0.0555066
-0.402528
0.415137
-0.335854
0.218114
-0.20388
1.03313
0.561269
0.898493
0.237305
-0.225579
-0.52874
-0.336415
0.591576
-1.07133
0.876164
0.0575821
0.122657
-0.646666
1.13866
-0.667821
-0.980892
-0.225636
-1.05698
-0.990337
-0.701808
0.607848
1.05244
0.0247578
-0.256276
-0.613912
0.0166583
0.691229
0.177663
-0.41824
-0.0644817
0.442149
0.171268
0.714595
0.159217
0.140766
-0.235421
-0.339759
-1.34475
-1.07238
-0.493532
0.897942
0.580054
-0.371541
0.893812
0.493046
0.603384
-0.133358
-1.23186
0.200855
0.421155
-0.419031
0.374512
-0.106298
0.772829
-0.876506
-1.44613
-1.45919
-0.876434
0.224735
1.04003
-0.212132
-0.276515
-0.613269
0.157856
-0.218046
0.892846
0.508357
0.797444
0.467292
-0.606113
0.476643
-0.352331
-0.0647587
1.04603
-0.989322
-1.07558
-0.368712
0.330374
0.0572452
1.24299
-0.00118468
1.18402
-0.616018
-0.259186
-0.501541
1.0172
-0.435328
-0.169508
-0.476717
-1.09139
-0.81556
-0.0299352
0.532382
0.8749
0.0911973
-0.0121446
1.23579
0.57159
-1.13489
0.122726
0.333878
-1.48368
1.0824
0.0807476
-0.0470789
-0.463675
0.555979
0.178048
0.042605
-1.38346
-0.280627
0.108018
0.20927
-0.984657
0.440477
1.31654
-0.862649
0.586828
-1.46017
1.01543
-0.563603
0.0317548
0.638557
0.208814
-0.858449
0.156121
-0.568114
0.70591
0.422915
-0.241619
0.193862
1.07049
-0.512181
0.0638714
-0.637918
1.22627
0.321025
0.26656
-0.182795
-0.184027
1.15431
-0.791193
1.22869
0.98067
-0.565388
0.790545
0.652222
0.615061
0.0160479
-0.373541
0.528871
0.659895
0.597605
-0.974233
0.355513
0.506258
-0.475126
0.413713
-0.360634
-0.525493
-0.536588
-0.807078
-0.678673
-0.282678
-1.17712
-1.00856
-0.955393
-0.81675
-0.121466
1.05268
1.26395
0.443927
1.2696
0.216083
-0.0115106
0.960781
-0.556193
-0.363444
0.418821
-1.08812
1.51076
0.489125
-0.789709
-0.436754
1.17864
1.01957
-0.732739
-1.03704
0.0933617
-0.418957
-1.33507
-0.874372
-1.21925
1.177
-1.43406
0.262717
-0.146586
-0.389502
-0.0687595
0.411483
0.545842
-0.486691
0.633086
-1.52142
1.02508
0.319808
-0.277156
-0.620632
0.302508
-0.160655
0.430434
0.331278
0.160196
-0.0376612
-1.37791
0.415782
0.351596
-1.03637
0.394584
-0.812317
-0.567027
-0.288929
0.674223
0.489691
-0.0922255
0.279989
-0.42755
-0.0341655
0.496509
-0.763714
0.29499
-0.54334
-0.114853
0.549651
-0.67253
-1.07631
0.387206
0.427632
-0.946551
-0.0963163
-0.576778
0.77223
-0.643809
-0.203498
-0.504129
-0.16851
0.0582073
-0.0442797
-0.394671
0.441705
0.0976147
-0.197649
-0.972209
-0.819622
0.614099
0.664649
-0.838799
1.03222
-1.10506
1.02044
-0.0774921
-0.137289
0.344149
1.07284
0.0063026
0.517551
-0.357588
0.175426
1.43197
0.189443
0.424788
0.596991
-0.584202
-1.3606
0.32638
-1.04034
0.789341
1.17253
0.87107
-0.478825
0.00855349
-0.839012
0.296733
-0.400374
0.711746
0.952727
0.0440323
-0.151661
1.31002
0.995101
-1.55234
-1.20477
0.404623
-0.255173
0.811016
1.23111
-0.601943
0.167262
-0.456562
-0.814778
0.0214346
0.840006
-0.095819
-0.914961
0.456666
0.944119
-1.24287
0.0896987
-0.279211
-0.881476
-0.572933
-0.142263
-1.10573
-0.129418
0.961819
1.1078
-0.70739
0.961673
-0.100693
0.84052
-0.81393
-0.198356
-0.998623
-1.38976
-1.09706
0.0383768
-1.07426
0.526683
-0.617174
-0.610559
0.0877091
-0.887655
-0.859044
0.0968471
-0.692662
-0.347711
0.310492
-0.93892
0.100451
-0.225326
-0.535926
0.504667
-0.707884
0.0232428
0.52709
-0.0743311
-0.630605
-0.202052
0.223695
0.50382
-1.24744
-0.309314
-0.0288329
0.128219
1.2775
-0.195801
0.0392905
1.27846
-0.75131
0.984669
-0.552204
1.14025
-0.837987
-0.629935
-0.10839
1.36631
-0.945009
-0.427844
-0.587607
1.09925
0.612483
0.232055
-0.167695
-0.590421
-0.667878
-0.205295
0.260715
1.04505
-0.459321
1.01944
-0.526443
-0.575655
-0.682121
0.307693
-0.18606
0.581347
0.762794
0.211777
-0.838607
-0.505571
-0.723536
0.24674
0.385131
-0.0405833
-0.63732
0.346446
0.178726
0.311061
-0.581442
0.337464
-1.12123
0.824655
1.27599
0.183112
0.130422
-0.298667
-0.639457
0.680659
1.0797
0.669485
1.29606
-0.554495
0.92317
0.502357
-1.04415
1.26348
-0.708263
0.332618
-0.326254
0.910497
-0.723197
1.18894
0.422774
-0.586863
-0.711081
-0.229279
-1.01161
-0.0208361
-0.612441
1.05408
0.412614
1.203
0.29762
-0.922638
0.267047
0.0605302
-0.802205
-0.804193
0.195326
0.138365
-0.622759
0.924188
-0.221657
0.501557
-0.149261
-0.710237
-0.0121018
-0.410164
-0.388258
-0.882001
-0.99467
0.438613
1.29849
-0.219017
0.526976
0.848995
0.572846
1.27065
0.39444
-0.85349
-0.40547
0.264912
-0.510448
-0.397802
0.194141
-1.02909
0.277111
0.0299018
0.318699
-0.0841759
0.9791
0.993492
0.0205819
-0.662871
0.535974
-0.727679
0.981387
-0.0424436
-0.182643
0.214988
0.851191
0.685052
0.00300569
0.121663
-0.454105
0.690655
-0.702313
-0.406735
0.0338378
0.363807
-0.8608
-1.39235
-0.0810276
1.29256
0.403098
0.483058
0.691611
-0.0540361
-0.457873
0.907803
-0.183603
-0.667066
0.774502
0.147703
-1.41713
0.277619
0.465876
0.111102
-0.938804
-0.619561
-0.55294
-0.237874
-0.11221
-0.291588
-0.639286
0.623667
0.361653
-0.696543
0.199754
0.939141
0.824146
-0.303931
0.184481
0.348091
-0.790204
-1.023
0.0883352
0.331412
-1.50407
-0.796831
0.575281
0.357232
-0.198224
-0.00500171
0.379269
0.728223
-1.20431
-1.26666
0.254632
0.2121
-0.599722
1.41068
-0.951581
0.26836
1.21169
0.59013
0.0374059
-0.657772
0.0531013
-0.398911
-0.0515008
1.21821
-0.0756909
-1.2466
-0.551738
0.33061
-0.825548
0.63145
-1.06594
-0.61268
0.737382
-0.354379
-0.752417
-0.866129
0.0584555
0.195025
0.431333
0.372775
0.563471
0.813202
-1.05554
1.00716
-0.194604
0.222075
0.6748
-0.431878
0.400966
0.0440833
-0.74317
0.00869636
0.905659
-0.652344
0.289477
0.704584
-0.389921
-0.0722158
0.0039176
-0.183406
1.07258
0.432074
-0.796093
0.534484
0.854996
0.328995
0.859653
1.2358
0.607172
-0.106097
-0.350877
-0.813977
0.465024
-0.0857894
-0.873632
0.103345
0.113737
-0.296613
-0.220472
0.276627
0.789053
-0.131509
0.334781
-0.519192
0.647398
0.836745
-0.366384
-0.43256
0.588268
-0.739603
-0.669439
0.17915
0.56474
0.739593
0.226696
-0.550879
-0.0829077
0.95146
-0.0088257
0.795439
-0.235666
-1.04862
-0.0765844
0.707267
0.268114
-0.570743
-0.21753
0.176061
-0.887282
1.10781
-0.204279
-0.177753
-0.15196
0.743045
-1.05001
0.586484
-0.303822
1.01982
0.541709
-0.732858
-0.8815
-0.827224
-0.111125
0.47579
-0.527222
0.462968
-0.725715
-1.29221
-0.812771
0.476923
-0.813154
1.02683
0.0343246
0.49847
0.383113
0.800252
1.29969
-0.703907
-1.19748
-0.613053
1.03006
0.264801
-1.19877
-0.510969
0.571687
0.230326
1.20022
0.803341
-0.157414
-0.0826742
0.109663
-0.953253
0.599694
-0.319604
-0.42754
0.225065
-1.47
0.240852
-1.13767
-0.326293
0.580258
-0.393924
1.21881
-0.159625
-1.28318
-0.479233
0.576604
1.47851
-0.843209
-1.13318
0.275534
-0.345936
-0.764591
-0.609333
0.436942
-1.40051
-0.242352
-0.146183
0.463421
-0.0986666
-0.848764
-0.0308997
0.896305
0.0864309
1.1637
-0.191761
-0.753472
-0.117369
-0.811692
0.500939
1.38265
0.168244
-0.73104
-0.496712
-0.868494
1.40477
-0.269695
0.930296
-0.26343
0.504348
0.624381
0.126855
0.887276
0.748101
-1.43425
-0.701467
-1.03358
-0.428715
-0.338831
-0.240259
-1.43084
-0.00994359
-0.284377
-0.186381
-0.857558
-0.800076
-0.0780723
-0.624716
-0.538126
-0.797028
-0.165155
0.296493
-0.4396
-0.448165
0.834282
1.15798
0.273035
-0.0201299
0.399705
0.977814
1.35068
-0.816937
-0.409901
0.191142
0.0101597
-0.524632
0.238598
0.77823
0.390879
1.11561
1.25189
0.850718
0.359047
0.135074
-0.255235
-0.0299587
0.845325
-0.879901
-1.13912
-0.874865
0.0831832
0.806385
0.188138
-0.085299
-0.713044
-0.2573
1.4433
0.971115
-0.475689
1.15013
0.657884
0.264211
0.872701
0.426519
-0.736828
-0.189028
0.079862
-0.249601
0.172026
-0.215312
1.52457
1.32824
-1.37508
0.0220559
-1.17134
0.0731924
-1.01895
0.281775
0.90165
0.31169
-0.200842
-0.0789452
-1.35043
0.657746
-0.210105
1.50544
-0.212309
-1.33136
-0.320114
-0.00376164
-0.651651
1.05536
-0.438354
0.137872
0.742546
-0.454443
0.378062
0.15651
-0.706665
0.298539
-0.241651
0.621515
0.859733
-0.413394
0.630828
0.0436696
0.236316
0.361397
1.09253
-0.279703
0.586681
0.851215
-0.373353
0.166355
-0.810163
0.0414734
-0.550226
0.0801099
-0.531541
-0.241441
-0.611223
-0.0193225
0.548899
-0.402311
0.437915
-0.100544
-0.224839
0.127365
-0.901965
1.00763
-0.327796
0.423091
-0.266419
0.401932
-0.262795
1.10393
-0.503278
0.758934
-0.029106
-0.452017
0.746062
-0.857802
-0.799191
-0.417449
-0.203168
-0.492189
0.16198
-0.280602
-1.39661
0.969964
0.515146
-0.983893
-0.936269
1.47925
1.18676
-0.724654
0.661731
0.156407
-0.266295
0.0853632
0.24216
0.321111
0.852133
-0.876365
0.852109
-0.454057
-0.244967
1.26013
-1.23529
-0.856636
0.71344
1.02118
0.50354
0.842888
0.168171
0.787709
0.408555
-0.120265
1.05042
-0.018042
0.0478971
0.768672
-0.652245
0.127755
1.41149
0.259421
-0.980643
-0.395239
-0.554954
-0.81396
-0.248204
0.858911
-0.3113
0.926873
-0.709256
0.811989
-0.496156
-0.0603982
0.733312
1.31871
-0.194912
0.743738
0.666634
-0.618729
0.442552
-0.618731
-0.38881
0.0449404
-0.293552
-0.108555
1.02047
0.369161
0.0860852
-0.252945
0.394648
0.0247225
-0.0936204
-0.571019
0.63461
0.875725
0.278015
-1.17055
-0.181023
0.481332
0.585723
-0.15724
-0.357346
-0.444271
-0.030993
-0.373997
-0.654778
0.388603
0.7002
-1.02028
1.11067
-0.704446
-0.102099
-0.218968
-1.03752
0.364893
0.94954
0.788494
0.454239
-0.965153
1.00273
0.0371003
-0.957052
0.100411
-0.213317
-0.265329
-1.06753
0.00344619
0.789451
0.261413
0.589732
-0.659719
0.119333
0.640896
-0.661895
0.187968
0.315184
1.07233
0.201904
1.09474
-0.774024
0.50624
1.1727
0.0175061
-0.308685
0.272964
1.40205
0.608268
-0.759322
-0.166058
0.210199
-1.17506
-0.329922
1.04188
0.926976
0.371262
0.0277302
0.391265
0.332475
-0.81667
-0.402318
-0.0354408
0.544818
0.855728
0.35532
0.764883
-0.276759
-0.682052
-0.289596
-0.23722
-0.626288
-0.822168
-0.0629409
0.630458
-1.05495
0.0338031
-0.217915
0.682495
0.188986
0.48658
0.827994
1.34232
-0.239701
-0.905055
-0.377635
0.437443
-0.528987
-0.313135
0.68041
0.59247
-0.235242
-0.598067
-0.121203
0.692558
-0.477553
0.869127
1.28999
0.698029
0.813964
1.08308
0.788012
-0.382768
-0.351291
-0.404587
0.668684
-0.481469
-0.317298
0.00217874
0.663859
0.579483
-0.357725
-0.413095
-1.03728
0.600755
0.480475
0.387334
-0.794809
-0.810076
0.455209
-0.711357
0.685383
0.739245
-0.544479
1.24956
0.777558
-0.526979
1.09947
-0.366067
-0.63609
0.178369
0.807311
-0.581161
0.526688
0.295608
1.35601
0.472755
-0.983531
1.02815
0.749789
0.709484
0.455203
-0.199929
0.114458
-0.458424
0.528274
1.41559
0.467388
0.0403007
1.36665
-0.706281
-0.735647
0.948411
0.672836
0.17473
0.181069
0.29485
-0.241554
0.095676
-0.436478
0.781288
0.0270501
0.681506
-0.23442
-0.486005
0.835221
-0.626612
-0.283316
-0.281091
-0.578165
-0.285374
-0.23327
-0.807219
-0.0236089
-0.73413
0.349278
-0.430014
0.393391
-0.54698
-0.203542
-1.3872
0.776768
-0.558015
0.384059
0.251339
0.272072
0.124136
0.297466
-1.08636
0.592054
0.159302
0.253242
1.35294
0.516469
-0.13379
0.934023
-0.879793
0.442607
-1.323
0.441375
0.372286
1.04587
0.213978
-0.387418
1.26014
-1.3109
-0.231726
-0.342573
1.35933
-0.316018
-0.918966
1.10883
-0.450844
-0.618727
-0.110413
-0.643854
-0.870982
-0.443455
-0.274411
-0.544375
-0.119
-0.0186527
0.819166
-0.850527
-0.127253
0.0290425
-0.516064
0.332544
0.28685
1.34001
0.316021
-0.208008
0.432773
-0.125413
-0.936432
-1.52828
-0.555152
-0.440137
-0.0399922
-1.08058
0.58996
-0.00421703
0.4432
0.225049
0.281524
-0.714453
-0.827551
-0.159297
-0.961303
-1.18843
-0.807159
0.850256
1.26097
-1.13626
-0.941468
-1.10034
0.897197
-0.279952
-0.35515
-1.27983
-0.389161
-0.225588
1.16625
0.744361
-0.2087
-0.0442238
-1.37197
0.423319
-0.974604
0.301075
-0.0735611
0.653565
-0.723753
0.349928
0.112055
-0.210011
0.18969
-0.680979
-0.977879
-0.505852
0.114507
-0.535984
0.228493
-0.0291181
0.162994
0.0340384
0.833507
0.804845
-0.272468
-0.702855
-0.453098
1.26206
-0.726659
0.48351
-0.55213
-0.550596
-0.271531
0.705568
0.103828
-0.269219
1.36763
0.12619
-0.0792625
-0.514621
-0.599904
0.278632
-0.542881
0.129881
0.293898
-0.353519
-1.04643
0.453319
-0.749372
0.254607
0.296935
0.831526
-0.761124
0.770582
-0.854286
1.30571
0.166709
-0.805536
-1.20527
0.83434
-0.662288
-0.691406
-1.21548
0.822263
-0.715222
0.986828
-0.197034
-1.34821
1.25761
0.395785
-0.699986
-1.00127
0.183074
1.24743
1.16677
-0.716625
-1.26275
-1.1159
-1.00729
1.15415
0.721677
0.811876
0.473301
0.429446
-0.691595
-0.686457
0.842777
0.268166
-0.645001
-0.137709
-0.564781
0.266943
-0.783592
-0.171748
0.972493
-0.0384321
1.06146
-0.612419
0.240564
-0.514448
0.272569
-0.10202
-0.0588508
0.946844
-0.305251
-0.203917
0.803448
-0.0901651
1.00633
0.681765
-1.20625
0.432879
-0.859874
-1.08034
-1.0423
0.0230785
-0.202721
0.232769
0.632394
0.864339
0.262615
0.895519
0.0559656
-1.27219
1.02939
-1.05257
1.40333
0.156201
0.570705
0.457894
1.2122
-1.07194
0.440967
-0.186491
0.893078
0.0784487
-0.644343
0.736395
-0.0686943
0.0418434
0.824918
0.578137
-0.00379095
0.377299
-0.610627
-0.262428
-0.286248
0.0856658
-1.18722
0.844528
0.504627
-0.118082
-0.157648
-1.14655
1.38933
0.133243
0.768878
-0.784377
0.68593
-0.780049
-0.468166
1.16819
0.819068
0.772651
-0.734098
0.00860451
-0.289362
0.530173
0.179654
0.0116398
0.974122
0.858126
-0.274161
0.11761
0.452198
-0.0420171
-0.242731
0.0992367
-0.947185
1.08465
0.981091
-0.810949
-0.231454
-0.50164
-0.229328
-1.42354
-0.293262
0.214601
-0.123921
-0.598664
-0.474033
-0.0630036
0.245569
0.119485
-0.73001
-0.291515
-0.959799
-0.356721
-0.518711
0.094428
0.526264
-0.48385
-0.632783
0.760892
1.39119
-0.570564
0.0230147
0.0516673
0.766603
-0.42368
0.544326
0.582457
-0.644186
0.35492
-0.138393
-0.451924
0.434439
-0.27907
1.16121
0.549581
0.645769
1.28903
-0.4627
-1.01162
0.719597
0.59624
-0.848485
-0.748101
-0.0392899
-0.156574
1.18026
-0.621923
0.86285
0.408486
0.551283
0.0555171
0.752969
0.0617833
0.28227
1.02953
0.396084
0.717066
1.07873
1.37053
1.01134
0.581919
0.0306184
-0.112257
0.135398
0.442973
0.159337
0.0814282
-0.218789
-0.367707
-0.510368
0.689025
0.191499
-0.0842396
0.0584722
-0.704679
-0.31057
-0.671298
-0.484666
0.502641
0.675432
0.649895
-0.712507
-0.128034
-0.014815
-0.0790609
-0.0813856
-0.818909
0.50936
-0.834609
0.521328
-1.13254
0.51338
0.570058
0.604865
0.162426
0.350743
-0.895862
-0.393448
0.430484
-0.200182
-0.619339
-0.602791
0.878895
-0.225919
-0.175758
-0.954347
0.751114
0.0847389
-0.854417
-0.128601
-0.308956
0.920482
-0.983221
-0.254135
-1.10647
-0.507301
-0.229725
0.559141
-0.911119
-1.10537
0.242007
-0.492542
-1.15719
-0.160065
0.976011
-0.23143
-0.133656
0.984894
-1.22634
1.22122
-1.22761
0.640192
-1.21785
0.512617
-0.317765
-0.375716
-0.802254
0.524893
-0.188143
0.9347
1.28275
0.0746081
0.762051
-0.626611
0.745147
-0.730218
-0.789654
-1.127
-0.796848
0.0540293
0.9198
-0.404071
-0.0528041
0.573193
-0.768409
-0.992506
0.115401
-0.90664
0.421712
0.544557
-1.13882
-0.270201
1.09893
1.13188
-0.969616
-0.046351
0.529086
-0.545906
-0.93991
-0.712228
0.807967
-0.778865
-1.36609
-0.00503618
0.903239
-0.875504
1.16611
0.168591
0.99353
-0.729061
-0.33899
-0.970629
-0.176754
-0.433426
0.756196
-0.43187
-0.45774
0.100584
-0.399788
0.552489
-1.04903
0.0582471
-0.197152
0.457942
1.25482
1.2511
-0.7858
-0.605884
-0.716066
-0.307848
0.277563
0.636381
-0.666115
-0.0755281
1.06164
-0.291154
0.175486
0.0621639
-0.387413
0.842516
-0.149593
-0.0913499
0.202817
-0.470831
0.915861
-1.21214
-1.02912
-0.312743
-0.281282
1.13191
-0.0157272
0.993977
0.939524
0.860162
0.905946
-0.55075
0.415891
-0.18946
0.539248
-0.492782
-0.353177
1.10743
-0.708879
-0.0868652
-0.0784655
0.346022
0.208009
0.155798
-0.541076
-0.513011
0.638201
-0.0348001
0.276501
-0.846496
-0.823715
-0.0714437
0.0506038
0.00404307
0.959267
-0.498159
0.967272
-0.739349
-1.10423
0.00742317
0.857938
0.407129
0.170373
-0.518486
0.751051
0.38633
-0.314365
0.293575
0.348455
0.27159
-0.125298
-1.11702
-0.0484488
-0.309473
-0.523691
-0.0810965
-1.33472
-1.02677
1.08591
0.981167
0.611475
-1.1543
0.744476
-0.0733865
0.829132
0.389324
-0.0626878
0.487151
0.38435
-0.453104
-0.257386
-1.33814
0.359895
1.03236
1.0871
0.193058
0.454908
0.393838
0.799996
-0.69156
-0.414538
-0.832365
0.555814
-0.403464
-0.188738
-0.351911
0.141773
0.893752
-0.631096
0.363369
-0.233828
-0.282782
0.501997
1.14545
-1.15973
-0.474653
0.589163
-1.15155
-0.545897
0.412669
0.668943
1.0327
-0.298466
1.0224
0.634523
1.03818
-0.92288
0.0710591
0.224341
0.976637
-0.152118
-0.476919
0.34291
-0.299474
-0.77687
-0.0102934
-0.910277
0.957919
-0.00694395
1.07729
0.212687
0.812206
0.348964
0.179378
0.742058
-0.440229
0.895808
-0.309395
-0.8151
-0.124315
-0.779776
0.174083
0.623379
-0.171971
-0.059371
-1.13383
-0.724385
-0.267668
0.524845
0.510517
-0.519935
-0.0157194
0.497749
0.435585
0.405758
0.602607
-0.591062
0.91918
-0.888907
-0.374164
0.162721
0.11526
0.197461
0.404012
-0.534133
1.02335
-0.498435
-0.101857
-0.592904
0.694486
-1.45158
-0.830919
-0.369725
0.783832
1.08179
1.40861
0.173981
-0.120125
-0.0702128
-0.00267743
-1.38301
0.509543
0.780444
0.314496
-1.22401
0.384207
-0.41788
-0.361181
0.223357
-0.65679
-0.818531
-0.376825
-0.524975
-1.31514
0.350692
-0.341987
-0.330562
-0.143349
0.617519
0.494902
-0.231979
-0.517468
0.144859
0.0834714
-1.0149
0.361775
-0.777016
0.366435
-1.12255
0.00104442
0.151125
0.630106
0.0193171
0.258819
0.306599
1.28166
-0.542706
1.0755
-0.524826
-0.797098
0.867186
0.467845
0.460352
0.274922
-0.396814
-1.20801
0.740156
-1.0231
-1.44029
1.07691
0.356796
-0.43298
-0.0263968
-0.0969632
0.594814
-1.28114
-0.719304
0.268176
-0.288824
-0.712771
0.44268
0.755687
0.873023
-0.294978
-0.750703
0.199437
-0.330576
-0.0447171
0.471546
-0.614372
-0.368157
0.378953
0.0147774
-0.644662
-0.631414
1.33383
0.384531
-0.321374
0.314586
0.82207
0.56608
-0.0132936
0.383973
1.32139
0.00301337
0.854742
0.470646
-0.467901
-0.368352
1.03357
-0.0260253
0.387992
-0.994891
0.792725
-0.93569
-0.138117
-0.166662
-0.150159
-0.391286
0.782669
1.0933
-0.399098
1.05638
-0.110587
-1.01537
-0.691866
0.322121
-0.144796
0.223906
-1.191
-0.841696
0.90384
-0.083928
0.763583
0.725117
0.411457
0.116489
-1.11493
-0.202744
0.490272
0.771995
-0.410013
-0.885332
-1.05836
-0.530715
0.840665
-0.418185
0.772046
0.716761
-0.0955103
-0.779771
-0.350208
0.500643
-1.19808
0.656159
1.22485
0.00939518
0.682319
1.30836
-0.282234
0.195202
0.0294446
0.710981
-0.510321
0.816122
-0.275709
-0.324463
-0.377358
0.242388
-0.0938425
1.00886
1.04251
-0.701207
-0.0580665
-0.512168
-0.155329
-0.726835
-1.04419
-0.123339
0.0407376
1.24255
-0.904954
1.03479
0.142309
-0.403779
-0.163778
-0.400925
-0.116957
-0.324633
0.553863
0.844136
0.297882
-1.07434
0.973174
-0.0331488
0.566481
-0.520135
0.374904
-0.111179
-0.238307
0.909561
0.618315
-1.06959
-0.575401
-0.433306
-0.0176268
0.253922
0.184497
0.366664
-0.794731
-0.399367
-0.375195
-0.922959
-0.216293
-0.183567
0.859716
0.0528658
-0.13089
0.446468
-0.791316
0.08128
0.29536
-0.319501
0.296393
0.437001
-0.975621
0.231742
1.17768
1.07387
-1.2432
-0.732134
-1.01375
0.522105
0.209771
1.25267
-1.11963
-0.95634
-0.139076
-0.569055
-0.306212
0.688362
-0.00802307
-0.644837
-0.297153
0.977499
-0.00987281
0.261227
-0.080535
-1.1705
-0.343603
-0.699059
-1.31608
-0.6692
-0.164169
-0.0900665
0.314935
0.504968
0.797923
-0.394688
-0.139641
0.0152242
-0.607929
0.168215
0.261401
-1.16251
0.788079
-0.0468564
-0.172344
1.43927
-0.230245
1.1816
-0.356245
1.01622
0.680346
-0.937474
-0.00469107
-0.0695881
-0.94835
0.733074
0.679029
-1.3413
0.0946348
0.624989
0.310071
-0.220601
-0.536737
0.19978
-0.0752799
-1.27835
0.181181
1.07484
1.01769
-0.804165
-0.457425
-0.0904545
-1.21394
0.0874087
-0.301052
0.607202
0.490781
0.511316
-1.00268
0.865882
-0.916519
-1.19865
0.824099
0.854691
0.803825
1.45046
-1.2577
-0.302416
0.735823
1.24321
-1.42818
0.570016
0.639686
0.580667
-0.174617
-0.0281527
0.942243
-1.26145
-0.116939
0.226841
0.846192
-1.2212
1.18248
-0.778084
1.29047
0.310054
0.213941
0.361667
0.591347
-0.175229
1.00851
0.493512
-0.787555
0.490855
-0.904279
0.0926847
-1.20377
-0.353721
0.469852
0.233507
0.802991
-1.12899
-0.249704
-0.577058
0.889978
-0.464077
-1.19125
0.216926
-1.09782
0.244658
-1.0456
0.13426
0.413176
-1.24453
1.25491
-0.938395
0.665973
-0.40405
0.142434
0.129956
0.587961
-0.853994
0.365123
-0.224384
0.663787
-1.29153
-0.323934
0.133683
-0.289629
-0.332906
0.186984
-1.30821
-0.118517
-0.382822
1.05419
0.157304
-0.046565
-0.545249
-0.74539
0.404138
0.410582
-0.703422
0.92936
-0.83395
-1.09182
-0.650971
0.298456
0.733862
-0.617797
0.781741
-0.830241
0.385903
0.223046
0.548698
-0.555115
-0.493585
-0.968551
1.08993
-1.18409
-1.13232
-0.589187
-1.39204
0.0587767
0.127666
0.0401171
0.459864
-0.37033
0.164699
-0.095197
0.0729977
0.593477
1.13537
-0.00328569
0.0353899
-0.426298
-0.773691
0.333924
1.27646
1.26853
0.119675
-0.890053
-1.32833
-1.08011
-1.32183
-0.53964
-0.473172
0.0169936
1.04167
-0.156473
0.199744
-0.385097
0.0659296
-0.334514
-0.934415
0.770966
0.974928
-0.202278
-0.445092
-0.185735
-0.893014
-0.438037
0.706888
-0.0515036
1.17473
-0.869932
-1.00816
0.301463
1.0867
-0.130507
0.299837
-0.871182
-0.722457
0.342264
0.922276
1.44289
-0.24036
1.51246
-0.770871
-0.730574
0.511135
-0.603501
-0.234733
0.26653
-0.99167
0.269175
0.117326
-0.306489
0.287342
0.234138
0.474518
0.726213
-0.702876
0.377147
-1.52192
0.265301
0.951933
0.649385
0.0324857
0.051443
-0.432532
-0.8478
0.17541
-0.630648
0.284228
-0.961802
-0.475692
-0.425566
0.152792
0.198169
-0.342992
-0.0368732
0.530255
-0.177205
-0.329181
-1.31611
1.34747
-0.835215
-0.398829
0.42548
0.814612
0.650895
1.30636
0.638552
0.0227212
-0.148706
-0.332656
0.0126086
-0.437886
0.818088
-0.0827897
0.164367
1.47858
-0.195596
-0.366413
-0.739747
-0.556684
1.4259
-0.599075
1.13077
-0.219265
1.27911
-1.01784
1.09476
-0.350234
-0.260845
1.45691
-0.0705495
0.316084
0.760162
0.937083
0.294288
-0.323857
0.899139
0.668912
0.836929
-1.1749
-0.437096
-0.252214
0.527941
-0.108236
-0.170456
0.270737
-0.0962534
0.198535
0.516141
-0.0331273
0.61819
-0.520034
-0.654809
0.715029
0.915968
0.073658
0.78656
1.02142
-0.971562
-0.713843
0.183465
-0.868334
0.312627
0.253088
-0.883101
-0.864584
-0.669574
-0.594698
-0.378878
-0.370488
0.610473
-0.51668
0.495013
-1.02249
-0.432597
-0.0575277
-0.302863
-0.0251659
0.806052
-0.339155
-0.704022
0.705487
-0.760467
0.205588
1.03549
0.868412
-0.272905
0.429136
-0.402058
-0.366826
0.866657
1.1644
-1.43162
-0.405833
-0.492421
-0.293849
0.187664
-0.452715
0.0483965
0.413934
-1.21951
-0.277595
0.392359
0.395273
-0.811676
0.752038
1.12721
-1.09092
0.0781163
-0.39503
0.302876
-0.440781
1.15971
-0.190287
-0.199399
1.37997
-0.799871
0.878412
0.672857
0.10048
-0.409174
0.770779
0.258021
-0.28319
1.30551
0.303542
0.122903
-0.332968
-0.417644
1.40431
0.608481
0.12389
-0.159507
-0.46212
-1.10087
-0.0780522
1.14327
0.17416
-0.818735
0.0557558
0.975838
-0.825534
-1.08687
-0.925129
0.342852
-0.484661
-0.0348941
-0.351699
-0.70202
0.791438
0.529267
1.00664
-0.581
1.52001
0.463576
0.0664493
-0.143479
-0.465708
-0.142952
-0.379532
0.813201
-0.337406
-0.65819
1.38698
0.371235
-0.115035
1.4831
0.346888
0.421725
0.443834
-0.346585
0.881299
0.245171
0.670922
-0.569667
-1.33959
0.136927
-0.0495184
0.933424
0.415935
-0.0161548
-0.0584934
-0.352802
-0.488252
0.681153
0.509021
1.12898
0.718044
-0.75341
-0.0835059
0.328835
0.0234811
-0.866725
-1.34656
1.28113
-0.39323
0.265101
-0.154716
-0.701351
0.814153
0.345692
-1.23937
0.746003
0.736466
-0.232756
-0.447299
0.0077006
-0.932818
-0.668223
1.40903
-0.206069
-0.441395
-1.13986
0.464945
0.928855
-0.142483
-1.19548
1.14806
0.420184
0.0490013
0.153725
-0.49611
0.855581
1.10259
-1.08407
-1.44986
0.749762
0.303482
-0.370233
-0.351601
0.0748878
-0.247876
-1.28938
-0.378743
0.0670798
-1.18842
0.265356
0.626077
0.684182
0.479684
0.549597
-0.563904
0.210914
-0.666119
-1.19725
-0.0822053
0.898497
0.0671029
0.109844
-0.746005
0.790653
0.217601
0.198917
-0.971855
0.226059
0.308943
-0.376282
-0.727049
0.567681
0.249077
-0.820873
0.222026
1.20274
0.580397
0.151892
0.426479
0.726884
1.01266
0.873809
-0.188331
-0.606512
0.523528
0.656089
0.592195
-0.67519
-0.834261
-0.0282331
1.05655
-0.0217304
-0.168571
-0.71761
-0.813128
-0.0880851
-0.851843
-0.267177
-0.679641
1.32871
0.76986
-0.206861
-0.0160862
1.0032
0.507897
-0.192841
1.00312
0.487286
1.02052
-1.03207
0.00334815
1.17872
0.826858
-0.41941
-0.00914202
-0.173074
0.0162201
0.778184
0.201417
-1.16398
-1.30854
1.10139
-0.38032
-0.337585
0.324054
-0.615268
-0.980541
-0.820204
0.276998
0.731619
0.369764
0.430951
-0.420032
0.0619535
-0.55298
-0.712263
-0.0562271
0.141146
-0.0312219
-0.542507
-0.0770417
-1.12041
-0.128623
0.0317109
-0.499884
1.10316
0.124085
-0.212702
0.662657
0.0550076
-0.291904
0.764891
-0.113546
-0.885012
-0.124151
-0.297041
0.797515
-1.25654
0.394904
-1.10463
-0.166151
-1.03778
0.214646
-0.0906127
-0.426452
-0.0438738
-1.47347
0.282232
-0.150242
0.28362
0.153442
-0.744747
-0.0621386
0.119684
0.843718
0.112241
0.126097
0.283034
-1.11458
-0.683254
1.29692
0.460908
1.23536
0.0072933
-0.765479
0.130021
0.600693
-0.107083
-0.198495
0.899423
0.9147
0.379098
-0.781988
0.417245
0.302032
0.035291
0.839615
-0.586233
0.160031
-0.177092
-0.296589
-0.181669
0.645826
-0.988705
0.557974
0.117572
-0.328965
-0.481848
0.422014
-0.285954
-1.1493
-0.103018
1.12331
0.331087
0.100283
0.123941
0.254466
-0.260744
-0.420209
-0.378224
-0.644746
0.762978
-1.28744
-0.588288
-1.07988
-0.0919197
-0.183015
-0.161596
-0.648116
-0.0103182
-1.00669
-0.593441
0.653653
-0.203053
-0.999973
1.09044
0.12323
0.735865
0.540403
1.1999
-0.580298
0.130927
-0.771427
0.579121
-1.21969
1.05314
-0.0230114
-0.243143
-1.25394
-0.714944
0.29937
0.0755263
-0.454264
-0.592983
-0.381123
0.863171
-0.491333
0.0277533
0.627072
0.595939
-1.04926
0.466703
0.730381
-0.0570526
0.583634
-1.19636
-0.329624
-0.144166
-0.328336
0.716305
0.679852
0.533065
-0.963701
-1.04968
0.951316
-0.603256
0.147002
-0.228879
-0.019299
0.0492164
-0.353353
0.584883
-0.722334
0.795609
0.929754
0.536239
0.539749
-0.513231
0.492327
0.0437956
-0.446059
-0.147906
0.848198
0.123092
-0.136308
0.0460699
-0.503992
0.39887
0.694763
1.15426
0.0222057
0.321934
-0.0673821
-0.00246555
0.786052
-0.513474
0.410599
0.337894
-0.697817
0.0255808
-0.904768
-0.0327669
1.11872
0.236206
-0.23184
-0.140844
-0.699781
-0.121428
-0.394795
-0.322232
0.4832
-0.637798
0.190722
0.318072
-0.0471048
-0.203503
-0.771318
0.134751
-0.774907
-0.294945
-0.718777
0.2976
-0.290449
-0.509612
-0.306998
0.890538
-0.156513
-1.1236
0.415399
0.0168555
0.389678
0.222132
-1.08303
-0.0123235
-0.359246
0.690788
-0.455705
0.394354
0.670601
-0.14868
0.382981
0.124036
-0.450434
-0.96372
0.191571
0.180925
0.357839
0.567391
-0.641976
1.09979
0.697406
0.583625
-0.788697
-0.903999
1.07724
-0.403357
-0.192363
0.394592
0.537241
-0.890484
0.299979
-0.593321
0.781144
0.262186
-0.56751
0.966327
-0.787097
0.788882
-0.390233
-0.465057
-0.454895
-0.842861
1.16153
-0.0118135
0.205069
-0.187
-0.912093
0.515685
-0.53817
0.681875
-0.579047
1.45122
-0.838846
0.112249
-0.689169
1.02634
0.844662
-0.854402
0.131196
0.308891
-0.421577
-0.88584
0.665781
0.334348
-0.82881
-0.156526
-0.804578
0.484989
0.617878
-0.839748
0.130548
-0.204745
1.09431
-0.964428
-0.607324
-0.992635
-0.836912
-0.784554
-0.57569
-0.0789179
-1.34847
-0.423312
0.71313
-1.13234
0.635852
-0.842277
0.899629
-0.0587451
-0.37016
0.745691
0.406669
0.59387
0.657004
0.632155
0.925383
-0.6065
-1.16135
-0.646398
0.174931
0.605587
-0.513696
-0.19028
-0.0248683
0.943668
0.65893
0.323756
0.817229
0.649473
0.909333
1.31455
0.762707
-0.556038
-0.922408
0.740648
-0.144199
-0.767877
-0.868551
-1.03408
0.805416
-0.54136
-1.16029
-0.473615
0.792804
0.810291
0.418634
0.52579
0.382637
0.41317
-0.658748
-0.222927
-0.846435
-0.201734
-1.37678
-0.07268
0.872232
-0.0194311
1.04946
-0.815399
0.65865
0.0831719
-0.865901
-0.0446062
0.682296
0.23329
-1.33264
-0.363597
-0.243016
1.28779
0.783138
0.557532
-1.27866
0.130085
0.709129
-0.901029
-0.0201786
-0.713231
1.2713
0.346305
-1.14215
0.264907
1.19403
1.03914
0.613834
0.262798
-0.703577
-0.542931
-0.69964
0.713806
0.644491
0.205457
0.121204
0.208421
-0.559128
0.327698
-0.625746
-0.866406
0.339784
-0.340687
0.298497
-0.0787906
0.341321
-0.510039
-0.276911
-0.323933
-0.0728179
-0.0533001
1.01393
-0.757482
0.908217
-0.516901
0.800724
-0.0601433
-0.523889
0.437065
0.244931
0.0720909
0.881666
1.0799
-0.297428
0.192618
-0.862382
-1.09879
-0.249362
-0.143816
1.09833
0.415007
0.129318
-0.901255
-0.876508
-0.08621
0.326809
-0.448874
-0.431706
-0.461909
1.46198
0.839565
-0.5909
1.16985
-0.0730219
-0.016703
-1.04272
0.706533
0.575773
0.266602
1.36054
0.263445
0.111283
0.273075
0.398043
-0.700926
-0.00620312
0.769389
-0.35991
0.269481
1.2749
-0.01099
-0.927693
-0.526049
-0.653959
-0.513447
0.227313
-0.36218
0.924925
0.349824
0.137129
-0.691318
-0.529696
-1.20998
0.10752
-0.613249
-0.906668
-0.524084
0.381589
1.06055
0.604917
-0.0192502
0.291295
-1.40987
-0.91523
0.0902074
0.272448
-0.688382
-1.37415
-0.515971
0.65348
0.823395
-0.560754
-0.23023
0.96335
-0.584364
0.73512
-0.830271
0.782059
-1.08711
0.996381
-0.406646
-0.117158
-0.754555
-0.612816
-0.14217
1.31683
-0.849281
0.326102
0.383662
-0.928649
-0.904924
0.0399148
-0.867528
0.238223
-0.535014
0.64174
-0.775669
0.558508
-0.987115
0.885287
0.368024
0.34055
1.13319
0.738628
0.232679
0.148317
-1.24474
0.624508
0.342236
0.252984
-0.150546
-0.392402
1.05343
-0.495772
-0.372477
-0.372469
2.92004e-05
-0.0252286
-0.871904
0.706895
0.345973
1.22581
-0.758232
0.271394
1.31679
-0.635713
-0.716059
-0.405908
1.15501
-0.657893
1.38493
0.0984216
-1.25031
0.407941
-0.164303
0.173469
0.517087
0.79809
1.09436
-0.31921
-0.736322
-0.46487
-1.19644
-0.0975862
0.200069
-0.775095
1.16318
-0.694183
0.275635
0.707305
-0.836737
0.746574
0.792055
0.664648
0.983307
0.836167
0.413002
0.0266567
0.211778
0.0134071
-0.151795
-0.465726
-0.578513
0.426705
-0.354409
-0.478252
0.430429
0.910409
0.855069
-0.264516
-0.0761116
-1.45832
0.139739
-0.65417
-0.921473
-0.62329
0.176233
-1.24535
-0.276373
-0.92156
0.169049
-0.692776
0.14238
0.570219
1.14436
0.139025
-0.858569
-0.33394
0.713296
1.00028
-0.437315
0.450938
0.966369
-1.0343
0.0739236
-0.670893
0.686235
0.700823
-0.608141
-0.284738
-0.742102
0.256138
-1.15756
-1.28541
-1.08716
-1.03764
0.649518
1.07644
0.917605
-0.369359
0.570627
-0.199254
-0.525337
-0.201244
-1.25246
0.230482
0.485223
0.586128
0.860076
-0.33088
-0.133227
-0.693608
0.155437
0.771028
-0.731895
-1.12474
0.891093
-1.28229
-0.00983006
0.78018
-1.30452
0.0629142
0.472971
1.128
-0.438164
-0.619222
0.758239
-0.760162
-0.713889
0.68176
-0.48469
1.37085
-1.17576
-0.975431
-0.655196
0.800914
0.121149
0.825661
1.17239
1.03137
1.05454
0.122225
-0.387603
0.444619
0.759042
-0.79866
1.41779
0.665712
0.587393
0.108268
0.994811
0.246643
1.06408
0.436864
0.235608
0.555491
-0.81713
0.17884
0.212067
-0.344605
0.0729625
0.629615
0.587156
0.102769
1.27778
-0.934051
0.319385
-0.39142
-0.266927
-0.899636
0.319315
0.614708
-0.390212
-0.62807
0.809674
-0.653522
-0.00623324
0.207521
0.280552
0.288124
0.114142
-0.773622
-0.863011
-0.217136
0.155121
0.430769
0.827236
0.099429
1.20978
-0.456444
-0.223795
0.374285
0.149091
0.0624352
0.507833
0.28135
1.17421
1.07415
-0.628434
-0.426592
0.151648
-0.0122974
-0.271104
-0.156036
0.0947151
-1.2171
0.635239
-0.956225
0.472228
-1.12636
-0.630128
-0.102755
0.468579
0.167517
-0.638117
0.69935
-0.344273
0.935385
-0.810707
-0.0536797
0.65628
-0.60801
0.776951
0.221684
0.851545
-0.486977
0.211291
-0.0849219
-0.0787321
-0.989517
-0.44763
-0.689775
0.85273
0.252793
0.623254
1.07977
-0.258195
-0.841822
-1.03564
-0.390402
0.472282
0.422258
0.924278
0.537855
0.0984076
0.261287
0.220491
0.651134
0.136767
-1.0334
0.438653
0.999648
-0.321493
-1.06689
1.08997
0.370523
1.05485
-0.898341
-1.22083
0.656518
1.04025
0.622777
0.654986
0.169695
-0.962157
-0.71617
0.49226
0.727896
0.630717
-0.42802
-0.950743
0.984264
0.607257
0.523575
0.57765
-0.476481
-0.763391
-0.145815
-0.97944
-0.225583
-0.845662
-0.327895
-0.418533
-0.24753
0.433021
-0.951675
0.476833
-0.175612
0.628934
0.334941
-0.195707
0.538747
-1.25256
-0.0934175
1.16287
0.652528
-0.683535
0.502793
1.35056
-0.157802
0.745035
-0.453
-0.10006
0.594913
-0.414704
0.61365
0.727923
0.678768
-0.890009
-1.0225
1.02873
0.920958
0.927136
0.86484
-1.2527
-0.393412
0.127314
-0.0602609
0.737114
-0.310107
0.470415
-0.753941
-0.348648
0.239645
0.570676
-0.54972
-1.33435
0.0539551
-0.0342416
0.663914
0.657923
-0.18146
-0.74708
-0.0723674
0.758123
0.314802
-0.0462524
-0.691776
-0.176235
-0.0318223
0.998964
-0.235432
1.19135
-0.701751
-0.499497
-0.598647
-0.415714
0.828437
0.144627
0.858585
-0.447431
-0.518793
0.478863
0.126031
-1.05207
-0.134663
0.546851
-0.681573
-0.45281
-0.00261606
-0.326166
0.196985
-0.750705
0.381369
0.208591
-0.143845
-0.220632
-0.313585
-0.600962
-0.123103
-0.115197
-0.547166
-0.559627
0.094237
0.801431
1.29198
0.619295
0.00762481
-0.114333
0.300177
0.545468
0.45564
1.41308
-0.329103
-0.734577
-0.434204
-0.291784
-0.886799
0.36238
0.305488
1.34783
1.23597
0.115573
0.819106
-0.391432
-0.0675506
0.0027848
-0.287409
0.791125
-0.68785
0.0165632
1.15675
0.821697
-1.07312
0.391296
-0.763209
0.135096
-0.0292369
1.08285
0.397007
0.00211403
-0.572146
-1.20591
0.686299
-1.1619
0.913367
0.353643
-0.639594
0.455103
-0.0695978
-0.169738
0.542494
0.643737
-0.0444599
0.346891
-0.363067
-0.19533
-0.864024
-0.73005
-1.10584
0.0307344
0.102713
-0.396537
-1.10822
0.229705
0.0405386
1.06244
-0.620781
-0.958362
0.268913
-0.264798
0.304698
-0.0922045
-0.667535
-0.184411
1.26424
0.994192
0.0387602
0.858365
-1.02113
-0.769508
-1.05374
-0.5778
0.760429
-1.31428
-0.652365
-1.15549
-0.151428
-0.375268
-0.282252
-0.628394
0.575887
0.630521
-0.717339
1.14252
0.632894
-0.336716
0.094374
-0.0815875
-0.364898
0.224733
0.360252
-0.134134
-0.562297
-1.18678
-0.511891
-0.239622
-0.111646
0.727997
0.977824
-0.2054
-0.524377
1.40128
-0.182564
-0.994685
0.177165
0.9117
-0.400141
-0.18754
0.885973
-1.23874
0.0875929
1.20738
0.271454
-0.276515
-0.497583
-0.715302
0.0276565
-0.285339
1.24406
0.417328
-1.29037
0.553191
-0.718052
0.521563
-1.45356
-0.299743
0.147933
0.00198133
0.812663
0.784629
-0.950904
0.144581
0.432805
-0.651564
-0.126541
-0.864094
0.850966
0.592583
1.19621
0.088699
-0.466201
-0.104136
-0.641318
0.161978
0.436878
-0.461364
0.138545
0.160831
-0.44734
0.86119
-0.323085
0.829672
0.18984
-0.637126
-1.29773
0.298611
0.508721
-1.27397
0.975136
-1.25156
0.975982
-0.555782
-0.271755
0.339686
-0.505099
-0.145664
0.826449
-1.00292
-0.258928
-0.0781589
0.929078
-0.0538032
-0.122147
0.681231
0.00439143
-0.379193
-0.0617627
-0.778023
0.301064
0.510784
0.836438
-0.352252
0.499706
-0.045254
-0.507746
-1.38959
-0.276668
0.675978
0.490459
0.243039
0.196832
-0.231969
0.0408621
0.964757
0.347202
-0.0963163
0.899472
-0.199365
-0.894561
-1.08791
0.319767
0.178263
-1.0897
-0.129683
-0.689345
0.48716
1.03024
1.16741
-1.15293
0.31197
0.209831
-0.100408
0.287948
-0.262345
0.232202
1.07675
-0.609538
1.05035
-0.145336
-0.691765
0.0852764
-0.203012
0.643429
-0.331705
-0.911449
0.496096
-0.717067
0.937685
0.105991
1.32382
-0.847714
0.0749643
0.596909
-0.360488
-0.326791
0.0883651
0.073952
0.962662
-0.340325
-0.17075
-0.146843
-0.793875
-0.1418
0.954884
0.890958
-0.126722
0.981771
0.0777489
0.535979
-0.0578805
-0.340339
0.0204827
-0.623544
0.642889
-1.38999
-0.803202
0.442084
0.593571
0.70537
-0.133744
-0.604293
0.232579
0.169865
1.02669
0.215343
1.36812
0.219312
-1.14218
0.0956118
-1.14206
-0.357017
0.684685
0.251644
0.410741
0.892539
-0.954835
-0.0747392
-0.52458
0.401206
-0.635816
-0.838311
0.395724
0.324989
-1.18198
0.620355
-0.774356
1.04082
0.43154
0.816542
-0.649692
1.18951
0.128621
-0.482245
-0.281632
-1.16635
1.12404
-1.10962
0.615743
0.0192506
0.0341066
0.683892
0.954514
0.0892688
0.0736381
0.514734
-0.0347549
0.232407
-1.04479
-0.997454
0.0682835
0.574224
-1.25254
0.0898067
0.606728
-0.0619696
0.183593
-0.295442
-0.299844
1.2612
-0.262873
-1.35443
-0.706415
-1.18552
1.33897
0.463631
0.730078
0.220814
1.18928
-0.343451
1.03743
-0.667819
-1.05747
-0.670852
-0.680668
0.524643
0.404995
-0.318015
-0.440415
-0.885701
-0.259502
0.955225
-0.859061
0.488144
0.832953
0.0896843
-0.18974
-0.397379
0.335713
0.18231
-0.132821
0.0755075
0.0165482
-0.390602
-0.0170343
-0.488166
-0.623731
-1.04963
0.568022
-0.326523
-0.311512
-0.869819
0.011854
-0.886692
-0.674301
0.645941
0.0586293
0.7667
0.420782
1.0737
-0.31108
-0.295353
0.607699
-0.139215
-0.852932
1.13318
-0.338966
-0.892246
0.0461554
0.780866
0.841928
0.264147
-0.253045
1.09606
-0.0610279
-1.08421
-0.366675
0.512473
0.120622
-0.0354332
0.111878
0.0279615
-0.914489
-0.910928
-0.871691
0.240763
0.865054
0.210892
-1.00778
-0.321814
-0.922657
-0.174248
-0.769261
-0.610886
0.577535
-0.451499
-0.0253696
-0.211958
0.483731
0.442049
-0.479517
-0.174102
-0.296671
1.1205
-0.523436
0.929157
-0.690495
1.10064
0.304802
0.750944
-1.48798
-0.053086
-0.138777
0.251266
0.886444
-0.199992
0.530881
-0.3337
-0.539749
-0.699938
0.102896
-0.26435
0.846439
0.141854
-0.24089
-1.31453
0.528883
0.104994
-1.07943
-0.500724
0.931971
0.00490407
-0.908464
0.532436
-0.397237
-0.972587
1.11313
-0.302006
-0.87905
0.545055
-0.414861
-0.284256
0.491131
-1.23836
-0.31109
-0.394524
-0.719166
-0.74596
-0.957005
-0.486576
0.84708
-0.43724
0.313018
0.373133
0.735173
0.12985
-0.214394
-0.322987
0.268854
-0.00129571
-1.07671
-0.641051
0.552628
-0.0630629
0.331358
-1.05458
-0.777981
1.1636
0.442172
0.495712
0.527093
-0.151128
0.892919
0.875972
0.374091
-0.812687
1.09608
-0.229351
-0.339246
-0.240438
-0.376918
-0.0601681
0.0487923
0.808586
-0.878853
-0.608411
-0.300544
-0.551254
-1.43185
1.06057
-0.0930692
0.46051
-1.17406
0.379857
0.762684
0.449109
-0.959534
-1.1164
0.062607
0.187696
-0.427244
0.682446
1.00339
0.0667068
1.40969
-0.199836
-0.53397
0.406333
1.00887
1.33565
-0.415862
-0.136567
-0.493896
0.143601
-0.57989
0.44836
0.665425
-0.405985
-1.1438
-0.675498
-0.887231
0.653348
0.610984
-0.678377
-1.13778
0.599728
0.163406
-0.318217
-0.646867
-0.222797
-0.00317111
-0.84262
-0.628866
-0.0446939
0.361966
0.590309
0.325018
0.909015
0.253547
-0.410788
-0.101241
0.436695
0.00756349
-0.0581868
-0.481884
-0.801901
-1.19784
0.16569
1.1522
-0.883203
0.646618
-0.843986
-0.41279
1.42137
-0.214374
0.335656
0.480494
-0.522766
0.0588056
-0.625645
0.00228094
-1.03462
-0.158374
0.238761
-0.963554
-0.016469
