0.541556
0.408981
-0.164234
-0.56524
-0.0865392
-0.946766
-0.886157
-0.00937425
-0.22179
-1.04708
-0.492939
0.327582
-1.13193
0.915121
-0.729723
0.215253
-0.636308
-0.696278
1.02961
-0.127212
-0.884442
0.0916802
0.590444
-0.900164
0.902971
0.0487119
-0.249041
0.316649
0.924237
-0.589995
1.31698
-1.14732
-0.722442
0.537147
0.17412
0.559422
0.416157
0.463051
0.851158
-0.207595
0.447425
-0.219189
-0.349497
0.0799541
0.928421
0.554213
0.120169
0.626947
-0.871206
-0.634247
0.204626
0.494697
-1.12783
0.916835
0.656048
-0.480664
0.71046
-1.0565
0.349127
-1.04414
0.804564
0.189624
-0.98037
-0.0530974
0.508174
-0.00808821
-0.746766
0.215731
-0.197761
-0.078202
-0.639024
-0.638734
-0.0464491
0.385461
-0.818985
-0.435855
-0.392919
-0.869481
-0.658233
0.263394
0.777768
-0.540214
0.255437
0.216485
-0.294771
0.518079
0.444615
-0.797305
0.494528
-0.202656
0.0892526
-0.739398
-0.670263
0.674634
0.171218
-0.835396
0.589676
1.49554
-0.164858
-0.679622
0.125309
1.1475
0.433871
0.291369
-1.03818
1.10589
0.967149
0.339238
0.804041
0.187952
-1.07665
-0.428567
-0.246771
-0.129877
0.134035
-0.567814
-0.479203
-0.64663
0.939857
-0.524981
1.16954
0.349705
0.426506
-0.221673
-0.213119
0.634864
1.52326
0.581644
0.108221
-0.23458
1.14627
-0.424591
0.283547
0.341362
1.025
-0.873642
0.226179
0.790229
-0.382421
0.265892
-0.669035
0.578628
-0.480759
-0.678296
-0.301942
0.506006
-0.557222
0.639998
0.904478
0.969643
0.698622
0.871006
0.375504
-0.119209
0.324246
1.26406
0.869495
-0.902807
0.0989411
-0.094237
0.203073
-0.519684
-0.153047
-0.531506
-0.538974
-0.541914
-0.0817092
0.57612
-0.972488
-0.888426
-1.22707
-0.249448
0.120171
-0.10908
-0.917579
1.00387
-0.864484
-0.809933
-0.694585
-0.173298
0.294274
-0.549664
0.921688
1.12418
0.752672
0.520419
-1.0904
0.441247
-0.434696
1.10887
1.18942
-0.624879
-0.069812
0.246535
0.554524
0.0772052
-0.322904
-0.219772
0.336706
-0.879735
1.29116
-0.541431
0.909757
0.807898
1.07297
-0.298883
0.126597
0.598087
-0.536589
-0.417274
0.343549
0.00517436
-0.597094
0.758289
1.20353
-0.353042
0.0204958
0.375044
0.136401
-0.553196
-0.383489
0.332788
0.590418
-0.404855
1.27237
-0.25587
1.08323
-1.4487
1.20087
-0.486429
0.726885
-0.94145
-0.143129
0.969672
0.00599145
0.76281
0.169244
-0.109412
-0.16484
0.394866
0.0360499
0.612709
-0.702768
0.458152
-1.18273
0.735377
-0.678522
0.393887
0.632169
-0.11586
-0.550027
0.67822
-1.17554
0.51661
-0.827875
1.10272
-1.27116
-0.68633
-0.668925
-0.0547657
-0.161955
-0.329175
0.771506
0.437213
0.796246
0.508114
-0.375639
-0.157606
-0.86909
0.269549
0.529556
0.402292
-0.0375748
0.537129
-0.252877
-0.275431
-0.627064
-0.220264
-0.0658299
0.864701
-0.573445
0.923058
-0.302687
0.24414
0.575643
-0.328734
-1.04597
0.0123409
0.645983
1.20076
0.49619
1.03875
1.26367
0.577457
-0.247641
-0.933372
-0.844282
0.25458
-0.459719
-1.1254
-0.888849
-1.18369
-1.30484
0.992849
-0.119021
-0.863929
0.226773
-0.472621
1.24125
0.873045
-0.213279
0.473471
0.322857
0.33648
0.608667
0.064881
-0.263949
-0.575106
-0.34622
-0.557672
0.209511
0.681303
-1.11052
-0.701528
-0.95178
-0.394615
0.0618889
-0.844167
-0.718353
0.070594
1.00561
-0.975087
-0.738278
0.503363
0.156206
-1.14537
1.33708
-0.508469
0.946188
-0.541557
0.361455
0.0180936
0.305518
-0.170048
0.291003
0.320346
0.876615
-0.199771
-1.04993
-0.290169
0.341293
-0.0192718
-1.01215
-0.123079
0.140426
1.30273
-0.903853
0.262419
-1.14841
-0.00371016
-0.78796
0.760982
1.33695
0.708345
-0.0424489
-1.14253
0.549382
-0.44875
-1.37278
-0.662744
-0.153746
1.04588
-0.625246
-0.170879
1.07999
-0.379185
-0.31764
-0.747026
0.664254
0.748579
0.663961
0.695971
0.252369
-0.0956276
1.31846
-0.918033
1.06905
0.512713
-0.103462
-0.519776
1.11044
-0.320219
-1.05364
-0.800703
0.0450624
-1.25932
1.12394
-0.605282
-0.186594
0.752865
-0.592924
-0.429448
-0.0520307
-0.469194
1.16156
-0.358712
-0.166606
-0.334253
0.980381
-0.220307
-0.196561
0.0209989
-0.99448
-0.263414
0.770105
-0.309613
-0.0290034
-1.04054
0.520035
0.313946
-0.326621
0.893128
0.511571
-0.387603
1.11731
0.0761127
0.0165755
1.07369
0.502261
0.495935
0.985518
0.916439
-0.734132
-0.105047
1.37863
-0.251297
-0.445723
0.336347
0.200699
0.572151
-0.199138
0.126764
0.110491
0.924816
-0.54646
-0.174548
0.863454
-0.722854
0.909485
0.0652589
0.576535
-0.318772
-1.45239
-0.327545
-0.995518
-0.713316
-0.0739272
-0.0169502
1.15983
0.806891
-0.290615
-1.03843
0.642851
-1.06589
0.507435
0.569617
0.0381621
1.05638
-0.0947546
-0.655885
0.651941
0.283522
-0.850493
-0.092718
-1.07466
0.213644
-0.320414
0.0373442
-0.0799662
0.915704
1.12496
-1.05258
0.412465
-1.12005
-0.268236
0.784604
0.994225
0.966273
-1.07427
-0.882486
0.0716984
-0.79235
-0.557849
0.891755
0.465776
-0.276944
-0.580573
0.582215
0.416233
-0.786771
-0.923012
-0.830335
-1.07499
0.0767119
0.161716
-0.0714239
1.27336
-0.848131
-0.0513547
-0.169149
-0.362211
-0.603009
0.175807
0.105963
-0.251526
-0.467299
-0.481145
-1.29778
-0.602087
-0.369146
0.256827
1.3515
0.332897
0.50593
0.696264
0.782005
-1.04766
0.420689
0.579156
-1.00993
-0.483023
-0.911072
-0.661577
0.579287
0.0872246
1.2934
0.723684
-0.674652
-0.00697853
-0.838033
0.165808
-0.00477185
-0.00568782
0.510446
-0.653055
0.269119
0.0630151
1.07103
-0.751233
-0.82628
-0.943776
-0.942094
0.24773
-0.0351721
-0.818725
-0.541876
-0.789626
0.749556
1.15977
0.750336
-0.0930588
0.147723
0.0287461
0.459263
-0.0606098
0.276241
-0.0162415
-0.528203
-0.21202
-0.0571249
-0.426914
-0.524888
0.654779
0.700729
-0.911484
0.510182
-0.205849
0.278464
-1.23355
-1.15736
-0.390624
-0.998152
0.0305184
-0.123189
0.463226
0.130516
-0.579108
-0.211895
0.955568
0.443488
0.735683
0.778606
0.538326
-0.80363
-0.417026
-0.844845
-0.182376
-1.03311
0.268389
0.481249
0.285673
1.30701
-0.211122
-0.271258
-0.415453
0.233849
0.324185
-0.305002
-0.393808
-1.22011
0.177464
0.698632
0.0359527
0.435259
-0.0964928
-0.791583
1.19383
-0.868791
-0.394778
-0.774476
-1.07989
0.131158
-0.0226594
-0.911191
0.231591
0.681095
0.0320065
0.154155
0.366056
-0.214418
-0.907972
0.594312
0.371872
-0.472514
0.0859474
-0.23535
0.144992
-0.471131
0.81749
-0.443564
-0.398265
-0.309176
-1.20257
-0.182082
-0.388635
0.448975
0.133564
-0.64125
-0.233666
0.529941
1.13703
-0.668386
0.843784
-0.0653634
0.222792
0.490241
0.99997
-0.0183677
-0.932107
0.830718
-0.957648
0.0310863
0.88993
-1.14283
0.5584
-0.325734
-1.12489
0.0353643
-0.376979
0.804479
0.97804
-0.975602
-0.409193
0.277602
-1.27981
1.38564
0.302941
-1.38577
-0.23764
0.877977
-0.739715
-0.855449
0.111245
1.17174
0.0733301
0.47638
0.761647
0.221592
0.0862123
-0.912273
-0.020343
-0.537799
-1.08343
-1.05143
0.450557
-0.353827
-0.730082
0.40617
-0.746534
-1.00127
0.476677
-0.872934
-0.431119
0.690279
0.0013064
-0.209517
-0.456514
-0.070208
-0.815701
0.183244
1.15098
-0.292606
-0.479
0.498805
-0.136501
-0.627147
-0.591399
0.297961
-0.332741
0.643549
0.761454
-0.356376
0.277229
0.629937
0.096488
-1.28041
0.0300128
0.993684
0.167127
1.0532
1.00009
0.533813
-0.297063
1.15635
-1.06463
-0.407412
0.364333
-1.34097
-0.31293
0.195443
0.451255
1.08874
-1.09415
0.531888
0.205366
-0.442108
-0.118533
-1.45143
0.344482
0.533006
0.591072
0.105816
0.415438
0.514046
-0.0493141
-0.249676
0.0781587
0.721305
-0.390043
-0.0885197
-1.2548
0.599259
0.0602988
-0.218108
-0.200197
-0.0513558
0.377839
0.717927
1.07674
0.425725
0.647751
0.375302
0.905197
0.901167
0.716909
0.625748
0.263473
-0.134101
-0.960081
-0.429136
-0.479293
0.152422
1.17837
0.549794
-1.29914
0.139188
0.983143
-1.32933
1.24886
-1.14919
0.333874
-0.50858
-0.625953
0.362658
-0.625224
-0.450305
0.167096
-0.124893
-0.420438
-0.230603
1.41952
1.18495
-1.38767
0.422498
-0.171524
1.39515
1.28768
0.801479
0.0780846
-0.771987
-0.774624
0.960678
0.286839
0.862384
0.706395
1.05538
0.515856
0.647099
-0.344194
0.672521
-0.599373
-0.121805
0.189369
-0.715748
-0.111575
0.716916
0.102301
1.09378
-0.10923
-0.412233
0.0404947
-0.25662
0.984015
-0.0415986
-0.315203
1.35471
-0.00842937
-0.198422
-0.108816
0.211168
0.833765
0.0529179
0.554657
-0.845142
0.438135
-0.146006
1.52808
0.349592
-0.194239
1.06841
0.0813779
-0.291656
-1.37653
0.30144
1.4702
1.03356
-1.15903
0.590705
-0.19934
-0.190589
-0.661539
0.400705
0.553841
0.713077
-0.163871
0.197822
1.09246
-0.279521
0.0316496
-0.506746
0.129559
-1.1473
0.337648
-1.01677
-1.09036
0.354377
-0.417409
-0.577837
0.817006
0.252827
-0.968446
-0.758277
-0.415804
0.266948
0.992968
-0.445441
0.148737
1.28541
-0.67307
-0.0605568
-0.645083
1.34175
-1.27504
-0.113118
-1.36142
-0.804741
0.234354
-0.519416
1.02353
0.68326
-0.583339
0.110611
0.532539
-0.775968
-0.89685
0.113194
-0.517101
-0.449551
-0.690122
-0.443791
-0.960434
1.29036
1.51346
-1.49403
-0.460885
-0.152415
-0.40714
0.1386
-0.520377
0.75099
-0.307025
0.665805
0.78164
0.174566
1.11971
-1.11114
-0.830371
-0.456681
-0.419809
-0.205016
-0.797371
0.32127
-0.104873
0.0489567
0.372979
1.11012
0.347683
-0.432513
-0.451945
0.443269
0.408984
0.802626
0.388538
-0.158812
-0.0930594
0.159748
0.120812
-0.572547
0.536432
-0.082803
-0.901594
1.10382
-0.755105
0.479668
-0.958961
-0.0755423
-0.783945
0.445643
0.344111
0.0252046
0.377539
1.17966
-0.201422
-0.708385
-0.430364
0.0116159
1.09202
-0.881937
0.512968
1.2152
0.89798
-0.426336
0.672052
-0.62095
0.13128
0.201651
-0.195972
-0.536597
0.241873
0.3303
-1.02806
-0.473205
0.635469
1.35199
0.665443
0.554514
-0.341789
0.0266376
0.554876
0.696302
-0.781918
0.248536
0.438689
-0.467743
-0.620887
0.612738
0.770038
-0.351153
-0.565492
-1.0395
0.646326
1.22896
-0.503899
1.07811
0.391152
0.768342
0.123301
-0.886028
-0.0987748
0.614298
0.666952
-0.272308
0.399154
0.688036
-0.0595126
0.556065
1.12935
-0.955861
-1.1543
-1.05069
-0.496719
1.10363
0.826834
0.270298
0.609564
-1.35896
-1.33663
0.437015
-0.199423
-0.681609
-1.33607
0.148818
-1.30897
-0.696478
-0.918021
0.428887
0.637298
-0.423375
-1.37953
1.19366
-0.258627
-0.831188
-0.309554
-0.16724
0.351869
-1.29531
-0.636298
0.0461674
-0.986617
-0.855036
0.193592
-0.758711
-0.53307
-0.270451
-0.631826
-1.24416
-1.10472
0.268931
1.03061
-0.882172
-0.835183
-1.34515
0.416342
0.714674
-0.144828
-0.430094
-0.423548
0.669575
-0.0764069
-0.350212
0.587591
0.0903434
-0.835584
0.0168527
0.65787
-0.553935
-0.874647
-1.15177
0.98135
0.672499
-0.128694
0.0997863
0.279
-0.388177
0.622954
-1.11512
-0.185824
-0.0716095
-0.720632
-0.358437
1.26977
0.574413
-0.382183
-0.271165
-0.342857
-1.07654
0.13259
0.27792
1.2116
-0.750083
1.18229
0.494377
0.696182
-0.944111
-0.223066
-0.734906
-0.95271
1.50557
-0.767027
1.02673
0.642563
0.688323
-0.248492
0.98573
1.09282
0.730813
-0.462919
-0.723
0.924889
-1.36843
0.139655
-0.130156
0.711962
-0.5698
-1.16665
0.633807
0.481958
0.260496
0.211242
-0.0182005
-0.82448
-0.210433
-0.898738
0.142853
-0.571792
0.367929
0.0868672
0.0774107
1.08348
0.070697
-0.241981
0.425806
-0.546684
-0.598475
-0.418169
0.374404
0.606005
0.175283
0.434255
-0.959988
-1.01942
0.773349
-0.572112
-0.168347
-1.26347
-0.0766897
-0.186146
0.470432
-0.645684
0.23478
-1.55391
0.885951
0.605375
-0.153323
-0.373131
0.909314
0.587667
0.32425
-0.589062
1.14163
0.921657
0.516498
0.699984
-1.18188
-0.546857
0.0486042
-1.46378
0.610295
0.605074
-0.465931
0.128524
0.884214
0.195658
0.0171908
1.06895
-0.49523
0.481685
-1.26888
-0.572001
0.724495
0.354722
1.01062
0.270107
1.05584
0.0323514
-0.113011
-0.650552
-1.18072
1.22418
0.321958
-0.378844
0.673825
0.653614
0.0216768
-0.233403
-0.349022
-0.317057
1.01984
0.224617
0.434911
-0.449389
-0.575751
-0.922837
-0.337245
-0.635424
0.157333
-1.05378
-0.100034
1.21147
0.439223
-0.543042
0.964512
-0.178738
0.823451
-0.0908084
0.26776
0.262847
-0.0299075
0.250844
-0.307994
0.193795
-1.18239
-0.0262737
-0.468522
0.605556
-0.966002
0.666269
-0.266946
-1.06485
0.282323
1.08034
-1.13637
-0.651041
0.373224
-0.62432
-0.16711
1.43178
1.04456
0.709889
-0.24802
-0.328305
0.483411
0.659982
-0.479167
-0.755674
-0.471883
0.251282
-0.695605
0.51923
-0.120204
-0.357172
-0.109799
0.578184
0.814196
-0.654236
-0.0828659
0.490702
-1.19545
-0.83377
-0.108316
0.631389
0.526008
-0.191047
0.116484
-0.237268
0.13758
0.457908
-0.358015
-0.539476
-0.102484
-1.11957
-0.405212
-0.465738
-0.321553
-0.869691
0.185493
0.697327
-1.01663
-0.757997
0.63266
1.0147
0.194104
1.15225
1.21013
-0.00363839
-0.238906
-0.617139
-0.846113
-0.392113
0.210447
0.256487
1.32988
-0.513675
0.130283
-0.194028
0.51738
-0.0111156
0.621135
-0.497597
1.1681
0.375397
-0.567705
-0.0999358
0.609722
0.574538
-1.29502
0.948531
-0.364349
0.30473
-0.183897
-1.07483
-1.21527
-0.508889
0.349144
0.379681
0.720818
0.402862
1.31632
0.261064
0.828332
-0.203408
0.329915
-0.450593
0.344003
-0.22206
-0.105738
-0.602627
0.988248
-0.306464
-1.3513
0.122459
1.06053
-0.3755
-0.350382
-0.225791
0.256281
0.241272
-0.874447
0.291799
0.0714494
0.935
-0.625479
1.32113
0.168407
1.4204
-0.319832
-0.485345
1.22961
0.566815
0.370975
-0.212881
0.648678
-0.835375
-0.964525
0.488778
-1.06563
0.674814
-0.714859
-0.209002
0.497542
0.607168
1.05661
-0.422218
-0.990765
0.42839
1.1487
-0.79479
-0.405673
-0.788964
-1.27505
-0.524312
-0.362333
-1.27608
-0.416393
-0.287293
0.225261
-0.761103
-0.442296
0.25733
0.218805
0.28958
-1.01925
-0.382098
0.531376
-0.329354
0.39644
0.489435
0.516441
0.448875
0.566371
0.324939
-0.387154
-1.25216
-0.964184
-0.179325
-0.118966
0.60318
-0.601177
0.367162
0.966398
-0.107605
0.679291
-0.422822
0.326922
-0.388762
1.44782
-1.19631
0.0977837
0.267651
0.419143
1.08864
1.35948
-0.367034
0.702218
0.150206
1.11975
0.133251
0.231703
-0.924895
1.08152
-0.395565
0.813193
-0.452999
0.480577
0.072601
-0.896542
1.15889
0.58315
-0.824719
-0.363321
0.974325
0.21868
-0.840581
-0.154002
0.427371
0.623829
-0.911975
-0.63428
-0.135127
-0.162537
0.661964
-0.283997
-0.593681
0.285141
1.02264
0.240059
0.558636
-0.618395
0.0837687
-0.553281
-0.71717
0.266408
0.454291
0.0606442
1.32822
-0.764443
-0.216946
0.0453384
-0.16101
0.136937
0.653062
-0.388107
-0.0354621
0.0941535
0.0740626
-0.439078
1.26602
-0.9182
-0.107513
-1.48287
-0.693894
0.306367
0.329276
-0.879431
-0.251361
-0.845568
-0.504766
0.314235
-0.227251
0.266837
-0.729022
0.187967
0.555654
-0.65086
-0.109618
0.270629
-0.327286
-0.285351
-0.818331
-1.22432
0.0824878
0.0478977
0.209744
-0.475223
-1.37537
-0.373984
0.00602345
0.022979
0.807189
-0.00514325
-0.504227
0.521308
-0.508101
-0.219559
-0.227196
1.14795
0.68371
-0.429213
0.728129
0.190635
0.859992
0.600491
-1.43341
-0.467406
0.256325
0.0746425
-0.507389
0.355966
0.294419
0.682498
-0.819288
-0.436543
0.326712
0.142235
0.923971
-1.06628
0.847386
0.883061
0.140338
0.0506295
0.179552
-0.46156
-1.30072
0.357748
0.274292
-0.367261
-0.00253961
0.0649774
0.0361069
-1.26031
-0.124596
-1.13315
-0.838187
-0.225087
-0.489096
0.74513
-0.208324
0.409964
0.264072
-0.81725
-0.340957
-0.538495
-0.0955521
-0.648985
0.0776243
-0.276492
0.962866
0.0666992
-0.0396336
-1.18397
0.488742
-0.542366
0.136483
0.0339142
1.03856
1.27358
-0.148339
1.20631
-0.113103
-0.673823
0.221578
-0.00765145
-0.695499
0.0658823
-0.0138887
0.0479387
-0.430827
0.453515
-1.11185
-1.43891
0.345055
-0.350181
0.782926
0.374034
-0.642337
0.367266
0.390292
-0.446337
0.0314407
-0.534983
-1.29994
-0.395117
0.375449
0.446056
0.173804
1.08043
0.209582
-0.161941
0.0353066
0.043252
0.443551
-0.0118809
-0.101229
1.01406
-1.21454
1.15605
-0.373698
-0.408503
0.091563
0.263914
0.82756
0.357485
0.055644
0.497941
-1.04363
-1.10421
-0.191601
1.18268
-0.613817
1.09754
0.0932349
0.390817
0.499034
-0.137476
0.0536262
-0.410223
0.0422952
-0.407827
-0.591973
-0.161585
0.457067
-0.772557
-0.0788589
-0.448812
-0.629719
0.689188
0.871967
0.16407
1.11961
-1.07576
-0.936495
-0.0401844
0.845703
1.17758
-0.332634
0.836589
-0.783676
-0.587136
-0.272966
-0.269697
-0.880703
-0.66842
0.176234
-1.32364
0.453931
-0.46344
-1.17959
-0.393552
0.082361
-0.512217
-0.607089
0.313178
-0.181033
0.678001
0.197383
-0.690309
1.06544
0.480114
-0.966908
-0.0175416
-0.498914
-1.09357
0.214868
0.579133
0.658508
0.572411
0.253048
0.192375
1.15254
0.139233
0.0347155
0.1685
-0.7727
0.195576
-0.465121
-0.550376
-0.841828
-0.446392
-0.228371
-0.730547
0.676747
0.496353
-0.116625
-0.778633
0.341162
0.147107
-0.156422
0.291608
-0.706224
0.0301148
0.0335284
0.13807
0.324562
0.306667
0.676721
0.0506943
0.124399
0.61841
-0.534373
1.4032
1.142
-1.13891
0.628233
-0.0742106
-0.779608
-0.0407728
-0.933275
1.24595
1.39561
-0.182358
-0.245193
-1.00961
0.425763
0.765748
0.792441
0.85191
1.0111
-0.173019
0.45149
-0.0319037
-1.52228
-1.03099
-0.930915
1.18915
0.227012
-1.46435
0.0420296
0.335111
-0.751025
-0.875863
0.634064
0.4136
0.162902
0.513589
-0.0286548
-0.42772
0.740175
-0.224668
0.394407
0.303982
-0.0541966
0.119605
-0.672507
-0.711759
-0.00317633
-0.617253
0.373493
0.777058
-0.919575
0.108017
-0.256688
0.964607
0.251911
0.203401
0.855772
-1.05825
0.32797
-0.514209
-0.97662
1.09463
-0.680386
-0.238104
0.0947728
0.545415
-0.769002
1.19944
0.208341
0.169518
-0.692575
-0.879241
0.289918
-0.5705
0.247332
0.0700139
0.198581
-0.691161
0.15833
0.840995
-0.957757
0.464041
-0.498762
-0.499373
-0.0269612
-1.07707
-0.0589597
-0.28422
0.111425
1.19639
1.06816
-0.590383
-0.201097
-0.30309
0.544631
-0.233773
0.811395
1.14931
-0.516653
0.576809
0.497674
-0.292628
-0.627916
-0.666913
0.602446
-0.130025
0.321191
-0.0665101
0.48772
0.148142
-0.759576
0.334146
-0.261507
0.867013
0.48713
-0.735227
1.30451
-1.2467
0.528897
0.952925
0.0905695
-0.115401
-0.677365
0.173758
-0.240072
-1.3749
1.28439
-0.623332
-0.850049
0.35376
0.260711
-1.05513
-0.149742
0.974513
-0.337178
0.901007
1.39256
-0.0747133
0.47173
0.541317
-0.410677
-0.566991
-0.0802751
-0.99084
0.207478
-1.1821
0.586046
-1.01729
0.455484
-0.203719
0.110237
0.807723
0.0330725
-0.159861
-0.46335
0.166008
1.1464
0.191821
0.879695
0.7942
-0.756665
-0.567016
0.158757
-0.804923
-1.50364
-0.810796
-0.618329
0.500546
-0.0142836
-0.624463
-0.702262
0.0414733
-0.37346
0.201156
-0.0992176
0.338405
0.736474
-0.3441
0.422827
-0.430058
-0.909626
-0.425225
-0.170767
-0.7832
-0.10728
1.09676
-0.587803
-0.67592
0.0945839
-0.548316
0.951572
-0.250029
-0.775351
0.49431
0.771876
0.535538
1.21323
-0.495068
-1.21547
0.0067636
0.311136
1.31527
-0.368428
0.0384968
-0.28634
-0.308487
-1.29022
0.852577
0.541171
1.00857
0.0835146
-0.154819
-0.636318
0.882294
-0.201336
0.528432
-0.727253
0.310274
0.417062
0.66717
-1.0667
1.06762
0.706801
-0.0313412
-0.982546
-0.145179
-1.27381
0.404581
0.792285
-0.741438
-0.242615
0.412349
-0.44965
0.509205
0.416418
0.213255
-0.443676
0.0539298
0.406159
-0.0604391
0.834962
-0.967101
-0.760454
0.406234
-0.312613
-0.11157
0.387584
1.25804
-0.166842
0.506714
-1.0228
-0.0397624
-0.250455
-0.0785255
-0.59305
0.402424
0.309489
0.0329954
-0.173547
0.749722
0.161488
-0.823306
0.104386
0.202181
-0.134362
0.644071
0.837812
0.330031
-0.0328571
-0.578543
0.798487
-0.250269
-0.732987
0.682113
0.945639
0.594553
-0.523795
0.812615
0.309764
-0.687262
-0.2322
-0.107369
0.893402
0.0830868
-0.368516
0.543368
-0.128874
1.12192
0.380259
0.0793891
-0.0739336
0.451939
-0.396238
-0.70285
-0.226141
0.469428
0.402086
-1.13652
0.29303
-1.17927
0.202953
0.490503
-0.153637
-1.01034
-0.424123
0.92404
0.603541
-0.979138
0.243558
0.403387
-0.135696
-1.09914
0.556232
1.50562
1.00351
0.73739
-0.730297
0.838154
-1.25503
0.49972
-1.0123
-0.640872
0.253757
0.162858
0.672735
0.601082
0.204076
0.791537
-1.50075
0.361308
0.843974
-0.0179959
0.598893
-0.647601
-1.03875
-0.0414457
-0.535582
0.0772218
-1.0865
0.184088
-0.481833
0.391204
-1.27001
-0.323123
-0.416835
-0.896882
0.351484
-0.207664
0.23574
-0.32862
0.434454
0.485006
-0.642114
0.451754
0.559616
1.19168
-0.322959
-0.611736
0.223148
0.0483531
0.990558
-0.185766
0.447026
0.255972
-0.190109
0.580156
1.03203
-0.416772
0.0290365
-0.13709
-0.178022
-0.753586
0.450991
0.691025
0.769864
-0.883624
0.717826
1.04093
-0.213635
0.275352
-0.441527
-0.915517
0.746415
0.949169
0.76225
0.34321
-1.12546
0.530581
1.26307
-0.447489
0.828062
-1.24776
-0.0968238
-0.648005
-0.200526
0.738
-0.367027
-0.424045
0.647021
1.0198
0.603763
-0.261305
0.18278
-0.33481
-0.367348
0.673347
0.764758
0.0294056
0.774711
0.0695822
0.217911
-1.19726
0.39286
1.01586
-0.331888
-0.72722
0.260504
-0.340505
-0.334925
0.51029
-0.0166566
0.304396
0.392151
0.983519
-0.320624
-0.0583169
-0.0118188
0.497062
0.165482
-0.157948
0.78179
0.688112
-0.959394
-0.32786
0.087966
0.378215
0.815954
-0.65911
-1.13899
-1.34351
0.0991275
0.847868
-0.860927
-0.342362
0.490274
-0.447321
-0.741878
-0.0322228
1.02075
0.0908251
-1.02393
0.440789
0.448693
0.175957
0.181284
-1.33583
0.819766
0.726556
0.350291
-0.874862
0.38761
-0.396899
0.699774
-0.282412
0.00650563
-0.910093
-1.0582
0.174142
0.381937
0.678447
0.300601
-0.768583
-0.276296
-0.49034
0.0828849
-0.603029
0.401249
0.621967
-0.494903
0.018207
-0.426403
-1.19706
0.382721
1.27097
-0.202978
-0.461794
-0.923584
0.933604
-0.835687
-0.426001
1.29872
-0.286552
-0.373205
0.52126
0.477436
-0.509348
-0.421839
-0.367395
1.04975
0.121341
-0.44632
0.862056
0.212666
0.659648
-1.26793
-0.317767
-0.411697
0.0243079
0.428276
-0.933852
-1.22342
0.434224
-0.223179
-0.473582
-0.0498667
-0.077639
0.128125
0.175421
-0.881431
1.03964
0.843708
1.38449
0.231604
-0.203594
0.122711
0.781521
-1.00281
-0.213038
0.239561
-0.885201
0.129399
-1.01067
-0.147959
-0.0183613
0.418801
1.02826
-0.922264
0.102575
-0.735559
0.835749
0.535986
-0.408888
-0.512435
1.4301
-0.196539
0.686755
-1.52769
-0.503348
-0.251037
-0.290276
0.420533
0.457324
0.570175
-0.182992
-0.717724
-0.763628
0.334161
-0.684281
0.121
-0.567224
0.363394
-0.682603
-0.796495
0.833434
0.556481
0.351493
-0.807885
0.652497
-1.04637
-0.946285
-0.502794
1.17057
-0.765305
0.784778
0.165157
0.742021
1.23351
-0.740714
1.30469
0.413426
0.00139636
-0.695784
-0.0791538
-0.744759
-0.597094
-0.939933
-0.144629
-0.0693193
-0.503698
-0.132925
-0.497362
0.340662
-0.194854
-0.189441
-0.479733
0.541494
1.08897
0.949273
0.202741
0.650303
0.717365
-0.15942
0.162458
-0.763117
0.0731057
1.22483
-0.0684739
0.953489
0.227852
-0.993986
0.389834
0.988808
1.2032
0.380827
-0.373675
0.979609
0.30423
0.89619
0.2154
0.0719844
-0.919714
0.142553
-0.268992
-0.158204
0.254243
0.968341
-0.912527
1.11905
-0.608742
-0.725562
0.779068
0.267213
0.607347
-0.674596
-1.30077
0.458506
-0.319012
0.0798709
0.249961
-0.657105
0.284641
-0.0617907
0.733226
0.940497
0.0501398
-0.352894
0.876686
-0.159265
-0.37005
0.278513
-0.798195
0.839033
-0.384033
0.0071103
-0.269318
0.964357
0.523738
0.408374
-1.37903
0.822151
0.0895566
-0.0874299
0.654994
-0.97483
-0.251276
0.488213
0.825633
0.0287724
0.654038
0.0586089
1.40629
0.276792
0.185541
0.400994
1.18023
-0.985983
0.0250901
0.322759
-0.466686
-0.217025
0.221358
-0.177045
1.10604
0.458468
-0.911674
-0.557593
0.546594
0.256727
1.02929
0.449438
0.384932
-0.09931
-0.568923
0.714763
-0.904122
-0.41124
-0.844076
-1.11148
0.780318
-0.745287
-0.144703
0.907496
-0.678397
-0.530353
-0.765333
-0.113613
-0.311845
-0.258959
-0.614489
-0.857067
-0.122822
0.703022
0.718999
-0.550739
-0.686557
-1.34314
-1.24169
0.0508581
-0.502416
-1.35421
0.489077
-0.0573022
0.722957
1.31351
-1.40476
1.03638
-0.599511
0.00171294
-0.641553
-0.516909
0.278246
0.527367
1.33988
1.33051
-0.11264
0.503289
0.162042
-1.07602
-0.240842
0.512194
0.439724
-0.347593
1.36666
-0.0253319
0.0186064
-0.386534
0.0526899
0.635106
0.405128
-1.14267
-0.00442242
0.734506
-0.328487
-0.88895
-0.506074
-0.202491
0.324011
-1.18787
1.35876
-0.501707
-0.103606
0.0887601
0.780719
-1.22119
-1.45178
-0.0794095
-0.955577
0.332197
0.251352
-0.202781
-0.0587138
-0.413628
-0.466779
0.767145
0.0740974
1.08006
-0.633804
0.449795
1.05683
-0.688147
-1.16999
-1.18267
-0.563441
-1.02635
-0.698747
-1.20821
0.117894
-0.931164
-0.81728
0.150888
0.510467
-0.53894
1.13201
0.404091
0.205252
-0.986847
0.495935
0.382935
-0.00965167
-1.34291
1.13974
-0.723367
-0.145901
0.687378
-0.675166
-0.0476284
0.0310773
-1.25186
0.615557
0.312539
0.993555
0.594236
-1.2792
-0.05305
-1.11187
-0.455211
-0.816806
1.20185
-0.549623
-0.492005
-0.757221
-0.727677
0.808446
-0.0647825
-0.993697
-1.32618
-0.019531
0.0548382
0.352404
0.314486
0.0285822
-0.25524
-0.988401
0.585003
-0.285256
0.731888
-0.829615
-1.17327
0.0302287
0.825579
-0.501439
-0.773109
-0.403913
0.279168
0.884658
0.440815
0.152358
-0.0509006
-0.622178
0.162194
-0.286798
0.35163
-0.34986
-0.755384
0.777838
-1.13153
-1.20722
0.66807
-0.822096
-0.635635
-0.000858443
-0.237257
-0.0825361
0.0768774
0.611823
0.351823
-1.05323
-0.644394
-1.16946
0.326248
-0.89123
-0.23481
-1.21238
-0.428796
0.0011492
0.375073
0.918218
0.329343
-0.728993
0.0141266
0.382815
0.147226
0.363932
-1.34912
0.531574
0.295827
1.0558
-0.100131
0.888816
-0.267687
-0.692619
-0.283542
0.215097
0.710593
0.0865866
0.276446
-1.18382
-0.643244
1.02571
-0.793096
-0.0779234
0.102084
-0.657956
-0.45531
0.496198
1.05528
-0.467357
0.328485
0.128643
-0.145669
-0.829145
1.08458
0.704223
-0.482921
-0.414542
0.404427
-0.80303
-1.25573
-0.831503
-0.532232
-0.754111
-0.156041
0.71755
-0.30778
-1.05967
-0.440147
0.753734
0.549957
-0.172458
1.0686
-0.406
0.750027
-0.163496
-0.430179
0.646025
0.111245
0.0564728
1.04142
-1.36174
0.150183
-0.227912
-0.0373186
-0.149744
-0.133159
-1.35581
0.432266
0.659109
-0.700221
-0.166769
-1.3833
0.710747
-0.27745
0.72133
-0.85042
0.753419
0.664339
-0.896654
-0.368438
0.512361
-0.937294
-1.1731
0.095301
-0.169824
-0.0515406
0.576626
0.231636
-0.113499
0.00554275
0.82618
0.772835
-0.036148
0.248975
-0.963187
-0.379862
0.805541
0.206481
-0.0913774
-0.498407
0.972841
0.549443
0.752058
-0.721058
0.816952
0.73407
1.00536
0.0250956
-1.03878
-0.28722
-0.815024
-0.798506
0.967113
0.0906213
1.40582
-0.873945
0.528282
0.645115
-0.991936
0.388913
1.07199
-0.615924
0.737443
-0.666303
-0.874643
0.288707
-0.293187
0.194799
0.664748
-0.174686
-0.320315
0.407487
0.204547
0.998819
0.228465
1.22047
-0.859791
-1.09164
0.0529477
-0.029661
-0.0795963
0.609848
-0.699254
0.0793278
0.469982
0.781863
-0.537593
-1.40116
1.12364
-0.607663
1.18431
0.939469
0.504429
0.136538
1.02306
-0.871701
0.560369
-1.14849
-1.05232
0.731883
-0.189936
-1.11821
0.0523956
0.657355
0.558391
-0.888156
1.31666
-0.427751
0.170838
0.0663373
-0.281621
-0.478943
0.17137
0.495922
0.917095
-0.459134
-0.513217
-0.556198
-1.04421
-0.642278
-0.652604
-0.384124
1.14982
-0.784435
0.571645
0.549449
-0.31564
0.337596
1.23761
-0.51248
-1.20074
0.0555697
-0.502714
-0.418726
0.387633
-0.0558176
-0.301461
-0.963893
0.831853
-0.0405399
1.06948
-0.81797
0.689115
-0.21457
0.306753
0.947882
-1.04533
-1.37207
0.403053
0.0254975
1.24732
-0.796843
-0.890424
1.16006
0.869657
0.189916
0.50293
-0.455575
0.658756
-0.0568322
0.494413
0.318739
-0.539921
0.725811
0.307296
-0.18274
-1.27118
-0.439723
-1.40595
0.448692
1.17548
0.808209
0.278427
0.768388
0.0238988
-0.75928
-1.29575
0.457595
0.130183
0.368685
-0.321709
0.465166
-0.834824
-0.963388
-0.777367
0.765686
0.421684
1.37373
1.42245
-0.163638
0.738267
1.36816
0.610301
-1.25153
0.164416
0.437617
-0.535683
-0.00793098
-0.204191
0.275008
-0.605055
-0.443407
-0.331274
0.621442
-0.0174494
-1.26598
-0.347763
0.194866
-0.588901
0.0775488
0.77754
-0.123028
-1.23455
-0.489644
-0.453455
1.13955
-0.0254194
0.134785
0.905438
-0.13988
0.716928
-0.463367
0.141437
-0.60851
-0.324879
-0.0601103
-0.992703
0.206993
-0.437895
-0.213285
-1.13962
-0.423157
1.09825
-0.355299
0.147089
-0.700975
0.507771
-0.820962
1.27218
1.21931
-0.0304978
-0.342992
1.16398
-1.14125
-0.957736
0.0159912
-0.693223
0.307701
-0.164026
-0.718795
-0.447793
0.294192
-0.353811
-0.49676
-1.12072
0.924391
-0.2427
0.842706
0.305381
0.134568
-0.368981
-1.14022
0.456624
0.0557676
0.612903
1.01373
-0.295632
0.0378504
0.304157
-1.25716
-1.20512
0.432523
0.493555
0.856436
1.31219
0.59453
0.703249
1.04966
0.0163127
1.0902
-0.537224
-0.565478
-0.12438
0.602405
0.387921
-0.955047
-1.26998
-0.455886
-0.171801
0.720858
-0.383548
1.13537
-0.254062
-0.252973
-0.237719
0.373316
0.205956
0.0711621
0.173537
-0.128819
0.123856
0.328011
-0.0207935
0.951039
-0.820619
-0.102711
-1.06819
0.77416
-0.144784
0.534943
-0.419493
0.608076
0.341426
-0.170798
0.0167071
0.401912
-1.06778
-0.419236
-0.543254
-0.426152
0.524313
-0.971003
1.09193
0.108456
0.38376
0.337308
-0.268536
-0.447067
0.322489
-0.415328
-1.40238
0.420328
0.0073622
-0.228621
0.666005
-0.464614
-1.01672
-1.50012
0.817636
-0.418935
-0.0533435
-1.14241
0.785306
-0.712885
0.378577
0.0736909
0.194049
0.448345
0.826781
-0.596671
-0.491534
-0.414312
-0.507891
-0.0332849
0.0101595
-0.490945
0.925074
-0.125665
-1.06598
0.268088
-0.45967
0.773794
-0.416722
0.614772
-0.514556
0.349096
-0.063568
0.254516
0.448404
0.819533
0.161418
-0.185495
0.773709
-0.273319
-0.673873
-0.0302959
1.28119
-0.825251
0.232841
1.11746
0.275823
0.0376105
0.522558
-0.414999
0.273544
-0.22692
0.600834
-0.548865
0.553075
0.703466
-1.0036
0.921963
1.2759
0.280865
0.397699
0.849377
1.01595
-0.277139
-1.37672
0.726568
1.44164
1.05297
-0.199047
0.245994
-0.590608
0.891925
1.04237
-0.344461
0.674787
0.0400216
0.307231
-1.13082
-0.341406
-0.713745
-0.502086
0.322466
-0.681701
0.282317
0.247149
0.105747
-0.315034
-0.106449
1.01294
0.450545
-0.88221
0.506016
-0.938035
-0.187309
-1.15069
-0.11322
0.176263
-0.396866
-0.795221
-0.296044
0.0205143
1.06545
1.33704
-1.20399
0.557486
0.920582
-0.165427
-0.277128
0.705057
-0.00182245
-0.669787
1.26831
0.110369
-0.34817
-1.02415
1.3517
0.338774
-0.291902
0.490557
0.638075
-0.691615
-0.43786
-1.28901
-0.697614
0.381126
-0.885773
-0.83253
-0.465768
-1.28212
1.21638
0.415882
0.438391
0.136189
0.700956
0.470214
0.163106
-0.331831
0.62678
0.902507
0.495593
0.303434
-0.182403
-1.18723
0.102176
-0.206591
0.134389
-0.929486
-1.20903
0.178888
0.0704457
-0.525471
-0.893225
-0.705369
1.1889
0.312387
0.460171
-1.2303
0.0895526
0.594803
-0.288785
-0.331796
0.446784
-1.13373
0.473558
0.406023
0.244098
-0.732103
-0.386081
0.402144
-0.216578
0.182439
0.400573
0.925978
0.604786
-0.836644
0.736006
0.762279
-0.76763
1.20297
0.3247
0.732781
0.831169
-0.826372
0.500404
-0.761989
-0.297641
0.498528
-0.602612
0.395015
-0.898056
-0.540148
0.151934
0.709255
-0.213418
-0.201165
-0.116966
1.23542
-0.0767322
0.250993
-0.846345
-0.629971
0.378209
-1.31938
-0.355033
1.19474
-0.381344
-0.0402689
-0.931462
-1.10048
-0.879008
-1.1389
1.32446
0.78021
0.388627
0.564148
-1.17221
1.15748
0.970131
-0.186601
-0.218018
-0.29255
0.200741
0.00423201
1.14023
0.168021
-0.48119
-0.306982
0.939525
-0.199429
0.340851
1.24136
0.351937
1.24913
0.236725
-0.61261
-0.352387
0.445812
0.315329
0.388462
-0.129924
0.152186
1.11483
0.295597
0.62255
0.72449
-1.18874
-0.245684
0.492216
-0.663143
-1.15816
-0.325534
-0.703562
-0.160348
-0.564873
0.793108
0.959218
0.132548
1.43032
0.815928
-0.274755
-0.170329
0.327308
-0.960209
-0.0449059
0.587489
1.08823
0.326715
-1.06025
0.808982
-0.606828
-0.468508
0.569221
-0.759591
-0.329704
0.590567
-0.0610108
1.08474
-0.373418
-0.556798
0.671093
0.947396
0.373652
-0.175498
0.0263066
-0.861111
-0.703423
1.48746
1.51893
-0.8199
-0.961421
0.687592
1.18576
0.789596
-0.251683
0.681892
0.139298
-0.0420486
0.129138
0.338431
-0.821958
0.684938
-0.1326
-0.00320214
-0.289237
-1.20457
-0.253405
-0.14287
-0.0894367
-1.04805
-0.0626478
-0.280943
0.837876
0.552197
-0.17993
0.736598
0.352172
-0.809892
0.180278
0.192599
-0.700352
-0.909361
0.931672
1.48304
0.994108
-0.0896314
-0.742133
-0.194658
0.21359
1.16517
-0.241043
-0.512041
-0.132449
-1.09636
0.139159
0.418345
0.614133
0.499705
-0.4556
-0.366126
-0.7167
-1.17339
0.218212
0.486338
-1.20761
0.440246
-1.20071
0.640494
-1.04345
0.430631
-0.776709
-0.261094
0.0901691
-0.411957
-1.00021
0.26702
-0.598954
0.726402
-0.650655
-0.0355118
0.00392558
0.07241
0.267934
0.13147
0.463076
1.28229
1.27515
-0.812806
-0.0275741
-0.206802
0.254227
-0.67823
-0.0679352
-0.244139
-0.649358
1.40223
-0.431533
-0.713334
0.384395
0.224851
0.140709
-0.551251
-0.96788
0.370637
0.201951
0.183429
0.0937935
-0.205731
0.654755
1.21913
-0.21879
0.0123629
0.111718
0.891188
0.518467
0.50133
0.384919
-0.465617
0.930158
-0.443282
0.441062
0.0372183
-1.10055
0.0614371
0.10348
0.0621349
0.40957
0.296192
-0.195358
0.394929
-0.141881
-0.309998
-0.365605
-0.180485
0.46589
0.197853
1.40898
-0.089984
1.22828
1.10098
-0.479104
-0.63124
0.638875
0.435728
-1.01099
-0.0337116
0.386026
-0.369854
0.0086026
0.589611
0.508338
0.416714
-1.03195
-0.402284
-0.0011337
0.935755
-0.109397
0.197353
0.486247
0.574072
-0.496111
-0.824667
-0.334966
1.33668
-1.12192
0.642996
-0.00335543
-0.0210041
0.58757
-1.30634
0.484136
0.97685
-1.1631
0.448247
0.041565
0.139716
0.0205262
-0.0119078
0.628847
-0.826326
0.947461
0.720381
0.808535
-0.329559
0.00121875
-0.115125
0.952057
0.325594
0.955177
0.159443
0.49955
-0.581557
0.581728
-0.327011
-0.936904
-1.09136
0.874891
1.31214
0.00457958
-0.937905
-0.75141
0.208549
-0.204816
-0.103814
-1.0248
0.0186245
-0.858045
0.516077
-1.0406
-0.569863
-0.832395
0.393275
0.514185
-0.79236
0.759156
-0.260198
0.613972
-0.18462
-0.0863934
-0.550242
0.876088
-0.90554
-0.832386
-0.315164
-0.550705
-0.37881
-0.880732
0.587055
0.341743
-0.773278
0.0325332
-0.870968
0.52783
0.611576
0.389032
-0.604783
-1.20056
0.928345
0.0605461
0.108503
0.786739
-1.08575
-0.343048
-0.980823
-1.06755
-0.734476
-0.421915
0.0760196
0.127571
-0.498475
-0.454117
0.993667
-0.12049
0.367971
1.13317
-0.760744
-0.600416
0.909879
-0.948733
0.414451
0.58029
-0.603313
0.0800041
-0.446757
-0.348822
1.07045
1.14393
1.02239
1.49786
0.0129655
-0.0985311
0.946739
-0.0252362
0.703417
1.12021
-0.271585
0.286282
1.03397
-0.868529
1.17751
0.655359
1.09529
0.380336
-0.945628
-0.632474
-0.192927
-1.13711
-1.02378
1.00185
0.992086
-0.79654
0.801346
-0.159833
-0.139965
0.710901
1.09263
-1.02193
-0.466905
-0.802872
-0.305245
0.274553
0.47838
-0.475377
0.576755
-0.558433
0.59317
-0.415932
-0.0988306
-0.982315
-0.14159
-0.413672
-0.0308794
0.741863
-0.977463
0.843856
-1.17512
-0.39377
-0.580678
0.409807
-0.887786
-0.997485
0.948943
-0.272003
-0.203556
-0.0365368
-0.0200709
-0.172024
-0.802565
-0.346355
-0.187092
-0.50378
0.720777
0.916817
0.513559
-0.0588053
-0.809076
0.275009
-1.40639
0.633047
0.0133119
-0.264349
-0.058581
-0.672595
-0.00854859
0.748659
-0.429274
-0.741653
-0.714474
0.701276
0.343534
0.665121
0.179463
-0.363242
-0.567912
1.17071
0.479709
0.65894
-0.771468
-0.738954
-0.663572
0.802117
-0.222506
-0.279549
-0.39721
-0.62352
1.32839
0.0564861
-0.094134
0.257799
-0.328707
0.686768
0.766781
0.990228
-1.18517
-0.44105
-0.494186
0.754602
1.13106
0.423701
0.727121
0.410872
-1.03536
0.0753335
-0.351216
-1.10883
0.624898
0.676313
-0.72388
-1.22896
-0.324979
-0.445934
0.577051
0.175114
-0.477857
-1.35309
0.721594
-0.754673
-0.843695
-0.344756
0.181458
-0.709229
0.606321
-1.2004
-0.363145
-0.752325
-0.779247
0.0498083
0.550369
-0.571671
0.0699503
0.443882
0.0760286
-0.61529
-0.371775
-0.0516382
-0.274308
0.711075
-0.664866
0.187265
-1.01951
0.885374
0.555732
-0.252038
-0.0153777
0.797754
-0.813891
-0.525573
0.162942
0.380157
0.15417
-0.989421
-0.410523
-0.213874
-0.0883132
-0.49323
-0.607633
0.180184
-0.577546
-1.11851
-1.42331
0.507995
-0.231219
-0.697915
0.544901
0.891468
-0.968149
-0.436024
-0.767774
-0.571769
-0.194034
-0.302937
-0.00686588
-1.20166
-1.27878
1.1332
1.25945
-0.677456
0.341339
-1.05127
-0.230433
0.580628
-0.0770072
0.431553
-0.72927
-0.685365
1.33172
0.674132
0.258536
-0.310496
1.13426
0.0154972
0.852822
1.3203
-1.24216
-0.979226
-0.684324
1.18179
0.15363
0.904555
-0.480579
-0.516155
1.13233
0.225386
-0.371891
-0.29961
-0.604503
-0.0275661
-0.110605
0.0205324
-0.694961
-0.251522
0.490387
0.277173
-0.896542
0.575402
-1.07505
-0.308985
-0.0866203
-0.360985
-0.237431
-0.485071
0.263326
0.704572
-0.0897878
-0.171984
1.15621
-0.802962
-0.0282052
-0.4098
0.501245
-0.93528
0.236126
-0.714864
0.171232
1.23824
0.913112
0.57528
-1.05022
1.03543
0.63298
1.07652
-0.697819
-0.0334522
-0.404494
-0.187476
-1.17326
0.838528
-0.947341
-0.580299
0.701659
-0.858012
-0.187997
-0.102372
-1.1448
-0.0203636
0.774926
0.796326
1.12592
1.38432
0.184978
0.77437
-1.21422
0.571659
-0.82157
1.00116
-0.113069
-0.650464
-0.638152
0.162141
0.0347579
0.541891
-0.690115
-1.33661
-0.190236
-1.08749
1.17632
-0.351449
-0.110134
0.116641
-0.997977
0.686565
0.729653
-1.08004
0.261811
-0.361896
0.715378
-0.315691
0.0552919
0.00394892
0.788111
1.09906
-0.100583
0.145686
0.271505
-0.00921975
1.41942
1.22976
0.50151
0.674036
-0.0588356
-0.545397
0.781138
-0.00950525
-0.95665
-0.107765
-0.228566
0.199667
-0.410901
-0.114142
-0.681875
0.496436
-0.0366787
-0.183341
-0.085351
0.804417
-0.255873
-0.612907
-0.374392
0.800649
-0.791878
-0.194372
0.882315
-0.665902
-0.421458
0.893734
-0.642581
0.477192
-0.377448
0.429469
1.04277
-0.638444
-0.333775
0.416542
-0.406747
0.530225
1.03412
-0.235367
-0.0333057
-0.171204
0.291346
0.604785
-0.490092
0.168934
0.838519
0.420531
0.661477
1.21705
-0.530332
-0.20438
0.985571
0.985434
0.843928
-0.0289523
-0.128116
0.0383954
-0.158726
0.236549
-0.971987
-0.07478
-0.275872
-0.393285
-0.21739
-0.628461
-0.0424477
-0.596441
-0.747126
0.546484
-0.934867
-0.767844
-0.121849
-0.97938
0.136847
-1.06807
0.70944
1.08383
0.880538
-0.105786
0.124032
0.906393
0.0745854
0.379866
1.16836
-0.926173
-0.549379
-1.15534
-0.274539
0.086222
-0.116458
-0.187657
-0.956057
-0.254861
-0.507059
-0.87572
0.174127
-0.611616
0.559849
0.329674
-0.22097
-0.207678
0.145984
0.0312413
-0.140457
-0.12872
0.999041
0.78619
0.264907
-0.548488
0.360069
0.102837
0.900045
-1.10924
-0.920678
-0.0719999
-1.03501
-0.0552901
-0.116879
0.503235
0.642834
-0.161515
-1.05547
0.37923
0.387059
-0.0170536
-0.713605
0.0400628
0.514582
0.539497
0.905884
-0.340738
0.500862
0.477044
1.35358
-0.161676
0.225889
-1.36928
-0.337891
-0.421347
-1.11537
0.907654
0.833882
0.467879
0.867891
-0.865711
0.553912
-0.46247
-1.27816
0.802316
-0.662531
-0.856004
-0.123993
-1.03591
-0.293299
-0.949139
0.562915
-0.305224
-1.11776
-0.344321
-1.16567
0.228707
0.0643799
-0.453518
-0.302389
-1.16102
-0.608353
-0.524444
-0.718264
-1.18128
-0.52741
-0.480511
0.101649
-0.589684
-1.2684
0.204299
-0.090704
0.833235
-0.647831
0.871046
-0.925013
0.274273
-1.16509
0.208912
-0.320848
0.926223
0.0101634
-0.146143
0.815104
0.30064
0.640342
0.323682
-0.517413
-0.211991
1.20065
-0.877995
0.836219
-0.269014
-0.12611
0.162779
0.836069
0.944678
-0.152271
-0.954031
0.358851
0.762409
0.143703
-0.282625
0.636457
0.0555976
-0.337199
0.693456
1.21894
-1.44038
-0.632189
1.29246
-0.546895
-1.28296
-0.92946
-1.01765
0.94139
-0.183582
1.521
-0.436644
1.13097
0.296624
-0.55254
-0.367513
-1.05641
0.051792
0.500216
-0.139414
-0.916261
-0.836149
1.1847
0.431197
0.0755617
0.203484
-0.425423
0.806374
-0.453583
0.218399
-0.546525
-0.0562722
-1.26235
0.602923
0.933336
-0.14148
-0.361847
1.22395
0.87943
1.15313
-0.131522
0.273822
-0.886344
0.115223
-0.72088
-0.118874
0.615941
-1.03454
1.01683
0.314153
-0.689592
-1.3847
-0.130144
0.70429
0.706791
-0.245943
0.649823
1.114
-0.503055
-0.491462
0.888203
-0.486365
0.034317
0.267787
-0.509149
0.384525
-0.697053
-1.39124
0.0922769
1.04842
-1.17563
1.21217
-0.283448
-0.0592393
-0.688683
0.484975
0.140766
-0.0484667
0.21191
0.0857041
-0.443212
-0.545492
-0.243166
1.23201
0.322121
0.355796
0.756557
0.813357
-0.708205
0.860462
-0.441771
-0.741881
-0.820372
-0.802027
-0.657599
0.135547
0.238806
-0.89286
-0.542014
0.322898
-0.149338
-0.075673
1.04283
0.973566
-0.689052
0.788871
-1.16469
0.891949
-0.845086
0.343505
0.795169
0.488591
1.03461
0.316756
0.172865
-0.71237
-0.329038
-0.190295
-0.532522
-0.85912
-0.231852
-0.364176
0.920263
-0.631344
-0.0129467
0.412246
-0.86406
0.165937
0.862315
-0.181205
-0.441958
0.432848
-0.328819
0.406249
-0.197209
1.1168
0.483388
0.378227
-1.33337
-0.449182
-0.427625
-0.521269
-1.15404
0.583055
-0.632345
-0.671668
-0.475879
0.985809
0.814087
0.532709
0.349836
-0.0136719
0.360432
-1.09949
0.582447
-0.57929
-0.366552
-0.960555
0.783523
-0.979379
1.38296
0.388104
0.709772
0.8562
-0.365812
-0.963999
0.0346451
0.0462186
-0.178915
-0.0595111
-0.841347
-0.565792
0.370895
-0.268832
0.26622
0.503845
-0.833729
0.159083
-0.640433
0.428027
1.40222
1.06766
0.378554
-0.217183
0.61799
-0.895461
0.43929
0.838534
-0.463128
-0.0467621
-1.08553
-0.777523
1.09951
-0.990867
0.0503706
0.567927
-0.267362
0.235783
0.76296
0.673832
1.00501
-0.0116887
0.666312
-0.0172265
-0.564289
-0.727864
-0.630356
1.2325
-1.35999
-1.12101
-1.28217
0.00728559
0.947212
0.260343
0.638277
-0.0109169
-0.0976975
0.377517
-1.01759
0.467529
-0.52202
0.904112
-0.211423
0.164274
-0.808362
0.066925
0.0555734
0.869228
-0.569729
0.0205143
-0.59118
0.331794
0.0202934
-0.0615766
-0.936725
-0.831523
0.898523
-0.192304
-0.921513
0.866406
0.100384
0.748286
-0.346499
-0.0619793
0.525438
-0.160197
1.32874
-0.145166
-0.28777
0.0938874
0.520515
1.05898
0.608126
0.171881
0.97988
-0.0305206
-0.56935
-0.974933
-0.440415
-0.898173
0.44592
-0.0583186
-1.33492
-1.2135
0.404009
0.405016
-0.318582
0.961346
0.591828
0.0592366
0.114015
-0.466562
-0.087312
-0.545918
-0.482884
-0.582489
0.397736
0.645977
0.417644
1.17085
0.336102
1.10338
0.205025
-0.315276
-1.50458
0.801765
1.12186
-0.366404
0.0159434
0.327778
0.911806
0.496298
-0.0281371
-0.21828
0.908427
1.00625
0.0315446
0.46869
-0.163781
-0.751528
0.829887
-0.437959
-0.309926
-0.734795
0.117303
-0.852905
0.178731
0.205414
-0.0657702
0.250657
-0.193489
0.395683
1.22297
-1.28616
-0.130359
-0.885087
-1.30801
-0.153648
0.0154358
-0.0444632
0.511107
-0.323155
0.982206
1.14548
-0.29078
0.157793
-0.915969
0.714417
-0.519678
0.0182553
-0.165867
-0.77406
-0.749467
0.679617
1.05037
-0.995139
-0.169948
1.27789
-0.532884
0.901186
-0.162195
-1.00524
0.116899
-0.537714
0.648646
0.416061
-0.123242
0.766544
0.858875
-0.553226
-0.74472
-0.341696
0.125187
-0.759166
0.435806
0.766404
-0.942098
-0.059245
-0.59597
0.339835
0.35548
-1.06167
0.817029
1.29956
-0.310156
-0.573828
-0.920808
0.885431
-0.144797
-0.109312
-0.0617419
0.201806
-1.06625
-0.755537
-0.722385
1.09044
0.213266
-0.829988
-0.784061
-0.579404
1.27486
0.791231
-0.11115
0.683451
-0.425502
-0.278565
-0.470293
0.925764
0.459508
0.804381
-0.150862
-0.579906
0.581187
0.256282
-0.163945
1.10892
-1.46423
0.482675
-0.905293
-0.935771
-0.101102
-0.313821
-0.313388
0.404736
-0.85833
0.270162
0.622306
-1.29019
-0.572636
0.117878
0.907761
-0.829613
1.29752
-0.467301
0.510296
-0.0465886
-0.322776
-0.56839
0.111104
-1.43036
-0.402714
0.233488
-0.466434
-0.932914
-1.45468
-0.375215
-1.00863
-0.161807
-0.54193
-0.636918
-0.381368
0.385207
0.922707
-0.600763
0.931188
-0.263996
-0.981044
0.051563
-1.13178
-0.435287
0.956505
0.54315
0.566451
-0.48129
-0.525395
-0.459743
0.392635
-1.13268
-1.15984
-0.356112
-0.412156
1.16668
-0.500159
0.927137
1.19639
-0.857445
-1.42159
-0.435728
0.871673
-0.590682
0.933996
-0.4321
-0.319049
-0.177075
-0.265169
-0.309082
0.363439
-0.46733
-0.526425
-1.02959
0.297347
-0.310966
0.538871
1.04461
-1.04488
-0.413131
0.552778
-0.451242
-1.0996
0.0125621
-1.25964
-0.433165
-0.26508
-0.063367
-0.759651
0.901753
-0.933458
-0.367526
0.79553
-0.211843
-0.839927
0.0162354
-0.610055
-1.32947
0.434262
0.232381
0.503995
-0.396145
0.684097
-0.432993
-0.473297
-0.651592
0.933003
-0.511476
0.516709
-0.860982
-0.513726
-0.0697362
0.0919694
0.370261
-0.825693
0.29327
-1.02187
-0.836318
0.153315
0.29357
-1.47616
-1.38649
1.12579
-0.321963
0.647273
-0.325219
-1.08163
-0.802822
1.25838
0.794149
1.22421
0.0990401
0.632013
1.28911
0.271448
0.562332
-0.593694
-0.0246846
0.517747
0.484673
-0.638745
-0.896063
-0.179674
0.446582
0.183886
0.398423
0.297846
-0.836785
-0.017168
1.38631
-1.32435
-1.332
-1.08832
0.247026
-0.534626
-0.204467
-0.0281665
-0.318793
-0.990261
0.126755
-0.571154
-0.285947
-0.285741
-0.675105
-0.368934
-0.92097
0.429078
-0.456669
-0.874239
0.326593
-0.507193
0.762642
0.588861
0.744451
-0.65968
-0.333877
-0.450359
0.433357
-0.821682
-1.05034
1.15401
-0.0893198
0.891501
-1.31948
-0.858889
-0.443764
-0.179618
0.425087
0.406319
-0.427133
-0.0625425
-0.687929
-0.136642
-0.597584
1.06336
0.0747578
0.465343
-0.437208
-0.0964906
0.868223
1.36825
0.0648216
0.327117
-0.659271
1.12709
-0.388338
-0.433846
-1.02713
-0.374408
-0.823248
0.743203
-1.03848
0.892431
-0.391547
0.754045
-1.45234
-0.32668
-0.103515
-0.29184
-0.153163
0.201881
-0.187738
0.120744
-0.542456
-0.837395
0.875462
-0.568299
-0.0868171
-0.770506
0.142738
-0.64974
0.78733
-0.152177
-0.0145402
0.809789
0.209936
-1.3943
1.48
-0.260793
0.544131
-0.823751
0.477647
-0.9108
0.693011
-0.396864
0.736623
0.618163
0.521728
-0.00522032
0.371615
0.490656
-0.953653
-0.0595866
-0.222867
-0.055254
-0.644651
-0.835445
0.303697
-0.248961
1.20713
-0.968896
-0.139351
0.582759
1.16667
0.216566
-0.0539422
-0.08584
-0.373007
0.0477663
0.528088
0.0981963
-0.105928
0.722244
-0.0553542
-0.474124
-0.82543
-0.667805
0.193403
-0.530857
-0.112882
0.698555
-0.210323
0.44671
0.150243
1.04697
-0.956893
-0.408656
0.212526
-0.693012
-0.517383
0.55268
-1.03599
-0.0525194
-0.350341
0.187251
-0.66086
0.862353
-0.164529
-0.521571
0.367396
-0.289549
-0.616534
-0.346078
-1.22042
0.193287
0.883009
-1.06808
0.0452895
-0.316814
0.436035
-0.748492
-0.645642
-0.459887
-1.06699
-0.53552
-0.00804609
0.409913
0.337543
0.716008
-0.0435606
-0.802679
1.21518
-0.720609
-1.08523
-0.375206
0.503764
-0.599717
-1.19903
0.600452
-0.508457
-0.466308
-0.35062
-0.829377
0.429216
-1.02709
-0.259802
0.256505
0.913336
-0.0461347
-0.486106
0.539506
0.297311
-0.557831
-1.11535
-0.260454
1.05303
0.688879
-0.692202
0.647704
-0.576424
0.465418
-0.689377
0.307286
-0.626978
-0.163473
-0.341887
0.648388
0.399038
-0.0917484
-0.645112
0.216956
-0.259457
-0.397497
0.880327
-0.590432
0.368345
1.06038
1.03609
0.109005
-0.724094
-0.670837
1.21086
-0.0748429
-0.0109047
0.573929
-0.0806948
-0.115401
-0.481542
0.515157
-0.943995
-0.345307
-1.35128
-0.508455
0.651959
-0.380387
0.211664
0.0133463
0.448161
0.938479
0.62659
1.01809
0.906937
-0.108642
0.144598
0.872435
-0.788384
-0.540123
0.150113
-0.31449
0.892688
-0.266764
1.185
-0.132218
0.248725
0.937446
0.542949
1.34166
-0.383339
-0.0621739
-1.15328
1.0162
0.603244
0.349956
-1.21
-0.016506
-1.23104
-0.276489
0.258126
-0.512474
-0.477496
-0.00948987
0.54388
-0.765193
0.126781
0.490525
0.124477
0.701447
0.556496
-1.19745
-0.500712
1.06386
0.600607
0.746904
-0.0546729
-0.195185
-0.684818
0.61407
0.272066
0.779673
-0.145348
-0.277965
-0.692389
-0.928698
-0.387482
-0.548465
-0.552931
-1.47484
0.0403821
0.744394
0.323724
-0.103431
0.208567
1.18754
-0.0817701
-0.807067
-0.787121
-0.385194
0.972059
-0.545209
-0.101995
-0.783341
1.03995
-1.28769
0.243788
-0.108125
0.350672
-0.815928
0.247495
-0.0847806
0.633464
-0.168483
0.102629
0.569596
-0.479513
0.271218
-0.642892
0.449031
-0.716936
-1.03072
0.628965
-0.499851
0.202398
-0.0403993
0.394961
-0.373153
-0.112902
-0.119948
0.706029
1.14939
0.0670288
-1.0474
0.301873
0.71974
0.0400989
0.0550683
0.0380264
0.628621
0.330311
0.973027
-0.00599997
0.506762
0.360763
0.289902
0.817294
-0.26823
0.596952
0.590192
0.839639
0.620262
-0.830566
-0.207799
0.194826
0.649755
1.19732
-0.0171395
-0.66263
0.644828
1.25674
0.53585
-0.459761
-0.114335
0.284161
-1.06107
0.503848
0.0284879
0.206362
-0.0511961
0.705254
0.087602
0.0363956
-0.775705
-1.32978
-0.354206
-0.517894
0.489758
1.31328
0.33752
0.629903
-0.127938
0.171813
-0.230614
0.702149
-0.414787
0.598542
1.20669
-0.0487488
-1.30204
-0.515654
-1.50546
0.131134
-1.51628
-0.131141
-0.960011
-0.573798
-0.320073
0.468267
0.65353
0.660605
0.963956
0.502619
0.727774
0.268199
0.609451
0.193213
0.214856
-0.353603
1.20935
-0.0793663
-0.404518
-0.606734
-0.135037
0.849892
-0.193233
0.048376
-0.158601
0.382815
0.542638
-0.758617
-0.835977
0.731769
-0.0696265
-1.43985
0.900912
0.459668
0.665528
-1.14945
-0.234367
-0.183005
1.16002
0.46042
-0.247762
-0.081431
-0.645957
0.123899
-0.690303
1.08121
-1.09684
-0.385017
-1.31305
0.61031
0.77147
-0.0105911
-0.452533
-0.0110084
1.16526
0.496863
1.07648
-1.36079
-0.295134
1.04069
-1.02801
0.032156
0.661492
0.917577
-1.26455
0.694583
0.302413
-1.11603
0.10384
-0.935334
0.86337
-0.397354
0.807134
0.598667
-1.41195
-0.257755
0.0136072
0.186493
-0.993877
0.0278185
0.617019
0.908479
-0.935235
0.788105
-0.0955392
0.775309
-0.879578
-0.294988
-0.48374
-0.664738
-0.445028
0.458672
-0.173277
0.691233
-0.366863
0.40165
-0.103988
0.97475
0.779612
-0.189174
-0.882625
0.608322
0.202799
0.630808
-0.524178
-0.5246
-0.27038
-0.0266255
0.276264
-1.54502
-0.220505
0.973174
0.535775
-0.75204
0.841342
-1.44966
-0.805477
1.09806
-0.870724
-0.398439
-0.510874
-0.453743
-0.926182
-1.18581
0.378679
-1.33774
-0.959742
-0.56725
0.544447
-0.112581
-0.210474
1.02341
0.540557
0.76229
-0.482517
-0.902115
-0.440322
0.570861
0.128445
-1.23871
0.0829846
-0.97817
0.775287
-0.09792
0.582907
0.922685
-0.364343
-0.281759
0.0564103
0.689298
-0.812682
0.471886
0.937374
-0.361577
0.0997774
-1.0194
0.0406653
-0.12365
0.208771
0.523284
0.341812
-0.28566
-1.13214
-1.0602
0.217039
-0.606285
0.26591
0.543823
-1.23841
0.510033
1.28702
0.335025
-0.688902
-0.39876
0.761606
0.669474
-0.136803
-0.240173
0.448571
0.583383
0.126672
-0.0387411
-0.00123836
0.228755
0.119539
-0.566118
-0.517912
-0.382944
-0.404114
-0.385253
0.805892
-0.114785
-0.97925
0.829107
0.959083
-0.263974
0.513398
-0.959771
-1.2302
-0.492632
0.624064
0.393745
0.0308833
1.17041
0.928362
-0.593091
-0.792914
0.410445
0.802104
-0.366896
0.530166
0.516354
-0.605134
-0.286051
-0.149472
1.26991
0.265847
-0.730837
0.839691
0.223906
-0.39487
-1.1236
1.34504
-0.0372454
0.414569
0.397675
-0.0622554
-0.0579468
-0.583208
-0.886203
0.840342
-1.13091
0.249599
-0.240784
0.0310034
-0.603341
-0.385539
0.106215
-0.506949
0.276052
-1.0186
0.871791
-0.311554
-0.784701
-0.521658
-0.566086
-0.486311
0.0189609
0.607613
-0.183677
0.622171
0.639689
-0.32634
-1.02077
-0.314768
0.10051
-1.04845
0.692388
-0.783388
0.0790882
0.179106
-1.0832
0.275387
0.788051
-0.547029
-0.0956445
-0.660674
0.685988
0.411385
0.538919
-0.409746
-0.57013
0.655507
-0.680838
1.0597
-0.12304
-0.00744739
0.348976
-0.548647
0.48625
0.316262
0.503425
-0.445342
0.584026
0.868755
-0.820113
-0.792949
0.862073
-0.720653
0.515443
-0.309168
-0.497754
0.898294
-1.23021
-0.325703
0.31324
-0.0172822
0.0970291
0.106483
-1.01156
0.949077
-1.00204
-0.292786
1.19891
0.697403
-0.410167
-0.459942
-0.202659
0.218841
1.28664
0.335843
0.341444
-1.13577
-0.36225
-0.662218
-0.901493
0.487434
-0.86814
0.102939
0.593169
0.0408453
-0.536264
-1.41337
-0.392959
-0.6217
-0.804629
0.0779477
-1.11642
-0.380658
1.07291
0.683037
0.169818
0.468195
-0.847329
-0.34661
-0.0268737
0.560355
0.541119
0.519018
-0.327334
-0.322955
0.271133
0.417502
1.28172
0.28422
-1.0504
-0.941196
-0.860432
-0.753017
-0.270351
-0.397307
0.351692
0.469583
0.206233
0.278637
-0.389758
0.332674
0.434933
0.661164
-0.664721
-0.677627
0.303735
-0.325737
-1.10778
0.634141
1.01619
-0.366445
-0.24813
-0.033413
0.0865348
-0.807865
0.702382
-0.383783
-0.596948
0.177924
0.298272
-0.64457
0.029607
1.35962
-0.00549583
0.0358029
-0.0265076
0.719151
0.254664
0.152275
-0.240658
0.883194
-0.364691
1.06213
1.13951
0.466393
-0.708534
-0.98686
-0.976949
-1.124
0.322192
1.41666
-0.0111288
-0.0515849
-0.105327
0.777314
0.211749
1.15994
0.896393
-0.470571
0.837624
-0.264308
-0.876398
-0.467862
-0.594909
-0.0929643
-0.260288
-0.15263
0.346278
0.728644
-0.226504
0.236712
0.335186
0.150928
0.637004
-0.434481
-0.732666
-0.272229
1.15333
1.03344
-0.740803
-0.299448
0.900276
-0.358344
0.932472
-0.309467
0.0299999
-0.903754
0.783562
-0.568471
0.588213
0.841811
-0.599149
-0.800922
1.15219
-0.187892
0.235995
-0.339909
1.01786
-0.252364
0.00467144
-0.131468
0.985317
-0.55045
0.678152
-0.516573
-1.07697
-1.00363
-0.176756
-0.452682
0.554632
0.119668
1.03963
0.141985
0.931749
-0.377455
0.723148
0.573374
0.387398
0.377862
0.327073
0.626073
-0.815859
1.03136
0.679274
0.603011
-1.25298
0.732263
-0.194162
0.949708
-0.0286796
0.931633
-0.449542
0.562764
-0.165634
-0.529551
0.447834
-0.535862
-0.476668
0.5777
0.461418
1.36512
1.40829
-0.725312
0.421391
0.800845
-0.327037
0.961251
0.299828
-0.622819
-0.768249
0.0736362
0.828414
-0.946159
0.535384
-0.659254
-0.981927
-0.648019
-0.870993
0.406836
-0.169708
0.122718
-0.872667
-0.628743
0.732688
-0.962994
0.843104
1.12972
0.0814469
-0.645339
0.933637
-0.0499041
0.587206
1.16291
0.265276
-0.483992
0.380208
0.264626
0.428612
0.796314
1.18079
0.237561
-0.105958
1.22816
-0.445463
-0.00804199
0.600186
0.246071
0.549166
-1.15162
-0.828083
0.51128
-1.43837
1.20874
0.454566
-0.392385
0.697106
-0.199894
-1.00099
0.50238
1.32953
-0.806549
0.425417
1.05232
-0.942042
-0.938185
-0.769769
-0.801695
-0.949329
-0.0358461
-0.633991
0.217909
0.401461
0.67959
-0.513153
1.26236
0.384172
-1.04045
-0.113003
-0.809968
0.706952
1.2274
0.463426
0.0681318
0.974995
0.53059
0.250812
0.386406
0.12102
0.0955895
-0.709336
-0.743391
-1.20036
-1.38684
-0.673566
-1.04704
0.474892
0.486856
1.04319
0.642386
0.621147
0.231963
-1.0526
0.421812
0.285415
-0.345289
0.370081
-1.09552
-0.352595
0.902677
-0.491797
0.941534
1.08858
-0.278299
-0.0686539
-0.79647
0.319855
0.35825
0.384978
-0.151133
-0.327153
0.74471
0.362678
0.00665377
-0.63286
0.461593
0.147521
1.24346
-0.109045
-0.887676
-0.760893
-0.126224
-0.178744
0.550082
-0.164309
0.357645
0.0631447
0.591981
-1.17141
0.106266
1.03045
0.789969
0.614768
-0.967184
-0.181607
0.134214
0.0118209
-0.26523
-0.213466
-0.418827
0.893824
0.75193
-0.57516
-0.762308
-1.30507
0.847818
-0.406152
0.448412
-0.451874
-0.0896983
-0.150812
-0.262635
-0.588742
-0.234655
1.31898
0.216048
0.24006
-0.151338
0.208823
0.435783
-0.821776
-0.0255782
-0.66357
1.12474
0.650928
-0.831692
0.170741
0.271931
0.466623
-0.121851
-0.395549
-0.754838
-0.146644
0.303063
-0.212956
0.11875
0.13798
0.60852
0.354953
1.41802
0.91211
-1.20543
-0.113986
-1.22414
0.323267
0.125278
-1.05504
0.446232
-0.917014
-0.835084
0.326862
1.29232
-1.15944
0.859936
0.631974
-0.997062
-1.09769
0.0222414
0.73238
0.109011
-0.211726
-0.6142
-0.0396384
-0.100148
-0.390241
0.175499
0.991312
-0.178206
-0.687248
-0.579936
1.14268
0.359226
0.266508
-0.0717645
0.129716
1.30373
0.046191
-0.11323
-0.284967
1.12922
0.478392
0.258679
0.278793
0.211277
-0.206793
0.164955
0.9169
-0.312638
-0.0526811
-1.29571
1.21267
1.3919
-0.330843
0.871597
-0.471269
-0.661848
-0.0843354
0.134258
-0.904462
1.26085
-0.588771
-0.532746
-0.355952
-1.12615
-0.38437
0.547255
-0.344744
1.25372
-0.379746
-0.000802239
0.779673
-0.188945
0.260747
-0.379905
0.339784
-0.849357
-0.707287
0.229956
-0.814249
0.794491
0.899327
0.0349471
-0.690063
0.0470754
0.165463
-0.66841
-0.642725
0.938993
-0.420997
-0.382159
-0.394139
0.0725477
-0.946623
-1.18275
-0.496782
-0.879527
0.735698
0.421101
-0.0995864
0.196583
-0.237309
-0.744805
-0.139368
0.687152
0.0867442
0.0633428
0.284479
-0.0665929
1.23895
1.32403
-0.810684
-1.28121
-0.491483
-0.608519
-0.0133264
-0.256469
0.049351
-0.862619
-0.394523
0.579477
0.770313
0.0188085
-0.582364
-1.46139
-0.449119
0.0227881
0.60701
0.284172
-0.789937
0.831424
1.33938
0.565891
0.728707
-0.475855
-1.30293
-0.00510078
0.364821
-0.0760507
-0.463122
-0.400282
0.629417
-1.232
0.0197913
-0.308227
-0.218936
-0.147335
0.379421
0.303405
0.168986
-0.889322
-1.12321
-0.320532
-0.332604
-0.127913
0.48142
-1.23452
0.872944
-0.239198
-0.599287
0.418984
0.414828
-0.818415
-1.12029
0.453992
1.0691
-1.16856
-0.659137
0.537175
-1.13982
0.0435836
0.375295
1.00484
-0.338793
-0.56639
-0.304195
0.520686
-0.808142
0.777252
0.505324
-0.992962
-0.278433
0.549119
0.332908
0.345822
-0.467501
-0.87052
-0.680051
0.23078
0.270342
0.503756
-0.134741
0.511137
-0.0911757
0.422611
1.32223
-0.0292577
-1.14352
0.00294301
-0.358021
0.699447
-0.391436
-0.516972
-0.156208
0.138822
0.542044
0.130745
-0.534523
-0.346923
-0.759062
-0.350994
0.62089
-0.513485
-0.405786
-1.23805
-1.11522
-1.37203
-1.0636
1.17851
-0.537114
-0.575234
-0.10052
-0.787808
0.213035
-0.88161
-0.387374
0.254688
-1.07571
0.888391
1.29445
-0.0659416
-0.668233
-0.47912
-0.830312
0.445709
-1.01954
-0.34815
1.36594
-0.383579
0.578162
0.405527
-0.925774
-0.88207
0.0807494
-0.308719
0.762976
1.06875
-0.770547
1.34547
-0.975717
0.943076
-0.700622
-0.183211
-0.0844079
-0.668602
-0.0648687
-0.85838
-0.900942
0.652425
0.323844
-1.26789
1.19638
1.29438
-0.896991
1.07938
-1.31319
-0.240272
-0.405915
-0.0442908
-0.0184385
-0.196449
0.0116813
0.527606
-0.291764
0.292955
-0.594031
-0.261343
-0.962955
0.628213
0.697598
-0.481362
-0.395945
-1.11605
0.377399
0.871551
0.0537216
0.184432
-1.09111
0.170083
-0.990942
0.0419505
1.21218
-0.534543
-1.32302
-0.465015
0.136688
-0.262758
0.328081
0.0480349
-0.16263
-0.318811
0.0927457
-0.558423
0.0205663
1.36623
-0.51268
0.653412
-1.28247
0.917362
1.11126
0.840262
-0.624227
0.492099
-0.273697
0.688955
-0.632322
-0.716577
-0.405662
0.567333
1.21775
0.855921
0.745742
-0.0877641
-0.730358
0.321058
0.789095
-0.577893
-0.311597
0.427992
0.631267
-0.877738
-0.106546
0.345679
-1.1362
-1.31746
-0.302174
-0.410121
0.634265
0.397096
-1.21032
-0.404448
0.663819
0.274375
0.262328
-0.737374
-0.726683
0.157008
0.490756
0.425033
0.502992
0.999256
-0.883187
-0.0389858
0.718206
-0.644631
-0.878193
-0.942971
-0.361398
-0.394097
-0.787468
-0.795543
0.0591818
-0.607595
0.380626
-0.0474013
0.571792
0.168749
0.186305
-0.48397
0.83345
0.91761
0.377795
0.00928752
0.384977
-0.134863
1.12827
-0.224519
1.38062
0.647439
-0.786077
-0.127676
-0.802259
0.217892
1.17055
-1.23505
-0.386786
-0.474728
0.0953345
0.226301
-0.449834
-1.13746
0.441339
0.719779
-0.637765
0.810656
0.586134
-0.157415
-0.720938
0.505118
0.643177
1.18643
1.25581
-0.521848
0.381722
-0.665858
0.912215
0.427626
-0.0742165
1.33513
-1.03026
0.406922
1.37369
1.08779
0.359934
0.730637
-0.421888
0.796962
0.719437
0.283393
0.541765
-0.0639807
-1.24273
1.2652
-0.0532432
-0.39301
0.46282
-0.0532351
-0.488294
0.329877
0.307483
-0.972909
-1.15995
-0.516314
-0.116616
-0.897976
-0.0706494
0.127966
-0.675828
0.412962
-0.518457
-0.113249
0.418495
-0.284596
0.700357
-1.12707
-0.136344
0.244749
-0.0596137
-1.07775
-0.695057
0.495374
0.62051
0.230905
-0.672101
-0.931765
0.30447
-0.137225
-0.160037
0.474915
0.343397
-0.608336
-0.283988
-0.327356
0.900148
0.17966
-0.774354
-0.886157
-0.911796
0.142999
-0.149485
0.320673
-0.973215
0.729993
0.732909
-0.192351
-1.36242
1.03324
1.05624
-0.94069
-0.757839
-1.25569
0.872367
1.29318
-0.829558
0.370596
-0.776268
0.718164
0.915373
0.608748
-0.231753
1.21149
-1.19134
0.686677
-0.0748358
-0.708899
1.04018
-0.383289
0.532828
-0.0863593
0.614922
0.296068
0.494104
0.0633201
0.612966
1.35347
-0.742107
-0.870265
-1.10228
0.471359
-0.672576
-1.05347
0.191671
-0.0130015
-0.763315
0.607512
0.906238
-0.0756994
1.10498
-0.0826124
-0.157164
0.236976
-0.371032
-0.98533
-1.31601
-0.429864
1.04046
0.103885
0.524629
-0.0965603
-0.204889
0.321788
0.489061
1.07684
-0.717215
-0.669101
-0.900463
-0.711675
0.47219
-0.942707
-0.216153
0.322134
-0.634681
-0.932867
-0.302032
-0.909212
-0.252721
-0.977992
0.0226333
0.936445
0.370502
-0.9029
0.236737
-0.513013
0.854194
0.961203
-0.156041
-0.193424
0.710201
0.0898927
-0.0989079
-1.29531
1.08523
0.700203
0.282097
-1.06199
0.799233
-0.86931
-0.895562
-0.496772
-1.34672
-0.229647
0.470613
0.258512
-1.19782
-0.909077
0.126815
-0.105542
-1.0674
-0.304773
1.02025
0.170518
-0.147971
-0.698693
-0.684794
-1.20714
0.033805
-0.861771
-0.424832
-0.582146
-1.00486
0.350343
0.296667
0.673101
0.365794
-0.177901
0.226083
-0.374664
0.34153
0.254361
-1.1728
-0.187931
0.0708775
-0.820424
0.71384
-0.32787
-0.388843
-0.161212
0.403982
0.205474
-0.326616
-0.921298
-0.460848
0.442592
0.27695
-0.381748
0.542971
0.449304
0.752234
0.235543
-0.0740794
1.40898
0.577715
0.465623
1.2024
0.435774
0.112274
0.0258572
0.241247
-0.135937
-0.273591
0.103316
0.423546
-0.603007
1.10203
0.460211
0.784371
0.944968
-0.478454
-0.251237
0.631184
-0.649366
0.959239
1.05075
-0.951492
0.213644
-1.09563
0.773926
-1.16012
-0.145165
-0.106804
-0.156437
0.238412
-0.0489996
1.05469
-0.925505
-1.0851
-0.0407843
0.917488
0.211808
-0.157186
0.657107
-0.472303
-0.0646536
-0.288971
-0.144097
0.246303
-0.175791
-0.737106
1.17551
-0.42828
-0.221373
-0.563156
1.14953
0.0429778
-1.23771
1.25641
0.351116
-0.855934
0.571942
-0.15207
-1.06801
-0.488289
-1.0167
0.829325
0.713619
0.663493
0.265903
-0.97716
-1.07196
0.24525
0.710894
-1.33945
-0.559201
-0.149034
-0.230842
-1.07603
-0.992763
0.555377
-0.0159838
0.273535
-0.466307
1.04729
0.0846394
1.20714
0.506773
1.09733
-0.721991
0.632338
0.94756
0.872779
-0.730801
-0.880537
-0.596093
-0.171231
0.0398555
0.668736
1.14705
0.285686
0.973348
0.49095
-0.24602
1.19705
0.504272
0.124523
-0.757212
-0.566116
1.17207
0.14224
-0.665844
1.37917
0.97024
-0.0554276
0.798641
-0.0900111
0.311156
-0.43614
-0.884497
-0.122795
-0.476897
-0.24531
0.835547
-0.209401
-0.682652
0.557312
0.252861
0.0821062
0.00429668
-0.972656
-0.24197
1.22147
-0.810613
0.449668
0.269695
0.418646
0.223799
0.772189
-0.239085
0.258829
-0.648777
0.452285
1.01074
-0.124684
-0.13127
0.0519234
0.155671
0.812599
0.821796
-1.0166
-0.274167
0.460161
-0.239197
0.401584
-0.68327
0.28747
-0.0240753
0.19661
-1.10209
0.336889
-0.0833017
-0.0831152
0.187723
-0.198956
-0.160403
0.556394
-0.910993
0.824195
-0.757403
-0.626813
-0.343934
0.499967
0.317029
-0.459561
-0.481953
-0.306473
-0.478881
-0.909359
-0.484846
-0.127801
0.472416
0.0822298
-0.986435
-0.109641
-0.612632
0.103151
0.0115869
1.03656
-0.623303
-1.19081
0.532352
0.059084
0.962627
-0.277152
1.0077
0.91195
0.266732
-0.814337
-0.102995
1.21087
0.720802
1.1714
0.581441
-1.17373
-0.767123
-0.305792
-0.612939
-0.706285
-0.587879
-0.425166
-0.329118
0.551307
0.559764
-0.0134934
-0.662891
-0.745693
-0.777666
0.585037
-1.27125
0.668633
-0.19896
0.707689
-0.263454
-0.116127
-0.289996
1.3042
0.902888
0.0993368
0.474658
0.249289
-0.0113207
0.449162
0.162189
-0.269513
-1.0622
-1.47864
1.23356
-0.563864
-0.171119
-0.722816
-0.336294
0.551286
0.904522
-0.482241
0.142624
-0.999734
0.00719742
0.626808
0.573189
0.969255
-0.13058
-0.0498628
-1.46899
0.335093
-0.267041
0.249209
0.341361
0.656266
-0.982638
0.867372
0.16341
-1.14428
0.092456
-0.533337
-0.854434
-1.10924
0.830782
-0.48085
0.129629
0.660126
-0.24235
-0.0394596
-1.24439
-0.985339
-0.340686
-0.506636
-0.246806
-1.16115
0.555197
0.223727
0.830495
-0.189775
-0.109722
0.356635
-0.450196
-0.343869
1.16554
-1.11294
1.23994
0.39579
-0.0050111
0.224533
-0.397472
-0.516654
-0.692738
0.711539
0.418469
1.13905
-0.159988
-0.413378
0.542336
-0.192324
-0.829179
0.527253
0.496245
0.0966586
-0.0560249
-0.121072
-0.797698
-0.0651202
-0.634988
0.40226
1.18197
-0.423094
0.504397
-0.863589
0.644364
-0.3907
0.0473202
0.664516
-1.07561
-0.113488
-0.173856
1.10605
-0.943142
0.273165
0.0920577
-0.949293
-0.266359
0.544516
-0.554015
0.0660773
-0.0830935
-0.66471
-0.231432
-0.606415
-1.01582
-0.0428913
-0.782021
1.19658
-0.854133
-1.14937
0.176523
0.977059
-0.373115
-0.202557
-0.0290906
-0.214701
0.805738
0.980108
0.0650841
1.01514
-0.493566
0.79228
0.533128
-0.272632
0.08938
-0.882632
-0.74668
0.555252
0.484797
0.755407
-0.267001
-1.13171
0.795218
-1.15663
-0.581322
-0.439892
-0.1025
-1.15936
-0.342833
1.16398
1.18066
0.659387
0.555183
-0.223811
-0.0715725
-1.35875
-0.416994
-0.290801
-0.0650471
1.01508
1.24939
0.470497
0.793744
-0.422048
1.09396
0.916079
-0.0267463
0.307911
-0.615123
0.794473
-0.531003
0.433099
-0.839443
0.444787
-0.81988
0.984536
-0.46498
0.335044
-0.594441
0.131495
0.507353
0.105247
-0.48858
-0.215283
0.43018
-0.0647014
-0.609786
-0.989111
0.510424
-1.08412
0.593813
0.413807
-0.460749
0.369289
1.10819
0.536604
-0.47137
0.950888
-0.370532
-0.522854
-0.295007
-0.166922
1.18015
1.04511
-0.343062
0.811662
0.339772
0.493956
-0.252569
0.996126
-0.324487
-0.299277
1.14873
-0.166361
0.367369
0.634166
-0.99568
-0.655406
-0.703477
0.978694
-0.358886
-0.798604
-1.04992
0.696847
0.488742
0.498381
0.829001
-0.147908
0.534943
-0.23809
0.733651
-0.0906865
-1.35048
0.483996
0.650034
0.182029
-1.20451
-0.142839
0.476249
0.561916
0.524099
0.195768
-0.00601834
1.42255
-1.32022
0.639766
-0.0475091
0.228439
-0.487653
-0.446359
0.595037
-0.302176
1.14231
0.536691
-0.745084
-0.639089
-0.149102
-0.676265
-1.03266
0.535805
-0.0169197
0.433811
0.106257
-0.29718
-0.716371
-1.08513
-0.349865
-0.617311
0.545018
0.247219
0.418023
-0.0325994
0.390847
0.665799
0.528833
-0.677219
0.0912264
-1.12719
0.262065
0.642539
1.02872
0.17065
0.609798
-0.0753936
1.15406
1.1639
-0.165351
0.47516
0.288633
1.34391
0.0294796
-1.33543
0.0650861
1.19572
0.096597
-0.98977
0.380405
0.72694
-1.40426
-0.629329
-0.529075
-0.994825
0.591378
1.17698
0.457996
-0.348551
0.387257
-1.15542
-0.280877
0.323038
-0.207708
0.99966
-1.08218
-1.08889
-0.39359
0.496169
0.0888076
0.267289
-0.732785
-0.239259
0.673094
0.253419
0.130667
-0.2817
-0.553948
0.390426
0.596185
0.70348
-1.03712
-0.195817
1.26782
0.68075
0.374268
0.0556018
-0.740701
0.509376
-0.462189
-0.663656
-1.11514
0.954342
0.163341
0.62965
-0.203178
0.938152
0.0435174
-0.548582
-0.349397
0.584831
0.659397
0.870188
0.333687
0.807592
0.998352
-0.0867521
-0.238431
-0.184403
-0.81868
-0.693188
1.02299
-0.387105
0.64582
-0.539502
-0.368315
0.0833124
-0.136174
1.04553
0.596384
-0.592341
0.854512
0.60701
0.887246
0.359664
-0.55294
-0.353852
-0.642507
-0.437982
-0.902648
-0.591603
0.451163
-0.056891
-0.651172
1.13882
0.114273
0.450915
-0.125168
0.102357
0.677255
-0.447063
-0.437072
-0.486004
0.430548
0.723709
-0.868353
0.359235
0.704738
-0.943384
-0.450268
-0.728691
-0.0297965
0.016344
0.637375
-0.105994
-0.656834
0.203289
-0.227669
-0.270521
-0.224979
1.29369
-1.00435
-0.885444
0.524178
0.42644
0.0400986
0.276844
0.721512
1.26269
0.500627
-1.17285
0.615205
-0.651406
-0.766963
0.195865
0.465687
0.461476
-0.368003
-0.955652
-0.515144
0.716739
-0.704714
-0.735871
0.541041
0.701213
-0.533189
0.123963
-1.08583
0.228276
0.46596
-0.418571
-0.762723
0.0117564
-0.600566
-1.31336
-0.856483
0.0807193
-0.169156
-0.715679
-0.491642
-0.4902
-1.1962
1.15473
-0.618183
0.00448484
1.07297
-0.152507
0.591171
-0.239069
0.126422
0.349796
-0.871585
0.363687
-0.104782
0.155202
0.981432
-0.285418
-1.19559
-0.761205
-0.423886
-0.823535
0.394058
-0.39579
-0.25557
0.537505
-0.242339
-0.00751244
-0.059336
0.915567
-0.310645
0.331876
-0.223631
-0.121699
0.602517
0.190305
-0.311131
-0.489283
-0.0524429
0.871432
0.43708
0.550746
-0.744023
0.213008
1.0512
0.207511
0.120454
1.05989
0.688455
0.343996
0.537552
1.37017
0.195998
-0.228783
-0.95958
-0.148172
-0.683509
-0.533017
0.0791975
0.0994982
-0.22519
0.534967
-0.975698
1.30073
1.08576
0.441935
0.255106
-0.331874
0.468822
-0.358346
0.1213
0.587733
0.478542
-0.249739
-0.230855
0.685354
-1.49406
0.0520937
-0.324159
-0.395793
-1.04547
0.0672289
-0.0919952
-0.741081
-0.703061
-0.59927
-0.662816
-1.10014
-1.03954
0.814642
-0.32999
-1.00466
1.09686
0.748012
0.41027
-0.698103
0.696893
-0.444965
0.657243
-1.32895
0.051183
0.802738
0.754014
0.81384
-0.552537
0.646955
0.549767
-0.702068
0.333447
0.572847
0.451642
-0.0984195
0.454378
-0.312758
0.643713
-0.650283
0.935178
-0.189632
-0.301811
1.48161
-0.132491
-0.854643
-0.82076
0.795323
0.413888
0.670334
-1.18636
-0.224701
0.07602
-0.0822851
-0.962644
0.513653
-0.0638928
-0.0963363
-0.742028
0.266138
-0.739092
0.359392
0.826391
-0.562455
-1.00371
-1.45315
1.15988
-0.040605
-0.0317004
1.32178
0.560223
0.291349
1.10514
-0.0470622
-0.879041
-1.47949
0.388985
0.975294
0.105774
-1.39457
-0.574863
1.11415
0.442393
-0.544148
-0.701194
-0.455269
-0.651024
-0.446793
-0.614093
0.307368
-0.151798
0.179699
0.626442
-0.631167
0.278041
-0.152356
-0.0312437
0.346381
-0.199862
-1.31042
-0.134818
-0.668117
0.635503
-0.718983
1.02584
-1.29181
0.733968
0.602729
0.721529
0.539923
0.0663499
1.20543
-0.848403
-0.304914
0.20816
0.565098
0.773097
0.318559
0.454538
0.813468
-0.536515
-1.16865
1.1498
-1.13808
-0.927224
-0.743554
-0.765926
0.648393
1.22262
1.06174
0.400207
0.787046
-0.636956
-0.110903
-0.0251321
-0.738097
0.100392
0.00111784
0.592318
0.128541
0.0286284
0.106893
0.857235
1.15949
0.0708252
0.225758
0.684674
0.669034
0.292321
1.346
0.093651
0.087938
-0.46772
0.635258
-0.264531
-0.211764
0.146789
-0.225566
1.12106
-0.514507
0.499797
-0.83154
0.0729108
-0.893823
0.415745
-0.312275
0.531961
0.691399
0.523533
0.156475
0.506939
-0.912977
0.29296
0.740263
-0.406205
1.18088
-0.730226
-1.25461
-0.66478
1.02937
-0.964424
-0.433879
0.617759
-1.0858
-0.847205
0.551256
0.997054
0.915753
0.0970947
0.641073
0.671649
-0.588754
0.869029
0.362311
0.940978
0.891636
-0.378682
-0.0240171
0.0141916
0.501184
-0.335011
0.979639
-0.749237
-0.556212
-0.105366
0.0564853
1.30597
-0.672967
0.657095
-0.500928
-0.452162
0.668251
-0.919097
0.710048
-0.633127
-0.763889
-0.844567
-1.49753
-0.259169
1.17944
-1.17394
0.869226
-1.04616
1.01687
0.277424
0.0823574
0.631529
-0.125104
0.217513
0.728863
0.718871
-1.19687
-0.830346
-0.00717877
0.439891
0.913068
-1.09897
-0.687012
0.210586
-1.15066
-0.331326
0.11931
0.742281
-0.705174
-0.103236
-0.570585
-0.877078
-0.107929
-1.41544
0.836427
-0.29076
1.06378
-1.05924
0.411918
-0.208021
-1.00724
-0.735855
-0.734696
-0.0749799
0.654969
0.0642348
0.186874
0.29412
0.951373
0.237829
-0.118779
-0.104095
0.321235
0.16418
0.51628
0.972504
0.211312
-0.493779
-0.147809
0.640152
-0.664244
0.395968
-0.818821
0.752603
0.536302
-0.443387
0.164517
-0.557718
-0.235409
-0.0388272
-0.212204
-0.852826
-0.892891
0.670078
0.955966
-0.773945
1.48711
-0.830075
0.209457
0.914811
0.541178
-1.00194
-0.375691
-0.23755
0.566119
0.43098
0.660206
0.549044
0.180214
0.447252
0.676238
0.579108
-0.255529
0.320905
-0.412663
0.237097
1.16114
-0.721894
-0.493059
-0.0804931
0.81378
-0.384762
-0.679595
-1.31997
0.910438
0.851284
1.36245
-0.343823
0.294023
0.510613
-0.632628
-0.603417
0.583929
-0.548234
1.14789
0.23663
0.360982
0.548913
-0.321799
0.318919
0.709369
1.29816
0.67127
-1.21324
1.46593
-0.249276
-0.557333
-1.30365
-0.341729
1.07702
0.0574405
-0.13279
-0.58684
0.160838
0.848426
0.170949
1.16269
0.8748
1.00017
-0.11629
-0.784163
0.440884
0.223913
-0.916737
-1.18482
-0.178521
0.568958
1.11671
-1.0328
-0.43972
1.26574
0.681037
-0.588303
0.0233331
0.750607
1.33579
-1.41372
0.0997757
-0.337499
0.869958
-0.201634
0.772695
0.0784352
0.847047
-0.252819
0.266887
0.769448
0.880408
-0.616965
-0.313699
-0.0943895
-0.865297
-0.323894
0.172612
0.634992
0.188781
-0.934519
-0.821594
0.120123
1.3011
-0.183956
-0.798375
0.484901
0.418626
-0.54245
-0.109687
-0.322
-0.688094
-0.161216
-0.00207454
-0.0114146
0.49689
-0.465353
0.0189718
0.137167
0.356301
0.163066
1.24088
0.149408
0.673338
-0.75231
-1.21418
-1.36511
1.06649
0.317423
0.69811
0.82239
-0.125082
-0.951536
-0.372433
0.741807
0.491844
1.13152
-1.05898
-0.454801
-0.950079
0.828358
0.251402
1.16547
0.601132
-0.543238
0.247761
-0.530791
0.468951
0.0239323
0.618567
-1.0481
-0.498141
-0.553347
0.193744
0.226905
0.922688
0.264443
0.489409
0.270699
0.293479
0.576098
1.44658
1.05682
0.571379
-0.349783
0.887836
0.27318
0.552232
-0.407259
0.541246
0.388973
0.217154
-0.995745
-0.888119
-0.552481
0.107585
0.82546
-0.302484
-0.23284
-1.28339
-0.111654
-0.628695
-0.579578
-0.0796207
-0.762204
0.673045
-0.898024
0.240816
1.48495
0.0858639
-0.167573
0.917617
0.591191
0.0165024
0.0103613
-0.437369
-0.240981
1.01012
0.692078
0.526713
-0.147492
-0.0573382
0.377619
0.570591
0.695947
-0.618928
0.65872
-0.300709
1.413
0.204279
-0.970325
0.539997
-1.18409
0.676339
-1.14733
0.792294
-0.315634
0.15446
0.648339
-0.682872
0.905436
0.203802
-0.105682
-0.00390301
0.723308
0.600897
-0.323972
1.00182
0.386686
-0.403562
0.956958
0.296498
-0.644753
-1.00013
-0.216219
0.106449
-0.0669856
1.25807
-1.03221
-0.892278
-1.24851
0.484429
0.0999271
-0.0916362
-0.573325
0.198973
0.890147
0.310146
-0.409068
-0.352853
0.0453135
0.751673
-0.136937
-0.234734
-0.530802
-0.824792
-0.388778
1.26267
0.76968
-1.39815
0.308741
0.771198
-0.227539
-0.517777
-0.138618
0.326369
0.200387
-0.144576
0.64802
-0.544355
-0.194888
-0.354426
1.32816
-1.49471
-0.901643
1.06729
0.592231
-0.249809
0.124157
-1.19064
0.602485
-0.399657
-0.649976
0.351826
1.04496
-0.0818133
0.432117
0.211879
-0.0357262
-0.685216
1.11787
1.2031
-0.579859
1.17741
0.034605
-0.302139
-0.199826
0.158326
-0.0038543
0.970884
-0.0274246
-0.836943
0.719501
-1.14537
0.996624
0.0309073
0.820314
0.559083
0.228214
-0.704733
0.820718
-1.2021
-0.926859
-0.217136
-0.305564
0.905318
-0.807036
0.544088
0.0817208
0.148227
0.310016
-0.803033
-0.0737119
-0.052127
-1.30514
0.579437
0.316498
-0.392849
0.901625
-1.05776
1.08533
0.245045
-1.24027
-1.03381
-0.593378
-0.312878
0.667938
0.390406
0.702847
-0.780982
0.342175
-0.808099
0.337385
0.85922
0.90243
-0.127972
-0.922327
0.311897
1.07353
-0.316755
-0.646635
0.615922
0.716032
-0.140613
1.26987
-0.820659
0.863609
0.60298
-1.04666
-0.673191
0.466069
-0.429413
-0.647731
0.675085
-0.525752
-0.359117
1.28952
-0.33834
1.26651
-0.634491
0.00492229
-0.248242
-0.552917
0.951038
-0.0915805
0.828949
-0.167552
-0.984344
0.360639
-0.339948
0.177502
0.356979
-0.343016
0.714802
0.844467
-0.67317
-0.571022
0.315621
-1.36872
-1.48592
-0.547973
-0.278859
0.612385
1.17622
-0.650866
-0.123378
-0.487458
1.3991
-0.553872
0.241517
1.41178
-0.0992231
-1.01657
0.514433
0.693285
0.0404705
-0.164984
0.473134
-0.35158
-0.898779
-0.200154
-0.317478
-0.148638
-0.253055
0.453826
-0.342837
-0.719747
-0.393301
1.3033
0.0437036
0.0854957
0.187712
0.406636
0.248396
0.144915
-0.243403
-0.44317
0.398136
1.12006
0.0787905
0.0616381
-0.39302
-0.963315
-0.00344836
1.35087
1.24984
-0.0792334
0.655359
1.50941
-0.0624897
1.18346
-0.537219
-0.631076
-0.149218
-0.926874
0.00412927
0.433259
0.50769
0.578939
-0.787194
-0.202367
-0.72114
0.297905
-1.29037
-0.371568
0.626365
-0.626306
-1.18331
-0.0412922
-1.05758
0.942722
0.662291
-1.43949
-0.025088
-1.07476
0.084022
-0.952403
-0.825346
0.203212
-0.483615
1.17805
0.530977
-0.850759
0.0206739
0.257814
-0.106237
-0.441611
-0.380144
-0.741162
0.0789467
-1.02885
0.463725
1.01739
0.325195
-0.859213
0.370844
-0.791285
0.743924
1.35681
0.392947
-0.608765
0.850985
1.04629
0.0737132
-0.955429
-0.617999
0.360575
0.801004
-0.47867
-1.05657
-0.156575
-0.0226759
1.15051
0.531746
-0.2805
-1.13787
-0.379744
0.418576
0.956213
0.0763266
0.875835
1.23502
1.09274
-0.125209
0.325056
0.776526
-0.0180515
-1.07216
0.408951
-0.0421781
-0.167491
1.09989
0.19665
-0.319085
-1.37574
-0.238975
0.429728
1.32069
0.182509
-0.490141
0.11488
-0.383796
0.391471
-1.33455
0.166802
0.0284307
0.540284
-0.123148
-1.26086
0.445706
0.803802
-0.819033
0.141169
-0.408635
-0.162873
-0.4985
-0.557693
-1.02307
0.204438
-0.272234
0.643969
-0.41419
0.469174
-0.350768
-0.741335
-0.868561
0.5272
-0.144338
1.07533
0.540262
0.51648
-1.04861
0.588421
0.0818148
-0.908382
0.516905
1.15095
0.676525
-0.625044
0.106487
-0.848223
0.0593533
-0.584828
0.139098
-0.535859
0.0660709
0.727262
-0.100263
-0.654917
-0.399666
0.44616
0.345241
0.852062
-0.285144
0.9998
0.844913
-0.874563
-0.325221
-0.224513
-0.614335
-0.56527
-0.197287
-0.439001
0.0415019
0.332965
-0.0832886
-0.795502
0.755928
0.573868
0.044898
-0.626836
0.814569
0.2067
0.0294188
1.41901
0.155818
-0.649333
0.31489
-0.0283748
0.520308
0.832586
0.760856
-0.897194
0.111026
0.59203
-0.390542
-0.397903
-0.634691
-0.940463
-0.686362
-0.560907
-0.55733
-0.995724
0.422241
1.17957
0.607794
-0.0278826
-0.53679
-0.198905
-0.928604
0.819951
-0.0583838
-0.831583
-0.449527
0.116231
0.330123
-0.420248
-0.132965
-0.147637
-0.257314
0.654287
-0.948493
0.529198
-0.0351641
-0.732119
-0.501043
-0.932333
1.47788
0.0475982
-0.915217
-0.164879
0.945201
0.315034
1.34009
-0.597537
0.777571
-1.18761
-0.247472
-0.690877
-0.0585779
-0.10338
0.778133
-0.444534
0.65335
-1.29716
-0.0175431
-0.616931
-0.233642
-0.906096
0.450688
0.149279
-0.310691
1.42934
0.695402
-0.246542
-0.701415
1.24339
-0.38344
1.27153
0.165866
-0.987513
0.21604
0.721718
-0.205312
0.0873834
-0.0898897
-0.391057
-0.181656
0.407835
-0.844118
1.26793
0.0537738
-0.729727
-0.284611
0.77081
0.764578
0.798925
0.567913
-0.199292
0.677821
-0.048946
0.167747
-0.262406
1.03246
-0.630404
-0.270434
0.409567
-0.570448
-0.16072
0.373614
-0.146079
-0.791691
-0.213844
0.146971
0.560183
-0.559707
-0.437851
-0.775006
-0.824782
0.702753
1.216
0.26215
0.040497
0.0858333
0.197928
0.431523
-0.615406
-0.076589
-0.267997
-0.35897
0.183848
0.20361
-0.531291
0.0511137
0.13674
-0.206208
-0.692477
-0.0437562
1.18484
1.14865
0.615538
-0.168577
-0.806904
0.634647
-0.404431
0.563735
-0.953723
-0.598062
-0.541778
0.239778
-0.463855
-0.220469
-0.89988
-0.623069
0.00560162
0.677797
-0.430069
-0.651448
-0.138197
0.98432
-0.459174
-0.848709
-0.265341
-0.605156
-0.461334
0.299353
-0.229379
0.398746
-0.152932
0.978596
-0.963309
0.805455
0.786858
0.603836
0.646515
-0.41753
-0.849385
-0.118634
-0.271108
-0.134101
0.405603
-0.0744106
-0.359556
0.536908
0.0510517
-0.28078
0.618832
0.460719
-0.786553
-0.579325
-1.21831
-0.550365
-0.86421
-0.578742
-0.106735
0.505089
-0.747197
-0.142615
-0.106074
0.326976
0.77962
0.313774
0.0914635
-0.387085
-0.045031
1.00103
0.972073
-0.746501
-0.713265
-0.176088
0.16735
0.618942
-0.300062
0.794805
0.0929577
0.902676
-0.680713
0.459486
-1.13483
-0.734444
0.544096
0.41115
0.127726
-0.996819
0.00173551
0.211129
-0.73003
-0.693144
-0.114273
1.41044
-0.603892
0.582251
1.13782
0.196545
0.467542
0.439638
0.418012
1.22389
-0.932369
-0.48467
0.637373
0.297822
-0.137473
-1.00484
-0.446247
0.131286
-0.964109
0.18469
0.0348991
0.0201655
0.816597
-0.0532691
-0.478372
0.966005
0.364578
-1.00161
0.909903
-0.0321697
0.000341229
-0.533827
-0.30468
0.852376
1.08372
-0.226613
-0.0958239
0.58089
0.706519
-0.693178
-0.298771
0.465582
1.00181
1.2622
0.98166
-0.335994
-1.1574
0.0228004
-0.161378
-0.0782215
0.333092
-0.104627
0.70576
-0.0181364
-0.225963
0.747
0.428345
1.06955
0.372803
0.452779
1.00039
-0.727743
0.1034
0.334822
-1.47151
-0.430191
-0.943548
-0.0841515
-0.0859829
-1.13052
-0.596629
0.442481
-0.852942
0.569322
-0.646192
0.495311
-1.14218
-0.0484557
-0.541464
0.593941
0.00953061
0.0819154
0.488482
-0.317468
-0.67043
-0.145812
-0.114217
-0.547241
0.735158
0.0715134
0.214753
0.393887
-0.836892
-0.267238
0.118351
1.25668
-0.806033
0.925179
-0.392892
0.619462
-0.842583
-0.369781
-0.323732
0.837757
-0.69264
-0.843556
0.688614
-0.640676
0.742337
1.13605
-0.3968
0.19368
0.153074
-0.108406
-0.613485
-0.121129
0.879387
-1.18865
-0.740807
0.796076
-0.00821686
0.0530494
0.573173
0.545979
-0.453434
-1.18039
-0.208034
0.717316
-0.330928
-1.01651
0.683448
0.57166
0.708871
-0.559353
-1.09361
1.08896
-0.50917
-0.212806
-1.13503
0.719551
-0.884577
-0.86337
-0.619204
0.514676
1.04324
-0.0463016
0.281338
0.317859
-0.451483
-0.115164
-0.881735
-1.40021
-0.0838479
0.402956
0.770133
-0.882408
-0.813779
0.406716
0.154649
0.600404
0.486382
0.356492
-0.219714
0.206065
0.59714
-0.225735
0.0797739
0.251958
-0.540616
-0.216092
-0.299748
-1.37767
-0.221184
0.844746
-0.248008
0.275936
0.205396
-0.885892
0.864548
0.334027
-0.512066
-0.815168
1.02149
0.120579
0.552371
-0.684335
-0.147004
-0.550495
0.486921
-0.479406
0.528746
0.209294
-0.537868
-0.402577
0.615986
-1.15066
-0.537406
-1.23683
0.318014
-0.663315
-0.434935
-0.402116
0.439893
0.329955
1.00694
-0.544752
1.06939
-0.318642
-0.371263
-1.23329
-0.379189
-0.268597
-0.947193
-0.150843
-0.167043
0.820115
0.132503
-0.249652
-1.00482
-0.476949
-0.709206
-0.19568
0.448156
-1.04789
-0.445585
-0.973977
0.375349
0.288631
-0.789807
-0.499879
0.729065
-0.707742
-0.205027
-0.37411
-0.134433
-0.292959
-0.570207
-0.0927313
-0.0437387
-0.738802
1.34876
0.223835
0.0443725
0.90204
0.963576
-0.219619
-0.599555
-0.704134
-0.0207984
-0.412463
0.992213
0.808417
0.944184
-0.393952
0.9562
-0.521149
1.40879
1.03023
-0.903444
-0.0522725
-0.51673
0.540538
-0.122096
0.059856
0.0390051
0.56624
-0.0843647
0.982085
-0.824557
0.064463
-0.436848
0.324774
0.324056
1.28445
-0.0535717
-1.02667
0.092574
-0.313237
0.941424
0.143964
-0.0762046
0.0222327
0.359857
0.0789356
0.00426262
-0.979034
-0.177223
-0.323464
1.12128
-0.433007
-0.217226
-0.249949
0.732679
1.16132
0.3292
-0.378722
-0.782875
0.605426
-0.673661
0.0749701
-0.44612
-0.276388
-0.860542
-0.613332
1.47377
0.00214612
-0.594916
-0.132078
1.29441
0.606037
0.242053
-0.2382
-1.04997
-0.0127559
-0.517617
0.137981
1.1404
0.106484
-0.0829154
1.01522
-0.206738
-0.100541
0.216827
0.383919
0.669735
0.591431
0.873028
0.814753
-0.169811
-0.146451
0.627986
-0.210233
-0.633446
-0.450693
-0.123802
-1.04808
-0.516474
0.6639
-0.983813
0.379737
-0.542747
0.754004
-0.6312
-0.888854
-0.230193
0.0937129
0.61833
-0.383285
-0.108188
0.164416
-0.139687
0.624885
1.16856
-0.469733
-7.26621e-05
-0.0397489
-0.170387
0.671855
0.116587
-0.0842636
0.396509
-0.341745
-1.22752
0.540682
0.672866
-0.775393
-0.730025
0.872551
0.481883
-0.374641
-0.31224
0.410233
0.668669
-0.530024
0.701625
0.815696
-0.305268
-0.69428
-0.562686
-0.942676
0.283623
0.998908
-0.282496
-0.557163
0.827246
-0.0346183
1.047
-0.410717
-0.294823
-1.20034
0.181736
0.00472142
0.368907
0.792552
0.0943718
0.186138
-0.0815388
1.0604
1.10635
0.603258
0.562334
-0.534552
-0.12352
-1.46524
0.0605513
0.589258
-0.973685
-0.491644
0.156734
-1.42466
-0.208219
0.121339
-0.0780328
0.0566169
1.06082
0.762933
0.358451
-0.160391
0.711162
-0.19748
-0.0714532
-1.33186
-0.62005
-0.647316
-1.44407
0.443197
0.440955
0.380141
-0.0693472
0.638286
0.888578
0.939076
-0.673215
-0.836421
0.260216
0.549087
-1.29844
-0.601845
0.382539
0.871023
0.474186
-0.835243
0.0528897
0.0707036
-0.243619
-0.191498
-1.53321
0.675001
-0.0363075
-0.369854
0.192517
-0.0332003
0.824918
0.2298
-0.308598
0.451205
-0.382023
-0.840132
1.00207
-0.531916
-0.782581
0.324498
0.687265
-0.124449
-0.421212
0.748113
-0.608776
-0.48964
0.139944
0.660041
0.0347909
-0.746159
-0.324168
-1.13773
-0.270675
-0.220259
-0.659982
0.996082
0.105862
0.465059
0.311157
-1.03222
-0.955932
1.01457
0.268906
-0.657672
0.0380931
0.854088
0.8529
-0.0756695
-0.189179
-1.27112
-0.292967
-0.426802
-1.2056
-0.663834
-0.354728
-0.910372
-0.621216
0.986779
0.134586
-0.634381
-0.402794
0.728214
-0.683913
-1.22073
0.45911
0.937214
-0.382922
0.289353
-0.515208
0.818904
-1.15979
-0.0188854
-1.17115
0.0454959
1.05366
-0.364753
-0.664368
-0.391127
0.356241
-0.255868
0.118237
0.95665
0.0111076
0.923065
0.114135
0.26062
-0.144495
0.0427845
0.069209
0.452355
-0.223448
1.05389
0.477053
0.778256
-0.922997
-1.22995
0.0472669
0.231199
0.0868182
0.355428
-0.15239
-1.32576
0.42813
-0.971533
1.27673
0.474948
0.430294
1.23138
0.346005
-0.800578
1.47889
-0.103799
0.506765
-1.07323
-0.88865
-0.683052
0.880949
-0.162254
-0.837837
-1.01467
0.429734
-0.513834
0.691541
-0.302837
-1.06726
0.665212
-0.293745
-1.10303
-0.212809
0.403082
-0.269885
-0.051519
0.0980876
0.517085
-0.806172
-0.348471
0.415692
-0.235533
0.672102
-0.559994
-0.0664353
-0.737455
0.0868015
-0.310506
0.21094
0.00892492
0.697821
1.10136
-0.540723
-0.0206212
-0.397565
-0.747692
-1.20301
-0.694235
1.12482
-0.984922
-0.453027
0.815223
-0.0512614
-1.01517
0.435269
-0.395575
0.471456
-0.657308
-0.459169
-0.5738
1.24442
-0.173635
-0.654959
1.1391
0.364708
0.0417493
-0.680535
0.0170957
-1.3925
-0.104206
0.902297
-0.52662
1.10021
-0.783687
-0.34663
0.143863
0.331426
-0.952519
-0.436979
-0.621022
0.204177
1.48578
0.423178
-0.736006
0.19839
-0.173425
-0.722677
-0.0832821
-0.383663
0.0127824
1.03491
0.0352535
-0.600014
0.0644686
-1.0067
-0.47536
-0.0356746
-0.486502
0.901153
0.694147
-0.680313
1.34304
0.563959
0.912606
-0.00912703
-0.000438884
0.163484
-0.522771
0.390621
-0.82776
0.98382
0.196187
-0.609305
0.307467
-0.867229
0.570208
-0.358524
0.268511
0.775713
-0.260064
-0.326162
1.04387
-0.0193809
-0.276842
1.214
0.28397
0.0765406
0.555278
0.620171
-0.815659
1.42976
1.03304
0.124806
0.417833
0.24139
0.528865
0.439478
0.0885539
0.969493
0.0267707
-0.787302
1.44168
0.443178
-0.829084
-0.479125
-0.537847
-0.205138
-1.00709
-1.11087
1.03907
0.598989
-0.322268
0.733131
0.357275
-0.870505
0.00845389
0.271889
0.461933
0.592781
-0.653756
0.466421
0.478971
0.24527
-1.223
-0.175886
1.27382
-0.237434
-0.115351
-0.91235
-0.573421
1.24427
0.642939
-1.29379
0.862341
-1.26303
0.227542
-0.657641
-1.00833
0.283739
0.509424
0.717475
-1.19023
-1.41401
-0.931343
-0.164979
1.11168
-0.794403
-0.0659817
0.314894
0.128819
1.13447
0.942034
0.237942
0.619987
-0.0126268
-0.306945
-0.212854
-0.0352343
-0.311711
-1.3068
1.25902
1.37119
0.935977
0.0976037
-1.42915
1.23912
-0.16596
0.765012
0.565203
0.0146123
0.611734
-0.892319
0.40503
0.190916
-0.799437
0.343624
0.175839
0.660916
0.147672
0.820076
0.46135
-1.33581
0.206113
0.0665603
-0.714507
0.934438
-0.396422
-0.362685
0.295081
-0.379356
-0.0498605
0.134658
-0.0736716
-0.339854
0.151244
-0.527236
-0.052687
-0.0470804
0.902486
-0.84821
-1.21948
-0.198379
0.537749
-0.84043
0.0775856
-1.03772
-0.103192
0.485577
0.00312301
-0.0468822
-0.954093
-0.644297
0.00579521
0.533219
0.19972
-0.475331
-0.865577
0.415063
0.213045
-0.478694
-0.245725
0.297726
-0.601938
-0.341766
-1.04596
0.968858
-0.287096
1.32448
1.08045
-0.857565
0.113916
-0.601599
0.39643
-0.955679
-1.06031
0.583878
-0.157802
-0.844376
-0.2143
-0.010528
-0.496157
-0.684636
0.123351
-0.764852
0.789821
0.138726
0.17136
0.175892
-0.25138
0.16219
-0.745017
0.130798
1.26571
0.814658
0.700142
-0.378085
0.382783
-0.899019
-0.28175
-0.0182841
-1.16814
-0.67598
0.695079
0.781092
-1.14963
0.722123
1.14032
1.39351
-0.11269
0.0616679
0.442863
-1.20202
0.405666
-0.0272422
-1.25029
-0.209559
0.106339
-0.89201
0.963608
-0.0629701
0.418201
0.900242
0.76752
-0.380368
0.183574
-0.620836
-0.757658
-0.219088
-0.772552
-0.882853
-0.67724
0.399436
1.37563
-1.32272
-0.986108
0.42731
-0.290407
0.514729
-1.24263
-0.948133
-0.991857
0.0792315
1.30608
-0.71505
0.296717
-0.916602
-0.617351
0.853412
0.0117074
-0.727761
-1.02182
-0.764222
0.820721
0.309848
-1.29472
0.0526992
-0.560964
1.01888
-1.32675
0.995894
-0.515175
0.0138443
-0.680002
0.566101
0.142213
-1.21354
1.02014
0.906971
0.646388
-0.417177
-0.282477
0.413167
-1.2062
0.624927
0.347893
0.734359
0.501605
-0.53622
0.0567827
0.258527
-0.0430054
-0.139183
0.324631
-0.25619
-0.435523
0.526818
-0.225343
0.61409
-0.251379
0.923584
1.06321
0.790742
-0.443303
-0.332917
-0.627939
0.363264
0.177114
-0.498035
0.643029
1.09056
0.76934
-0.573412
-0.790963
-0.747066
0.129602
0.424303
0.441616
0.9639
0.385942
-0.116474
0.155312
-1.07189
-0.383941
0.555102
0.597559
-0.990728
-0.601628
0.310523
-0.198376
-0.123695
-1.16598
0.640408
0.0420956
-0.281987
-1.04301
0.411511
0.768461
-0.56918
0.771818
-0.311578
-0.609159
-0.423898
-0.69786
-1.25052
0.6478
-0.0585936
-0.289063
-0.274444
0.153716
0.227374
-1.08683
0.857832
-0.790235
0.56279
0.299501
1.20999
-1.30125
0.405388
-0.260566
0.204755
-0.875953
-0.544408
-0.197287
0.462706
-0.550492
0.983774
-0.0275034
0.703169
-0.617406
0.253048
0.261946
-1.05109
-0.147071
-0.460568
-0.945751
0.828771
0.238205
0.423372
0.780786
0.97823
0.684542
-0.323451
0.117642
-0.59929
0.430424
0.678154
-0.803687
-1.1124
0.788539
0.736587
-0.899138
-0.349066
0.155143
0.119695
0.860673
-0.325578
0.519384
1.04208
0.0443759
0.287555
-0.773237
-0.000707362
0.300554
-0.305905
0.272785
0.210178
-0.154361
-0.960834
0.827297
1.06062
-0.947872
-0.0864725
-0.783873
-1.14994
0.717288
1.06423
-0.120672
0.093277
-0.678638
1.46104
0.245301
0.098638
-0.997414
-0.508261
0.403186
-1.2179
0.481201
0.0601052
0.436283
0.798365
0.613722
0.862724
-1.22338
-0.0391556
0.0672795
0.637347
0.329621
-0.304241
1.026
-0.838068
-0.114659
0.321455
-0.995182
-0.125604
-1.42496
-1.00737
0.440661
-0.765318
0.419794
0.881145
-0.800541
-1.23774
1.04879
-1.07608
-0.226191
-0.636844
0.253559
0.495737
-0.761687
0.0579644
-0.909587
0.640166
0.118332
0.26485
1.2092
-0.567354
0.63808
0.408781
-0.777807
-0.112866
-0.607402
1.30292
1.26039
0.436164
0.213378
0.0843799
0.229282
0.139247
-1.11616
1.15118
-1.0646
-0.846102
-1.16533
-0.251214
0.262873
1.48929
-0.535163
0.173014
0.277094
0.878972
0.857083
0.141704
-1.17323
0.242827
-0.395491
-0.124628
0.189348
-1.47798
-0.400065
0.0938014
-0.537346
0.307336
-0.79664
-0.728815
-0.0563044
0.427259
0.21444
-0.966526
0.0905224
-0.457598
1.14411
-0.5528
0.58789
-0.561377
0.696392
0.102165
-0.609014
-0.807482
-0.825975
-0.82659
-0.00405016
1.23021
-0.508031
-1.22756
-1.05058
0.129452
0.488574
0.841664
-0.408838
0.363598
-0.536961
-1.08214
0.618773
-1.05884
0.476722
-0.722434
-0.138661
1.12412
-1.40379
0.990628
0.614705
1.16109
0.19969
-1.29228
0.665924
0.303899
-1.16994
-0.904726
0.622845
0.274876
-0.085035
-1.00626
-0.305409
-0.0723516
0.836626
-1.06829
-1.5187
-0.284527
-0.399314
0.237363
1.43047
-0.353512
0.196258
0.392092
-1.31927
-0.981426
0.123898
-0.19686
-0.0441987
0.819648
-1.04972
0.617474
-0.387431
-0.607493
-0.00474387
-0.439786
-0.36553
0.166952
-0.935696
0.956917
0.0235441
0.54813
0.439274
0.848683
-0.988668
1.23658
0.243228
0.52669
-0.568527
0.72385
-0.453575
-1.15286
-0.309471
-0.522214
-0.88536
0.325368
0.466294
0.966458
0.416345
0.325133
-0.0230501
0.98036
-0.586946
-0.477431
-0.84672
0.831367
-0.432243
-0.372165
0.374119
0.678425
1.15552
0.931547
0.0100795
-0.811261
-0.82464
-0.202508
-0.610401
1.00609
-0.371139
0.520602
0.0670669
-1.33759
-0.521986
-0.433519
0.098402
0.0631126
0.580518
-0.0883608
1.32553
0.0568516
-0.934476
-1.02483
-0.604172
-1.21812
-0.118229
-0.832398
0.780896
0.701266
-1.2443
0.0234024
1.21063
1.36652
-0.270175
-0.249997
-0.360218
-0.0403551
0.787794
0.307163
-0.491722
0.476995
0.620872
-0.169608
-0.223831
0.55062
-0.727157
0.771807
0.118583
-0.987816
0.574348
0.814023
-0.372453
-0.673157
-0.0227876
0.127206
-0.163782
0.0624496
-1.09685
-0.561654
0.604444
-0.176965
1.0989
0.453689
1.1676
-0.149326
0.152412
0.500859
0.866919
0.712504
0.146239
1.18328
0.275014
-0.0536053
-0.0631649
-0.0659134
0.631675
0.808691
0.863572
0.282501
0.802447
-0.654258
1.23855
-0.0441204
-0.224717
-0.200738
0.68223
0.645745
-0.0283134
0.0987227
-0.87227
1.04355
-0.0942149
-0.466303
0.552326
-1.01882
0.308995
-0.195491
0.124221
0.596979
0.897571
-0.456537
0.414384
0.419935
1.35584
-1.03431
-0.0302282
-0.881903
0.165289
0.290105
-0.733092
0.184795
0.424123
0.182587
0.903307
0.461675
-0.6585
-0.167996
-0.8398
0.316764
0.133502
1.14153
-0.543962
1.15057
0.392382
0.435566
-0.0994241
-0.361539
-0.523608
1.20698
0.516286
-0.125545
0.659794
-0.553224
-1.23111
-0.0302492
-0.874977
1.11509
-0.474409
0.424398
-0.578201
-0.964646
-0.493579
0.469022
0.860565
1.19123
-0.732028
-0.268309
0.532571
-0.600737
1.40695
-0.760286
-0.656836
0.5889
1.11948
0.669437
-0.648549
0.0807327
0.0474771
0.313815
0.354597
-0.574377
-0.596336
-1.05732
-0.49907
-0.821562
0.855261
0.814705
-0.358069
-0.587291
0.311984
0.842396
-0.730495
-0.102451
0.954509
0.481535
1.06969
-1.17444
0.0308765
0.0907046
-0.413426
1.51883
-0.191741
1.07287
-0.166923
-0.822305
0.0390952
0.329192
0.207979
-0.0638688
0.697462
-1.22904
0.118127
-0.752944
-0.0903184
-0.63694
-1.42721
0.355981
0.55291
0.100501
-0.393287
-0.273869
-0.11083
-0.721261
0.230862
-0.308265
0.814039
-1.12716
1.23842
-0.89336
-0.582287
-0.476706
1.17735
-0.747962
-0.672588
-0.609972
-0.161846
0.296252
-0.35547
0.492103
-1.21047
1.09343
0.616214
-1.36549
0.547162
0.894287
0.0754945
0.760373
-0.305468
0.141394
0.0989812
-0.8923
0.0538099
-0.242472
0.0888978
-0.603223
0.845054
-0.19831
1.14245
-0.107254
0.780057
-0.930175
-0.898442
-0.0873971
1.19088
0.605968
0.972269
-0.627098
0.314892
-0.261808
0.390879
-0.619409
-0.722376
0.0492073
-0.490456
-0.942725
-0.301576
0.0342765
0.863257
-0.635666
-0.921897
0.59004
-0.889593
-0.709682
-0.988036
-0.0386117
0.0647022
-0.321964
-0.76771
-0.363739
0.205483
-0.907644
1.28266
-0.93807
1.30529
-0.136388
-0.39167
0.270752
-0.41792
-0.851812
-0.0614726
-0.595575
-0.581556
0.202004
0.705286
0.485867
0.544462
0.0855743
-0.835185
-0.217118
-0.113475
1.27748
-1.41921
-0.563197
-0.020778
-0.8142
-0.937577
-0.50114
0.55778
0.47041
0.854493
0.0694321
0.784981
-0.650115
0.0903622
-0.168623
0.271
1.17227
1.21034
0.257219
-0.871411
0.206761
-0.572429
0.877923
0.367094
0.328711
1.41312
-0.153106
-0.544443
0.421011
0.229677
1.01816
-0.0808873
-0.843077
0.375
-0.972449
0.0979418
-0.272467
0.177171
-0.274735
1.22007
-1.14179
0.013733
-0.44241
0.992308
1.17569
-0.465366
-0.805378
-0.425469
0.540991
0.14261
0.72752
0.237198
0.342872
1.11194
-0.496219
-0.44623
0.580301
-0.14242
0.281068
-0.16133
0.789604
0.102879
0.875131
0.306849
-0.846614
-1.03118
-0.112166
-0.809565
0.949926
0.768123
0.346368
-0.319351
0.219367
0.774111
-0.509515
-0.638582
-0.434322
0.383521
-0.726558
0.213792
0.0116505
0.196252
1.12081
-0.169578
-0.675647
-0.171427
-0.253485
0.199557
0.747604
0.406991
1.24273
0.0553585
0.0452197
0.98261
-0.67051
1.12662
0.50927
-0.279285
0.196985
0.516395
0.385239
-0.376174
1.13528
-0.790981
-1.40109
0.847783
0.347638
0.735269
0.65237
0.739859
0.569486
-0.928101
-0.250158
-1.06068
-0.410497
0.971741
0.707199
0.688649
0.637315
0.796529
0.353657
0.524812
-0.128948
0.210694
-0.37282
-0.177545
-0.597729
0.471028
-0.393935
-0.111973
0.562982
0.33624
-0.58411
1.18729
-1.04182
0.624953
-0.51853
-1.22609
0.960972
0.437634
-0.128997
0.153625
0.261403
-0.752788
-1.15159
0.440493
-0.391446
-0.639086
-0.00428788
0.847766
0.162258
0.674097
0.906333
1.31151
0.664103
-0.455431
-0.489636
-0.0514367
0.204246
-0.00791125
-0.0590589
0.744959
-0.344571
0.282802
0.703844
-0.741158
0.237627
-0.0787565
-0.160954
-1.1169
0.249632
-1.29675
0.0182329
-0.408197
-0.209041
-0.0190387
-0.634942
0.425476
-0.01048
-0.0524146
-0.344845
-0.0824705
0.354524
-0.993369
-0.370018
0.652326
0.0175953
-1.08802
0.264489
0.578345
0.0386169
-0.772039
-0.0478263
-0.796447
0.137547
-1.20141
-0.430879
-1.0486
-0.839504
-0.713023
0.626256
-0.451797
-0.328011
-0.477489
-0.373246
-0.629736
0.487126
-0.919726
0.185864
0.667601
1.13755
1.02859
-0.889796
0.465007
0.769933
1.40769
0.799033
0.398106
1.13193
-0.943384
-0.5099
-0.608875
0.00930092
0.365892
1.03797
1.18942
0.899085
-0.0301554
-0.81807
-0.0231056
0.461293
-0.201969
0.00807809
-0.0283012
0.148264
0.752524
-0.628475
-1.21602
0.829182
0.561465
0.00575027
-0.980602
-0.308865
-0.693914
-0.536193
0.489062
-0.853903
1.05364
0.936686
0.586256
-0.174864
-0.0130888
-0.233196
-0.121628
0.499309
-0.241198
-1.04211
-0.272482
0.165291
-1.06403
-0.47539
-0.466691
-0.418561
-0.76626
0.362034
-0.745754
-0.104914
-1.47818
-0.775981
-0.363841
0.279081
1.3998
0.648696
-1.00352
-0.221359
-0.724571
-0.623784
0.182323
0.385772
-0.661689
-0.594266
0.858636
-0.236141
-1.02031
1.40976
0.725567
0.786533
0.187739
0.0372803
0.645445
-1.218
1.02654
-0.575096
-0.680156
-0.667558
0.168158
-1.03115
-0.298428
0.624555
-0.105482
0.735554
-0.707199
-1.17282
0.00137818
