0.98091
0.706662
0.237639
0.990404
0.793389
0.392144
0.998734
0.772487
0.81096
0.00805337
0.841731
0.680019
0.204587
0.747683
0.100031
0.788149
0.15858
0.891865
0.451316
0.0338462
0.214528
0.657503
0.419286
0.673024
0.911508
0.947722
0.837326
0.702718
0.714898
0.769474
0.637089
0.0252244
0.75357
0.848455
0.804304
0.954155
0.632145
0.860663
0.0927961
0.72449
0.881102
0.951215
0.0226015
0.693373
0.10815
0.233021
0.522736
0.992447
0.736699
0.571355
0.979902
0.880441
0.168922
0.514729
0.963951
0.0316285
0.965368
0.760182
0.998435
0.420283
0.453761
0.173011
0.993949
0.700324
0.33731
0.364765
0.743808
0.911269
0.873955
0.813072
0.219896
0.996811
0.00991539
0.913588
0.33445
0.0824689
0.401714
0.252811
0.799498
0.415989
0.916924
0.289697
0.695131
0.171805
0.988832
0.911252
0.361811
0.190866
0.32652
0.623048
0.981637
0.418531
0.801056
0.273278
0.711235
0.953172
0.723415
0.374477
0.819276
0.625547
0.81072
0.178737
0.831337
0.940548
0.99868
0.19158
0.705223
0.026105
0.96552
0.989874
0.886743
0.526363
0.116736
0.2065
0.838887
0.589944
0.999374
0.994784
0.98387
0.237217
0.110944
0.644825
0.710394
0.482011
0.573399
0.870181
0.476533
0.824992
0.632477
0.991943
0.530279
0.503981
0.997004
0.679389
0.825913
0.219445
0.4036
0.814872
0.949856
0.404469
0.944286
0.975447
0.476944
0.888274
0.0848287
0.231213
0.0297979
0.0314675
0.997473
0.361974
0.999359
0.432509
0.897327
0.974
0.922359
0.687339
0.190287
0.365182
0.463188
0.329086
0.496601
0.650474
0.698908
0.678819
0.994666
0.63404
0.589212
0.619948
0.58288
0.504462
0.977384
0.515042
0.373046
0.0453698
0.418806
0.748015
0.263309
0.999878
0.558681
0.986012
0.640714
0.582805
0.998956
0.725947
0.973467
0.852518
0.994649
0.970655
0.987037
0.987048
0.694853
0.929029
0.99965
0.889234
0.399782
0.944091
0.412886
0.524584
0.0284611
0.0286279
0.989879
0.753034
0.386529
0.979798
0.96911
0.876297
0.69179
0.998138
0.864713
0.439039
0.725094
0.298344
0.941363
0.165094
0.323439
0.178549
0.789106
0.302544
0.886804
0.96549
0.102498
0.999385
0.860966
0.957416
0.584406
0.389181
0.755025
0.942201
0.389417
0.151711
0.983322
0.123166
0.989665
0.173984
0.533035
0.990545
0.253111
0.715237
0.822553
0.380199
0.146441
0.842336
0.29747
0.272645
0.863305
0.0146902
0.234413
0.353249
0.965381
0.464543
0.925367
0.669784
0.332904
0.850362
0.315135
0.0909015
0.109684
0.455853
0.0466999
0.545653
0.260436
0.738616
0.17414
0.02155
0.718467
0.51619
0.0210861
0.934209
0.364349
0.903181
0.999948
0.445594
0.332679
0.993425
0.983859
0.600702
0.671118
0.426904
0.969262
0.905771
0.338442
0.42786
0.872989
0.997366
0.582152
0.660475
0.998
0.610926
0.0337807
0.86902
0.932228
0.76409
0.862574
0.00635542
0.810406
0.874009
0.0619203
0.899182
0.844351
0.997512
0.0343155
0.220075
0.995064
0.917502
0.861704
0.81765
0.25511
0.99413
0.322045
0.420527
0.715599
0.647481
0.99187
0.311601
0.993993
0.201025
0.127842
0.76445
0.993284
0.223857
0.909093
0.347366
0.280529
0.812332
0.0561925
0.991756
0.832386
0.538564
0.21327
0.170556
0.328785
0.989989
0.229278
0.997574
0.996655
0.896736
0.466239
0.760496
0.913902
0.980281
0.913323
0.645537
0.0177779
0.273007
0.661734
0.731957
0.99813
0.970921
0.0448257
0.608137
0.711145
0.727954
0.995495
0.175246
0.47678
0.999713
0.643062
0.0954475
0.534859
0.298046
0.947486
0.299557
0.966184
0.0353262
0.408959
0.0930012
0.494667
0.0969223
0.829466
0.998415
0.993575
0.346551
0.871355
0.190591
0.426537
0.597916
0.857247
0.964239
0.842516
0.997791
0.830516
0.756096
0.573782
0.128032
0.17892
0.63591
0.974452
0.924347
0.451293
0.997526
0.916029
0.88801
0.34383
0.651834
0.974281
0.58952
0.980491
0.537905
0.601877
0.539781
0.712392
0.673389
0.943699
0.839825
0.669271
0.458811
0.605805
0.0672544
0.881241
0.935122
0.708227
0.981778
0.684992
0.254938
0.294924
0.948064
0.58934
0.855958
0.88048
0.51965
0.197129
0.778531
0.831478
0.973152
0.855416
0.507624
0.233258
0.849077
0.997387
0.893871
0.584472
0.667755
0.190458
0.310361
0.854415
0.804077
0.878754
0.999593
0.993986
0.359435
0.980011
0.524714
0.902906
0.936636
0.954456
0.929189
0.976834
0.822175
0.708131
0.651185
0.160842
0.805471
0.600124
0.824305
0.863444
0.00478697
0.991585
0.648271
0.46479
0.704507
0.627491
0.893214
0.941922
0.992952
0.24772
0.149342
0.523098
0.718317
0.00924597
0.795874
0.804031
0.928241
0.552546
0.687722
0.995025
0.610545
0.247395
0.883923
0.0498967
0.112701
0.0800183
0.999528
0.39765
0.805163
0.644763
0.920349
0.325011
0.313925
0.36862
0.999668
0.995083
0.103406
0.984393
0.500556
0.90699
0.250976
0.581145
0.995881
0.920016
0.379801
0.914798
0.460197
0.848815
0.673355
0.36865
0.510363
0.4148
0.336986
0.257943
0.326762
0.801526
0.422562
0.750958
1
0.859586
0.155985
0.993271
0.695011
0.335814
0.961107
0.0215572
0.757946
0.93681
0.659702
0.785642
0.789603
0.879927
0.994424
0.780723
0.779637
0.882529
0.959353
0.848723
0.996013
0.427567
0.852344
0.947968
0.579458
0.879872
0.253256
0.852841
0.6279
0.0924552
0.776384
0.068444
0.599045
0.881391
0.00941873
0.887054
0.202805
0.9957
0.953499
0.135222
0.173586
0.0985512
0.380228
0.995696
0.156235
0.988394
0.243837
0.290166
0.272562
0.97087
0.947425
0.824535
0.79709
0.649779
0.998125
0.749793
0.930314
0.398355
0.824947
0.769215
0.936254
0.612618
0.0651654
0.626924
0.908805
0.219474
0.999594
0.842418
0.590003
0.533917
0.0791601
0.906754
0.878819
0.969531
0.222559
0.931206
0.385501
0.302886
0.996404
0.0598143
0.28656
0.0851733
0.123345
0.992582
0.430256
0.994832
0.923502
0.956251
0.680622
0.967828
0.988647
0.537788
0.84249
0.675006
0.239803
0.234903
0.928277
0.0980002
0.224696
0.240216
0.183894
0.839586
0.443722
0.883736
0.326408
0.0359771
0.865538
0.173236
0.632077
0.783811
0.456773
0.229793
0.808108
0.945312
0.898308
0.733782
0.690311
0.9997
0.774752
0.580636
0.293529
0.205461
0.560865
0.787448
0.334219
0.568943
0.960586
0.848126
0.913065
0.860094
0.937125
0.986068
0.991399
0.000361113
0.441316
0.696047
0.56985
0.98345
0.0303073
0.743108
0.172197
0.543274
0.997246
0.200308
0.681696
0.967434
0.869559
0.995194
0.299212
0.802282
0.970842
0.830298
0.0652282
0.0315405
0.494544
0.839852
0.701234
0.217588
0.427807
0.808338
0.66183
0.982635
0.898087
0.747286
0.933441
0.419179
0.569379
0.439137
0.999553
0.903046
0.834168
0.966292
0.408939
0.454599
0.332075
0.555269
0.971495
0.0829091
0.923552
0.357239
0.854079
0.337212
0.189227
0.89176
0.727385
0.964665
0.387063
0.828477
0.722384
0.829542
0.2111
0.889856
0.861639
0.981517
0.69227
0.752715
0.765481
0.548971
0.22194
0.333618
0.679763
0.544426
0.732039
0.0139458
0.0788456
0.684009
0.999167
0.272752
0.130769
0.17686
0.984748
0.915353
0.98625
0.914758
0.923763
0.886196
0.687393
0.856229
0.918777
0.959826
0.892657
0.575752
0.013658
0.568203
0.230615
0.507204
0.642636
0.299666
0.939176
0.501505
0.260503
0.0484277
0.767644
0.574713
0.986862
0.680247
0.291736
0.80234
0.105159
0.462846
0.904228
0.609776
0.930061
0.645954
0.87909
0.802753
0.0165332
0.386263
0.513659
0.999582
0.223052
0.252198
0.517218
0.891591
0.545752
0.840857
0.122551
0.615564
0.673342
0.455192
0.877492
0.964867
0.390545
0.755473
0.997664
0.973292
0.969439
0.465376
0.465498
0.992245
0.984212
0.98928
0.880662
0.291177
0.987262
0.33707
0.997437
0.774754
0.999997
0.691096
0.983122
0.787138
0.259423
0.194957
0.940621
0.623081
0.817344
0.434652
0.297003
0.773882
0.373543
0.991305
0.883861
0.245684
0.888375
0.769795
0.832394
0.999907
0.641822
0.687709
0.986863
0.735849
0.459942
0.871329
0.556077
0.54041
0.90355
0.996472
0.1368
0.831973
0.712955
0.0219934
0.993514
0.0237947
0.182832
0.830599
0.999976
0.197653
0.440318
0.876385
0.508123
0.0885381
0.924411
0.90449
0.995907
0.363826
0.956985
0.857907
0.986671
0.846786
0.123208
0.875431
0.215607
0.505625
0.898794
0.358257
0.998328
0.34262
0.938453
0.215277
0.230247
0.974822
0.649672
0.890305
0.79131
0.312086
0.182553
0.944605
0.988708
0.999873
0.231987
0.740333
0.550602
0.611864
0.44376
0.998909
0.0832305
0.77139
0.902114
0.98477
0.655723
0.640211
0.909698
0.793765
0.877573
0.633108
1
0.126711
0.831941
0.278609
0.121355
0.612614
0.937045
0.968302
0.439435
0.375328
0.448628
0.820139
0.26401
0.234703
0.370494
0.692735
0.22147
0.999719
0.629683
0.955484
0.669222
0.0218189
0.1037
0.912176
0.375477
0.870976
0.512901
0.523526
0.9456
0.94623
0.309553
0.989064
0.3924
0.620773
0.847455
0.830558
0.519147
0.93697
0.378795
0.744941
0.456523
0.651062
0.856638
0.316867
0.284649
0.996996
0.788385
0.494581
0.0984567
0.738321
0.938311
0.999976
0.554121
0.79772
0.0252945
0.950594
0.730928
0.62928
0.887729
0.152734
0.126065
0.999974
0.553648
0.336156
0.999191
0.761112
0.550209
0.515766
0.458524
0.0339305
0.808957
0.268963
0.911528
0.733526
0.727709
0.513869
0.621351
0.894599
0.915945
0.94367
0.676545
0.656825
0.558267
0.937589
0.855632
0.322794
0.701202
0.614319
0.0434545
0.935535
0.997339
0.863108
0.672619
0.962282
0.21896
0.174259
0.940813
0.947317
0.992678
0.631429
0.606768
0.966186
0.880588
0.211881
0.569631
0.624684
0.813135
0.99353
0.281282
0.999999
0.499256
0.985575
0.289121
0.993333
0.916526
0.868638
0.640634
0.997161
0.120315
0.101438
0.983097
0.700225
0.999543
0.254509
0.534776
0.0147638
0.841303
0.562493
0.0279639
0.893161
0.0338605
0.794847
0.132327
0.973084
0.999704
0.993798
0.478913
0.497101
0.748978
0.485241
0.905135
0.99966
0.0735572
0.104333
0.407653
0.494958
0.719696
0.129494
0.96485
0.27964
0.849789
0.795698
0.999962
0.96067
0.407272
0.338616
0.0124411
0.379803
0.638685
0.816737
0.909517
0.874977
0.640764
0.999768
0.994959
0.37736
0.126374
0.319441
0.0150299
0.995794
0.491513
0.00749263
0.409109
0.0544191
0.938033
0.179692
0.218741
0.794519
0.952845
0.544854
0.215615
0.997281
0.81588
0.634163
0.924316
0.996159
0.370415
0.378248
0.853149
0.922153
0.902813
0.935862
0.778654
0.780418
0.848559
0.729669
0.372562
0.993135
0.477242
0.509288
0.704609
0.698694
0.848434
0.97272
0.659466
0.970726
0.722356
0.86718
0.944696
0.17852
0.430358
0.462171
0.445326
0.0186134
0.44197
0.20209
0.789798
0.0420418
0.940855
0.186073
0.679569
0.929097
0.320777
0.992511
0.698686
0.272348
0.973058
0.489652
0.433765
0.363404
0.749174
0.684864
0.767222
0.562045
0.948585
0.0305979
0.792177
0.214255
0.60828
0.99821
0.997304
0.986969
0.212705
0.442785
0.444385
0.193586
0.649245
0.998511
0.926058
0.0995336
0.794
0.681416
0.94926
0.9826
0.659154
0.965957
0.632176
0.602154
0.602615
0.783042
0.770198
0.16999
0.696906
0.556231
0.979984
0.261448
0.983575
0.839972
0.897818
0.0910418
0.065035
0.907272
0.37819
0.755978
0.879839
0.0890718
0.998719
0.553593
0.986079
0.997124
0.971005
0.996253
0.365102
0.918449
0.561875
0.793263
0.264097
0.568616
0.807902
0.648938
0.68181
0.0306444
0.271932
0.769151
0.98095
0.697057
0.594952
0.732589
0.945056
0.262841
0.639359
0.700049
0.514488
0.956144
0.877697
0.678856
0.752927
0.992256
0.826422
0.912723
0.314531
0.999334
0.93305
0.825319
0.996422
0.800561
0.588779
0.882477
0.954052
0.948144
0.999244
0.776113
0.759081
0.11613
0.0981332
0.258854
0.388981
0.594967
0.339352
0.906385
0.911778
0.915448
0.928997
0.159753
0.365275
0.297932
0.0532212
0.986252
0.97687
0.86723
0.995248
0.180811
0.999821
0.974465
0.065799
0.984825
0.110173
0.994385
0.991582
0.746683
0.893472
0.997528
0.700156
0.658436
0.981922
0.118498
0.927123
0.97903
0.148044
0.943546
0.184548
0.417758
0.10596
0.807605
0.711919
0.963986
0.303742
0.219075
0.999812
0.722878
0.83327
0.884539
0.259067
0.797509
0.606491
0.781493
0.847827
0.788761
0.101906
0.285057
0.971901
0.534423
0.514851
0.155457
0.283418
0.00977362
0.648765
0.271785
0.546905
0.295061
0.989311
0.79015
0.297813
0.0429983
0.9876
0.758503
0.646022
0.288164
0.444469
0.321238
0.27348
0.487878
0.634683
0.363247
0.815718
0.823688
0.435045
0.274294
0.490154
0.00793357
0.316501
0.960767
0.709734
0.598769
0.592713
0.783174
0.342278
0.998255
0.0270112
0.931395
0.620184
0.849659
0.767829
0.747758
0.395325
0.24635
0.00536159
0.885399
0.405278
0.455368
0.959295
0.297756
0.988868
0.932246
0.969642
0.985379
0.938435
0.882632
0.966138
0.176397
0.406323
0.937692
0.212518
0.57531
0.343289
0.954655
0.99492
0.675467
0.992538
0.150354
0.944142
0.999907
0.992056
0.980315
0.936451
0.834915
0.52249
0.889255
0.884663
0.999999
0.996869
0.0389184
0.960741
0.663729
0.746342
0.988996
0.862723
0.924262
0.772807
0.933701
0.993011
0.996381
0.7182
0.276321
0.137154
0.357872
0.968146
0.767177
0.656018
0.963742
0.780722
0.39409
0.718636
0.711289
0.69516
0.928531
0.131513
0.557613
0.0158308
0.21786
0.451688
0.413541
0.918857
0.744304
0.85452
0.0596842
0.901727
0.767147
0.9881
0.763537
0.997645
0.848339
0.970197
0.106197
0.151655
0.635164
0.980611
0.352255
0.821372
0.974594
0.746173
0.420621
0.149338
0.397389
0.140663
0.621321
0.993897
0.134048
0.635575
0.900516
0.708168
0.971351
0.990185
0.990353
0.4428
0.992939
0.300686
0.638444
0.962226
0.858692
0.902644
0.219448
0.536002
0.941217
0.0833775
0.881926
0.358179
0.971476
0.911816
0.502387
0.473792
0.729074
0.747332
0.99989
0.486918
0.201389
0.9684
0.749086
0.977752
0.164621
0.991732
0.947417
0.960108
0.996124
0.65577
0.406594
0.972064
0.546065
0.986393
0.308691
0.986254
0.774246
0.978893
0.528735
0.128306
0.934475
0.989082
0.0232132
0.67385
0.408828
0.962792
0.831413
0.822119
0.935126
0.535484
0.0562481
0.999992
0.173549
0.134892
0.549593
0.439475
0.884974
0.97253
0.924015
0.764913
0.934176
0.982236
0.757009
0.784102
0.963242
0.873556
0.885057
0.373098
0.46242
0.997013
0.711123
0.989295
0.385927
0.997197
0.838324
0.806653
0.666538
0.99665
0.20818
0.995507
0.859361
0.0653053
0.988052
0.874931
0.144455
0.359613
0.500236
0.997186
0.954212
0.999816
0.684539
0.0488856
0.798389
0.0346962
0.904007
0.9951
0.846753
0.956172
0.117631
0.993944
0.205546
0.881767
0.969576
0.538658
0.494877
0.597815
0.306478
0.625471
0.242983
0.150956
0.965598
0.506983
0.582793
0.663113
0.314311
0.911966
0.109218
0.714508
0.497993
0.870379
0.895426
0.540768
0.187361
0.284517
0.218571
0.968827
0.971886
0.367419
0.796943
0.924529
0.781884
0.942113
0.206245
0.527636
0.479483
0.960647
0.999005
0.54984
0.306501
0.309786
0.738072
0.121599
0.939311
0.554938
0.0992054
0.578763
0.993308
0.0448313
0.501875
0.938174
0.375941
0.454163
0.740151
0.249104
0.562527
0.115678
0.814158
0.990231
0.950683
0.903954
0.970127
0.548847
0.0233437
0.513712
0.481791
0.778147
0.971657
0.901791
0.97315
0.496511
0.999997
0.418193
0.625127
0.036922
0.750779
0.978864
0.0450811
0.0383999
0.672714
0.283401
0.0279751
0.836066
0.77946
0.16227
0.960092
0.033608
0.999875
0.979793
0.920622
0.398078
0.471421
0.674576
0.911246
0.987438
0.894817
0.953766
0.124426
0.486758
0.252541
0.115548
0.17677
0.545107
0.46997
0.0404861
0.162396
0.753349
0.991898
0.439015
0.782797
0.736373
0.608692
0.852329
0.995324
0.645149
0.0894959
0.310386
0.980047
0.27585
0.187009
0.362597
0.912201
0.13192
0.138984
0.621004
0.53855
0.672976
0.485056
0.386051
0.914277
0.482016
0.286453
0.954368
0.384138
0.993842
0.539239
0.876831
0.995242
0.678102
0.663137
0.536318
0.445578
0.0626109
0.986178
0.416921
0.557932
0.981888
0.999999
0.622064
0.941294
0.441835
0.901404
0.495497
0.851457
0.999444
0.239199
0.705012
0.201733
0.263499
0.406388
0.924341
0.191753
0.453409
0.949029
0.532268
0.947946
0.957114
0.455882
0.476764
0.637942
0.795697
0.960095
0.869494
0.180999
0.581875
0.860478
0.356342
0.706236
0.763011
0.340671
0.776781
0.879943
0.359439
0.0529455
0.995855
0.0665705
0.853664
0.93956
0.934146
0.177166
0.501734
0.62465
0.989658
0.999613
0.492539
0.523127
0.572805
0.712765
0.969761
0.276341
0.994017
0.892907
0.588356
0.898606
0.923781
0.396544
0.513948
0.629799
0.513982
0.455775
0.97449
0.58301
0.371663
0.193241
0.998358
0.446402
0.780132
0.0884135
0.163163
0.999966
0.733591
0.886646
0.046621
0.774937
0.930457
0.805766
0.947125
0.00366711
0.494453
0.895532
0.87414
0.752109
0.908027
0.865863
0.981537
0.587847
0.996065
0.0846552
0.667515
0.997753
0.865972
0.988731
0.999949
0.971064
0.376076
0.904961
0.0385467
0.25931
0.358321
0.0991834
0.545551
0.999993
0.97448
0.961198
0.539756
0.267908
0.710447
0.992011
0.457328
0.953167
0.908022
0.964873
0.740693
0.864007
0.964092
0.969768
0.999899
0.730238
0.912477
0.687833
0.835917
0.999203
0.759298
0.657334
0.533694
0.725493
0.609075
0.892506
0.904284
0.987252
0.687426
0.612009
0.307892
0.927963
0.609191
0.924862
0.39401
0.992955
0.969028
0.296218
0.552606
0.84119
0.070011
0.95588
0.00053753
0.0859912
0.503343
0.915689
0.94839
0.635728
0.899719
0.937342
0.74636
0.105609
0.998419
0.989605
0.440844
0.463215
0.857431
0.905179
0.0975124
0.401442
0.89395
0.947475
0.67385
0.814991
0.258896
0.600416
0.54044
0.00627151
0.980451
0.224569
0.777565
0.964555
0.998156
0.750895
0.230831
0.419313
0.519298
0.1482
0.0656285
0.0532348
0.96952
0.301349
0.562595
0.0627907
0.695405
0.822615
0.956019
0.946931
0.719478
0.968218
0.496761
0.898602
0.621362
0.947149
0.5483
0.647234
0.265893
0.865369
0.385027
0.475028
0.722848
0.46865
0.963154
0.796658
0.431766
0.981931
0.543596
0.589559
0.99014
0.478928
0.578668
0.999653
0.511028
0.307664
0.971188
0.146487
0.573847
0.934776
0.289479
0.179622
0.999544
0.372106
0.259987
0.785727
0.640537
0.866738
0.583032
0.500801
0.501927
0.661335
0.81443
0.981907
0.303649
0.896318
0.579144
0.809122
0.815323
0.0741309
0.101778
0.288878
0.938201
0.71786
0.986356
0.884459
0.757218
0.277797
0.427319
0.327869
0.985068
0.97197
0.887482
0.776343
0.817595
0.84454
0.956041
0.953817
0.993214
0.130442
0.721878
0.993702
0.809134
0.717887
0.146815
0.313771
0.848305
0.996093
0.969717
0.856475
0.347438
0.833868
0.684641
0.999398
0.289982
0.987972
0.988496
0.493874
0.0904343
0.279518
0.494419
0.885069
0.215386
0.291304
0.857443
0.901731
0.997879
0.996531
0.0718375
0.448244
0.0111944
0.47395
0.999997
0.348064
0.304738
0.999539
0.541632
0.993445
0.98295
0.339357
0.691626
0.855406
0.943682
0.862961
0.698831
0.144424
0.999833
0.134242
0.929878
0.256735
0.608957
0.773005
0.775953
0.999988
0.964078
0.493371
0.700275
0.0556553
0.485275
0.0949249
0.763006
0.86159
0.938428
0.0513213
0.886877
0.981149
0.129147
0.026686
0.6677
0.98594
0.998052
0.071284
0.0120436
0.318635
0.98259
0.876509
0.525335
0.143399
0.0626585
0.992334
0.0230552
0.432896
0.86662
0.921805
0.898736
0.995577
0.195473
0.231302
0.145481
0.998417
0.751573
0.996467
0.898487
0.651838
0.773496
0.970915
0.79686
0.630657
0.346023
0.757895
0.243622
0.94655
0.986163
0.958216
0.658968
0.0184785
0.117792
0.912068
0.604378
0.530373
0.533545
0.65236
0.999062
0.826798
0.0715346
0.698133
0.966372
0.85574
0.302225
0.988327
0.999953
0.597576
0.677129
0.970412
0.974792
0.993111
0.806703
0.404908
0.786857
0.293863
0.997894
0.961728
0.00393544
0.385391
0.955833
0.486213
0.236219
0.990954
0.256342
0.322568
0.943713
0.466665
0.821067
0.976408
0.999485
0.574299
0.811815
0.178956
0.111772
0.738334
0.949639
0.968983
0.323138
0.778555
0.839043
0.783292
0.970106
0.928437
0.958646
0.465016
0.813753
0.67072
0.0169024
0.304347
0.444351
0.313951
0.0262788
0.938251
0.762782
0.875837
0.456498
0.816032
0.954164
0.754712
0.0997772
0.656854
0.999167
0.565436
0.372013
0.71817
0.255324
0.683257
0.00420746
0.883417
0.889422
0.542599
0.996494
0.832985
0.943645
0.931232
0.282281
0.822988
0.464471
0.917378
0.974471
0.269252
0.816507
0.610805
0.897176
0.587455
0.844911
0.293975
0.88483
0.999101
0.068862
0.165955
0.80445
0.991935
0.786716
0.930054
0.650704
0.10171
0.168905
0.920121
0.759469
0.901721
0.868916
0.861436
0.999953
0.543662
0.936048
0.0719687
0.998222
0.827399
0.637803
0.890807
0.892577
0.839489
0.952361
0.904776
0.182979
0.768975
0.163028
0.2342
0.874624
0.961213
0.633103
0.999883
0.99812
0.79165
0.208572
0.324272
0.911479
0.124773
0.380689
0.0442789
0.523451
0.414946
0.624848
0.984455
0.296597
0.900617
0.363593
0.698041
0.69138
0.374124
0.994878
0.880638
0.747436
0.409855
0.670748
0.443541
0.209601
0.971071
0.954631
0.794821
0.933685
0.786522
0.973961
0.99819
0.179385
0.40118
0.999549
0.968012
0.24481
0.831996
0.304821
0.703765
0.708123
0.193534
0.94508
0.744606
0.997641
0.646836
0.423378
0.11486
0.837031
0.755794
0.998779
0.490087
0.413914
0.943091
0.082045
0.43114
0.621685
0.716413
0.190007
0.678148
0.711488
0.999978
0.059445
0.769391
0.998074
0.214135
0.999627
0.81904
0.731245
0.608091
0.521369
0.55421
0.2879
0.714675
0.437273
0.10345
0.197785
0.922886
0.576052
0.402897
0.99068
0.031972
0.398312
0.590036
0.936501
0.339329
0.3215
0.952913
0.110149
0.17943
0.164881
0.107576
0.852536
0.117129
0.658267
0.908119
0.881841
0.797418
0.110151
0.286635
0.510478
0.60103
0.452574
0.994037
0.722893
0.994705
0.922341
0.98207
0.996772
0.737321
0.90526
0.0579924
0.847453
0.389502
0.518125
0.543912
0.610104
0.543379
0.999432
0.569711
0.97977
0.806459
0.82302
0.958632
0.972279
0.0455267
0.445242
0.436975
0.402362
0.878798
0.282891
0.982213
0.923502
0.941258
0.196886
0.460648
0.999865
0.965877
0.902
0.305134
0.165659
0.898584
0.994928
0.275082
0.405184
0.150076
0.947105
0.428621
0.865978
0.997285
0.197705
0.324695
0.492741
0.184106
0.528645
0.846878
0.538644
0.811714
0.974635
0.58639
0.840973
0.752109
0.645507
0.822907
0.99996
0.0442031
0.601871
0.721444
0.551828
0.149832
0.932657
0.98252
0.389806
0.970294
0.106456
0.94132
0.432516
0.796804
0.177252
0.930407
0.644473
0.883548
0.677053
0.0391289
0.534301
0.0363647
0.778065
0.000638053
0.270796
0.89475
0.525638
0.0143888
0.381657
0.860196
0.990672
0.920371
0.971424
0.999553
0.935675
0.504988
0.999898
0.853805
0.984464
0.999624
0.904239
0.649615
0.551322
0.651475
0.745605
0.883752
0.251032
1
0.768194
0.849977
0.734231
0.961062
0.945482
0.894039
0.178998
0.994048
0.686295
0.972325
0.644897
0.951605
0.465468
0.991456
0.777475
0.0737364
0.805408
0.712463
0.782344
0.00530398
0.895876
0.101232
0.964646
0.520242
0.966611
0.952206
0.24892
0.555534
0.751882
0.622454
0.172582
0.989298
0.696418
0.34551
0.129681
0.666696
0.204758
0.477849
0.856048
0.0888967
0.514857
0.688286
0.401427
0.889987
0.748417
0.103009
0.36463
0.639777
0.845377
0.984068
0.996119
0.899768
0.995233
0.600133
0.531107
0.804189
0.977431
0.813679
0.195324
0.787872
0.55131
0.751711
0.712248
0.218493
0.300424
0.953596
0.62263
0.264404
0.825044
0.849938
0.946714
0.243069
0.906226
0.152514
0.668647
0.935808
0.585217
0.518618
0.985155
0.974448
0.999408
0.341382
0.937352
0.87718
0.083383
0.989291
0.440982
0.224816
0.67822
0.253852
0.0725886
0.0795045
0.895253
0.271908
0.856336
0.996345
0.766409
0.92006
0.917542
0.935056
0.98995
0.136526
0.986647
0.97017
0.063712
0.126363
0.995331
0.611014
0.65761
0.799177
0.0439859
0.990517
0.974602
0.678618
0.845235
0.776732
0.974454
0.880424
0.304814
0.784707
0.879652
0.583995
0.821365
0.760808
0.555231
0.727719
0.390567
0.523551
0.382482
0.799815
0.990057
0.696844
0.0800169
0.989946
0.0452342
0.53697
0.947849
0.157524
0.955812
0.991374
0.252895
0.0190578
0.739465
0.904806
0.304395
0.986637
0.981516
0.9948
0.479648
0.299543
0.405005
0.97915
0.37511
0.518172
0.68354
0.862025
0.661909
0.988529
0.944009
0.596018
0.61125
0.410685
0.995721
0.869754
0.971391
0.852893
0.985336
0.453487
0.896487
0.2206
0.17283
0.0534852
0.989659
0.77508
0.668207
0.16381
0.789336
0.434455
0.585606
0.171299
0.969771
0.839868
0.82292
0.848117
0.877576
0.223371
0.308238
0.811978
0.927204
0.71327
0.501362
0.999997
0.489225
0.956189
0.814173
0.952513
0.962864
0.999271
0.935938
0.979349
0.251233
0.947511
0.645645
0.746691
0.0321569
0.20684
0.349312
0.420603
0.9809
0.780699
0.410556
0.865274
0.597689
0.722163
0.0494241
0.579465
0.520101
0.792344
0.183995
0.878526
0.923607
0.199823
0.693156
0.989627
0.991849
0.123569
0.670923
0.95551
0.964361
0.464955
0.45008
0.848225
0.69671
0.0442772
0.0927719
0.186416
0.212343
0.318128
0.559474
0.57555
0.978089
0.961096
0.321821
0.94322
0.861897
0.840337
0.702053
0.474715
0.977378
0.998274
0.878412
0.998714
0.615622
0.997906
0.54182
0.590119
0.935931
0.209251
0.946304
0.977224
0.981765
0.928254
0.161201
0.599758
0.485823
0.610058
0.867269
0.968718
0.922332
0.505163
0.312242
0.706903
0.267708
0.725915
0.302694
0.0538915
0.86788
0.912466
0.357303
0.965617
0.0604994
0.787683
0.0240133
0.107623
0.893425
0.228011
0.418296
0.427192
0.925014
0.992897
0.499959
0.781257
0.866365
0.996357
0.259128
0.865745
0.685213
0.048664
0.99969
0.919858
0.963247
0.89051
0.920797
0.802267
0.995508
0.565084
0.261438
0.866605
0.463749
0.35798
0.249176
0.974145
0.0873569
0.549003
0.408016
0.921612
0.880595
0.631319
0.983737
0.611087
0.541658
0.423851
0.940943
0.992303
0.599631
0.0370789
0.991214
0.918095
0.234796
0.879343
0.805432
0.486651
0.131967
0.460543
0.235747
0.27189
0.654622
0.929739
0.471922
0.190321
0.456619
0.521834
0.425619
0.755144
0.995772
0.185045
0.412103
0.608716
0.21555
0.33982
0.07455
0.996534
0.149512
0.979526
0.419753
0.516592
0.427253
0.63107
0.340505
0.999532
0.770447
0.347038
0.998019
0.0502925
0.972435
0.999825
0.0408081
0.774517
0.361935
0.847856
0.0944358
0.716983
0.837534
0.0819192
0.249584
0.342982
0.885441
0.241671
0.966477
0.21308
0.672266
0.157028
0.656092
0.952073
0.901585
0.677131
0.666641
0.54252
0.658772
0.300631
0.139752
0.634325
0.0576645
0.847683
0.517567
0.973867
0.998977
0.770885
0.976517
0.787785
0.964453
0.10191
0.811264
0.964239
0.583741
0.0701154
0.682603
0.440998
0.894565
0.677365
0.4139
0.61569
0.259495
0.909517
0.08391
0.989738
0.602631
0.97506
0.791449
0.452026
0.960422
0.779275
0.762364
0.998714
0.990412
0.983722
0.0311685
0.0410668
0.995681
0.0109861
0.307447
0.646603
0.763219
0.991154
0.826125
0.426987
0.238776
0.337962
0.529808
0.206713
0.685309
0.83274
0.650824
0.879752
0.960108
0.162059
0.41143
0.998094
0.631629
0.228958
0.380142
0.00300188
0.923344
0.910621
0.999879
0.942162
0.444945
0.500208
0.20383
0.215679
0.149003
0.661654
0.133922
0.945693
0.941346
0.488584
0.834453
0.400773
0.816086
0.94454
0.320987
0.851386
0.997553
0.910863
0.774948
0.277039
0.0413311
0.612782
0.561767
0.971399
0.826782
0.912497
0.182541
0.508886
0.531052
0.682324
0.216795
0.557973
0.696934
0.320663
0.992822
0.524038
0.9916
0.933634
0.003531
0.982071
0.896935
0.530671
0.900549
0.128071
0.821991
0.238379
0.0342879
0.186628
0.744938
0.117477
0.959027
0.862323
0.978218
0.999835
0.559203
0.497215
0.996284
0.759028
0.32649
0.618739
0.272286
0.670302
0.496868
0.0652444
0.95879
0.259176
0.980761
0.0630415
0.85412
0.649182
0.955458
0.0162218
0.973854
0.710933
0.896489
0.535391
0.885854
0.733828
0.995939
0.928896
0.412246
0.99799
0.0401109
0.35699
0.989966
0.952432
0.0673033
0.501153
0.713408
0.997316
0.828266
0.648995
0.847812
0.999962
0.559875
0.700873
0.420196
0.999954
0.998492
0.997734
0.999919
0.946158
0.574263
0.706949
0.984106
0.872408
0.840053
0.474945
0.355275
0.925256
0.0679301
0.571524
0.832308
0.817928
0.829012
0.999185
0.994234
0.998983
0.796718
0.0149324
0.998794
0.273237
0.349905
0.556614
0.718587
0.996188
0.332504
0.720176
0.903082
0.27804
0.966229
0.771634
0.976902
0.993414
0.0813094
0.237203
0.490067
1
0.971606
0.12902
0.687402
0.826082
0.32854
0.082576
0.995409
0.863463
0.998712
0.716212
0.998566
0.777132
0.974529
0.92867
0.854584
0.638258
0.990937
0.99258
0.827898
0.939192
0.229598
0.55685
0.515982
0.534639
0.363193
0.253959
0.959921
0.802497
0.764049
0.999286
0.183387
0.0550807
0.293708
0.777135
0.884434
0.968134
0.989417
0.474519
0.697957
0.829687
0.0643279
0.633454
0.389601
0.938297
0.247969
0.765554
0.729701
0.275149
0.690173
0.921339
0.903455
0.513623
0.700815
0.363425
0.0581453
0.906591
0.0393654
0.546627
0.938836
0.0460787
0.995694
0.930967
0.978372
0.842277
0.857966
0.0230522
0.987474
0.00464505
0.187116
0.269377
0.589827
0.724302
0.835858
0.224302
0.452432
0.45275
0.891682
0.629333
0.265609
0.2265
0.674119
0.080077
0.959589
0.909843
0.196517
0.997348
0.995439
0.996373
0.30158
0.723218
0.974516
0.986021
0.345276
0.356578
0.752936
0.730628
0.375072
0.418658
0.106392
0.982401
0.540943
0.776348
0.857105
0.724858
0.9139
0.966569
0.950554
0.968824
0.108788
0.520225
0.950722
0.645402
0.958864
0.386837
0.951745
0.250694
0.273972
0.780045
0.921719
0.882513
0.914126
0.473249
0.459508
0.721698
0.769401
0.60364
0.882333
0.757344
0.723879
0.450557
0.810866
0.0439986
0.528882
0.414336
0.946159
0.913475
0.9695
0.449208
0.144769
0.841773
0.774623
0.314922
0.992933
0.68649
0.164065
0.700437
0.968917
0.987444
0.992578
0.381565
0.985444
0.40031
0.324663
0.625999
0.990982
0.0580978
0.530419
0.689285
0.752081
0.382792
0.757052
0.955132
0.267098
0.943474
0.436206
0.466767
0.979428
0.999814
0.668196
0.503899
0.042613
0.865202
0.743856
0.279968
0.0888294
0.629282
0.726644
0.313289
0.994222
0.97913
0.0668153
0.336902
0.533565
0.989765
0.999992
0.570197
0.907085
0.381495
0.964822
0.315636
0.872036
0.78364
0.265673
0.674472
0.999995
0.498395
0.528854
0.563584
0.537029
0.823537
0.513477
0.973391
0.00420482
0.818602
0.533277
0.379488
0.61791
0.508976
0.805897
0.106999
0.962301
0.763796
0.925062
0.875039
0.783718
0.891234
0.719088
0.99288
0.705222
0.998543
0.992149
0.984705
0.443887
0.998966
0.037316
0.790116
0.601659
0.372969
0.71518
0.999966
0.888386
0.997002
0.408272
0.45509
0.0420128
0.458531
0.0763041
0.0473624
0.738857
0.193906
0.512386
0.617568
0.984816
0.999681
0.718756
0.293202
0.568442
0.735492
0.565558
0.680892
0.508925
0.950081
0.629449
0.596842
0.893368
0.999533
0.958027
0.910122
0.17448
0.0676023
0.136717
0.247291
0.943476
0.738655
0.953944
0.999852
0.133376
0.19319
0.895681
0.879165
0.96898
0.413775
0.898491
0.603194
0.890058
0.995536
0.447883
0.893004
0.986903
0.385746
0.196082
0.198125
0.816909
0.275742
0.999972
0.532905
0.293193
0.577923
0.44462
0.158212
0.734535
0.929058
0.180144
0.999273
0.580963
0.188361
0.635244
0.890752
0.554512
0.247847
0.70972
0.95752
0.835559
0.801649
0.610973
0.391371
0.569947
0.707435
0.976007
0.605096
0.351756
0.926173
0.0304356
0.900224
0.319775
0.994811
0.499306
0.203881
0.962311
0.989322
0.0635397
0.422618
0.246479
0.453268
0.404253
0.942906
0.269942
0.128011
0.912896
0.328942
0.344622
0.5069
0.989234
0.905571
0.238876
0.92284
0.650402
0.96473
0.992651
0.857152
0.0807361
0.945853
0.232958
0.978895
0.902192
0.00888964
0.979817
0.881329
0.146772
0.0397598
0.496869
0.0908762
0.96841
0.955172
0.991145
0.716827
0.0449145
0.226567
0.374823
0.481958
0.982867
0.372647
0.857106
0.516888
0.365167
0.684276
0.388547
0.908848
0.82751
0.644927
0.0239204
0.166629
0.900087
0.94593
0.905973
0.54953
0.111514
0.997527
0.958731
0.853855
0.63191
0.637161
0.174984
0.786639
0.739092
0.975115
0.880975
0.955581
0.982715
0.863037
0.999635
0.396494
0.494799
0.276091
0.0154083
0.999398
0.751662
0.686644
0.684574
0.828732
0.497149
0.991308
0.966392
0.635636
0.645157
0.842692
0.00991035
0.971008
0.650277
0.96115
0.427639
0.929459
0.734945
0.487286
0.0429218
0.832874
0.664447
0.311798
0.935804
0.556167
0.862357
0.425946
0.311177
0.169208
0.816265
0.395371
0.460753
0.998877
0.346447
0.693604
0.182161
0.693193
0.464246
0.313448
0.303394
0.9164
0.945843
0.20267
0.311588
0.564699
0.946586
0.872596
0.675488
0.853937
0.645288
0.439299
0.670782
0.169143
0.415932
0.985501
0.442179
0.888047
0.747913
0.606213
0.442326
0.953581
0.466487
0.38495
0.0912175
0.802073
0.974824
0.992357
0.963674
0.574835
0.144611
0.39466
0.884134
0.547318
0.742693
0.999507
0.320414
0.883461
0.329492
0.378992
0.838365
0.979446
0.976992
0.321944
0.993609
0.209359
0.361919
0.162797
0.37318
0.368946
0.630402
0.931266
0.123996
0.898664
0.232329
0.977523
0.0771486
0.662429
0.396426
0.520332
0.341396
0.89669
0.101262
0.504183
0.999835
0.965733
0.991641
0.999973
0.134509
0.376541
0.436045
0.605517
0.0852534
0.931364
0.336189
0.555445
0.93206
0.57639
0.747865
0.383692
0.412671
0.896272
0.91396
0.909843
0.766193
0.796464
0.940086
0.632595
0.967835
0.999412
0.776757
0.909145
0.241721
0.913451
0.944404
0.41815
0.927483
0.67141
0.162344
0.995139
0.638511
0.0439576
0.969251
0.881908
0.292496
0.24314
0.938501
0.277467
0.866972
0.41377
0.235065
0.64613
0.418485
0.42557
0.972534
0.995262
0.997849
0.96941
0.798108
0.937938
0.930731
0.524052
0.753386
0.197388
0.464024
0.996383
0.603658
0.719848
0.648361
0.970555
0.865642
0.667518
0.324005
0.954002
0.228897
0.723567
0.628807
0.597592
0.844167
0.0176764
0.79681
0.122414
0.904336
0.999606
0.384799
0.999872
0.0172731
0.246108
0.0704664
0.194624
0.322201
0.99309
0.986884
0.554054
0.610141
0.842931
0.994179
0.929783
0.852745
0.890409
0.968784
0.980456
0.926221
0.999879
0.1412
0.977826
0.736008
0.860016
0.101762
0.566711
0.702307
0.993288
0.0887744
0.737407
0.676535
0.885408
0.297616
0.995253
0.194531
0.99544
0.698037
0.908654
0.91657
0.999927
0.765089
0.415018
0.914399
0.125464
0.919304
0.549084
0.984601
0.431348
0.736715
0.768706
0.955497
0.266544
0.0923102
0.780968
0.874795
0.897781
0.933941
0.106902
0.0493656
0.576814
0.722332
0.854933
0.950783
0.536436
0.305539
0.417138
0.00286267
0.420243
0.464262
0.224879
0.886099
0.501024
0.923226
0.206087
0.386847
0.965486
0.44216
0.677228
0.629064
0.992188
0.383692
0.953288
0.969546
0.252514
0.978575
0.978894
0.648576
0.0404486
0.889321
0.978992
0.999403
0.532257
0.997374
0.481583
0.976205
0.73201
0.0884507
0.224711
0.929789
0.809668
0.42587
0.98317
0.611761
0.957423
0.516208
0.995332
0.836525
0.998839
0.944562
0.856833
0.0029686
0.994919
0.993444
0.574791
0.588687
0.650543
0.992197
0.981322
0.435435
0.157375
0.317813
0.326802
0.713577
0.607245
0.677997
0.470815
0.0185512
0.39479
0.251937
0.0583411
0.327739
0.201951
0.992185
0.903681
0.127983
0.707161
0.0312465
0.170538
0.436219
0.586102
0.956961
0.44601
0.835277
0.868128
0.889851
0.437121
0.048819
0.972731
0.730813
0.971716
0.372029
0.335638
0.0428183
0.663259
0.585623
0.0560319
0.797846
0.971955
0.356436
0.923727
0.399194
0.362268
0.797094
0.965503
0.737687
0.914766
0.88705
0.459834
0.574145
0.988212
0.999784
0.844489
0.8236
0.81659
0.867167
0.309402
0.217573
0.737181
0.999184
0.764318
0.412549
0.534051
0.823005
0.525993
0.997345
0.577357
0.926885
0.135267
0.785601
0.476168
0.619548
0.981247
0.0626435
0.854598
0.00318153
0.711864
0.816907
0.174814
0.685231
0.251986
0.925454
0.733436
0.855741
0.71697
0.307871
0.999684
0.461017
0.991633
0.999992
0.948029
0.205845
0.841199
0.968154
0.998269
0.881739
0.949118
0.501907
0.957248
0.397636
0.998127
0.412127
0.979365
0.907759
0.989284
0.245752
0.855816
0.98649
0.838978
0.29951
0.995721
0.218074
0.984289
0.642119
0.715012
0.737708
0.824208
0.940177
0.629764
0.941554
0.366239
0.171784
0.17739
0.364345
0.362612
0.30588
0.64594
0.152809
0.347922
0.24249
0.264517
0.175931
0.989358
0.922677
0.745973
0.960533
0.960445
0.933519
0.586555
0.88004
0.999973
0.713643
0.971394
0.469508
0.279432
0.624938
0.97411
0.193345
0.481841
0.993068
0.933802
0.440428
0.264965
0.806538
0.415389
0.064096
0.992417
0.175555
0.431385
0.154488
0.748234
0.211278
0.718129
0.157559
0.998907
0.889207
0.156856
0.841355
0.719262
0.404984
0.192996
0.658598
0.995268
0.0493546
0.991399
0.415638
0.968056
0.572591
0.238136
0.999544
0.42793
0.504214
0.109004
0.928122
0.584611
0.876935
0.28857
0.966481
0.891911
0.0292368
0.882713
0.874447
0.283032
0.805323
0.982531
0.999998
0.530023
0.0795832
0.773616
0.519062
0.986152
0.476027
0.0122986
0.685601
0.30082
0.855564
0.995328
0.803697
0.659374
0.363187
0.972102
0.874206
0.722424
0.366489
0.0729108
0.133612
0.101177
0.244092
0.920007
0.664211
0.888297
0.909993
0.987584
0.962401
0.690522
0.735424
0.818888
0.95521
0.442545
0.596034
0.0477605
0.918999
0.969907
0.853703
0.752626
0.986854
0.143924
0.98116
0.999956
0.998776
0.43636
0.19379
0.928261
0.505981
0.668753
0.927689
0.94412
0.989844
0.982547
0.945614
0.757403
0.774993
0.91971
0.913296
0.903277
0.492309
0.985116
0.160853
0.11806
0.848518
0.892195
0.934298
0.744092
0.913405
0.00824009
0.192455
0.861787
0.956493
0.999209
0.599664
0.611296
0.868888
0.929403
0.994585
0.45414
0.320929
0.321891
0.978127
0.797393
0.690684
0.775504
0.988487
0.247477
0.404241
0.0248777
0.766067
0.95433
0.631932
0.563163
0.997332
0.195947
0.836141
0.111224
0.0160916
0.999032
0.98083
0.630873
0.143923
0.64105
0.87049
0.548124
0.946286
0.909548
0.923056
0.503151
0.785141
0.961423
0.940229
0.295191
0.932271
0.526293
0.856942
0.625453
0.822404
0.725153
0.83427
0.341642
0.870439
0.133229
0.201686
0.151122
0.106725
0.990048
0.998696
0.00795469
0.992475
0.0691721
0.530753
0.956435
0.800279
0.763548
0.979693
0.353096
0.818242
0.990923
0.487402
0.481955
0.498947
0.460059
0.831643
0.132907
0.435436
0.810237
0.512484
0.103844
0.996928
0.102282
0.946515
0.783857
0.107627
0.628991
0.729825
0.966151
0.530089
0.193723
0.791853
0.663121
0.952903
0.971448
0.0882787
0.824218
0.760345
0.477432
0.217767
0.71192
0.965149
0.954768
0.456965
0.991024
0.541456
0.979956
0.767542
0.410621
0.985058
0.34243
0.0753731
0.951925
0.943309
0.171699
0.18737
0.0499993
0.521843
0.952417
0.689144
0.285261
0.595399
0.128127
0.135043
0.953948
0.75155
0.669089
0.759762
0.958117
0.840999
0.686747
0.529633
0.430547
0.367038
0.561028
0.358015
0.787908
0.7898
0.184939
0.956497
0.827674
0.150056
0.217084
0.822356
0.0371561
0.707205
0.673201
0.668384
0.141888
0.332188
0.599568
0.952835
0.244382
0.995919
0.879404
0.283024
0.295113
0.855742
0.832413
0.201365
0.286426
0.96811
0.116338
0.998269
0.397684
0.543554
0.134
0.995951
0.413869
0.319932
0.0679495
0.739738
0.867783
0.873929
0.995718
0.456522
0.975709
0.978173
0.94903
0.832226
0.576038
0.853467
0.0115055
0.0156934
0.739554
0.775826
0.150435
0.877915
0.244562
0.809994
0.697902
0.961485
0.769659
0.661805
0.314111
0.98213
0.987148
0.976162
0.975803
0.337686
0.540129
0.368734
0.167226
0.686485
0.576316
0.561901
0.962903
0.289973
0.571518
0.648508
0.425921
0.877922
0.377874
0.266088
0.28554
0.913783
0.765855
0.0808749
0.00957495
0.836616
0.46567
0.784778
0.285999
0.601386
0.0114433
0.471624
0.865682
0.781219
0.992858
0.972553
0.443759
0.676445
0.984589
0.889328
0.218544
0.725492
0.0987764
0.790179
0.753324
0.989775
0.506351
0.066823
0.268983
0.135275
0.189616
0.552282
0.422324
0.110288
0.95528
0.901559
0.980901
0.845089
0.983132
0.978193
0.890562
0.353264
0.0422057
0.876176
0.854416
0.545683
0.972117
0.991838
0.629695
0.966882
0.857409
0.993148
0.490969
0.770122
0.350158
0.991449
0.568923
0.403875
0.693169
0.121898
0.840757
0.392344
0.193095
0.811434
0.821835
0.992032
0.0428797
0.629448
0.218962
0.989793
0.96445
0.993857
0.709149
0.558254
0.288339
0.77867
0.926502
0.976236
0.943623
0.997786
0.999811
0.459339
0.396707
0.977814
0.74366
0.95165
0.421417
0.297153
0.554944
0.885138
0.716316
0.366291
0.972843
0.966963
0.705055
0.774175
0.266557
0.859987
0.916305
0.918801
0.886358
0.973684
0.773453
0.836705
0.48831
0.807939
0.178062
0.479264
0.639185
0.277234
0.112286
0.41874
0.920894
0.98347
0.62135
0.983365
0.999296
0.599881
0.987592
0.169519
0.866897
0.290928
0.766597
0.895338
0.409886
0.907426
0.964209
0.493053
0.305488
0.853875
0.261923
0.272161
0.70196
0.339547
0.525539
0.349681
0.755568
0.250539
0.489305
0.593752
0.950486
0.891649
0.912588
0.245814
0.954218
0.999997
0.494247
0.687415
0.982292
0.533965
0.138583
0.526456
0.330609
0.953015
0.930673
0.0596377
0.813108
0.598664
0.478015
0.0983935
0.886885
0.957715
0.798794
0.975202
0.32541
0.774262
0.744989
0.535288
0.519331
0.694454
0.231204
0.452378
0.535935
0.9973
0.591469
0.105161
0.983072
0.567064
0.744751
0.107012
0.975984
0.77684
0.546122
0.735095
0.193515
0.945511
0.613398
0.710088
0.0716653
0.995259
0.887172
0.892399
0.301464
0.812062
0.0280411
0.860735
0.80545
0.933556
0.95205
0.728373
0.800828
0.975777
0.997894
0.958261
0.8224
1
0.52053
0.989801
0.831643
0.725925
0.54388
0.894009
0.624597
0.956809
0.546125
0.982173
0.71352
0.990079
0.401019
0.989624
0.0772886
0.131199
0.119879
0.277258
0.90792
0.489185
0.394586
0.554665
0.368054
0.526976
0.426901
0.297072
0.330298
0.971453
0.997131
0.693101
0.600427
0.481328
0.993397
0.288643
0.960413
0.494128
0.525336
0.845067
0.904732
0.994527
0.883412
0.262808
0.243691
0.989524
0.35373
0.847627
0.8438
0.713443
0.994842
0.935796
0.944752
0.911461
0.608342
0.913082
0.000106103
0.6337
0.964177
0.837352
0.623499
0.997962
0.830627
0.570112
0.986831
0.538245
0.0380801
0.187388
0.826183
0.257434
0.808816
0.955735
0.721707
0.296814
0.880378
0.276404
0.993916
0.266437
0.470443
0.964252
0.994843
0.934915
0.994518
0.262694
0.560773
0.981365
0.918189
0.769311
0.811061
0.955317
0.653909
0.491445
0.733202
0.562976
0.451691
0.37769
0.025978
0.0835742
0.799005
0.212676
0.796306
0.875721
0.873922
0.787364
0.999981
0.308152
0.935013
0.999797
0.831264
0.234408
0.90159
0.250288
0.569909
0.990923
0.13819
0.992119
0.615995
0.99032
0.999885
0.614262
0.630974
0.942707
0.809998
0.660375
0.398677
0.970553
0.0241023
0.909588
0.0091784
0.741805
0.308743
0.213421
0.925616
0.17533
0.999988
0.972833
0.956272
0.18647
0.857394
0.554104
0.932305
0.267541
0.884491
0.934561
0.997207
0.20145
0.226289
0.999586
0.181144
0.974328
0.992371
0.591069
0.823625
0.504434
0.141239
0.609414
0.929225
0.719489
0.171732
0.815478
0.59818
0.622908
0.468689
0.980807
0.642665
0.923371
0.429614
0.798529
0.760655
0.656221
0.969007
0.470862
0.0468826
0.864346
0.608252
0.57778
0.349996
0.88011
0.717711
0.714221
0.651188
0.40084
0.0948933
0.255471
0.123385
0.638421
0.824388
0.72272
0.974009
0.937635
0.628078
0.908017
0.545506
0.644374
0.916404
0.657514
0.373505
0.678845
0.685736
0.810344
0.909435
0.82703
0.915849
0.837818
0.930918
0.98087
0.387797
0.982351
0.91949
0.793174
0.998895
0.990758
0.933509
0.974435
0.828381
0.0771816
0.671058
0.74093
0.65031
0.737129
0.876595
0.242154
0.980905
0.99998
0.793085
0.998361
0.995936
0.301509
0.798995
0.991484
0.457445
0.79255
0.985332
0.723387
0.983741
0.193069
0.838995
0.0648757
0.715499
0.221766
0.968429
0.733459
0.951237
0.763205
0.954743
0.366459
0.50625
0.185108
0.0826171
0.759876
0.998888
0.0794915
0.286567
0.412397
0.996563
0.314042
0.628596
0.964832
0.184038
0.690592
0.632844
0.00328021
0.136151
0.974476
0.275636
0.562601
0.828139
0.858789
0.94213
0.681548
0.995376
0.507553
0.570846
0.986001
0.997539
0.872999
0.668366
0.528475
0.70679
0.847141
0.945567
0.956281
0.969321
0.882076
0.766113
0.995629
0.95015
0.411825
0.0870601
0.147463
0.184832
0.652838
0.666135
0.995611
0.932008
0.62603
0.0877547
0.922747
0.0380106
0.697987
0.731181
0.637682
0.766765
0.749645
0.489609
0.90562
0.72473
0.999253
0.859237
0.945847
0.860902
0.310849
0.763849
0.452364
0.380413
0.871978
0.634273
0.314809
0.32876
0.693419
0.989506
0.645207
0.608168
0.0207561
0.419679
0.986422
0.713468
0.563345
0.983093
0.499923
0.995274
0.54142
0.419699
0.660355
0.521449
0.973903
0.679833
0.801266
0.0769124
0.662241
0.947606
0.815197
0.408962
0.687387
0.758095
0.96015
0.485952
0.992922
0.163852
0.14052
0.691835
0.862401
0.752018
0.167418
0.970011
0.844872
0.988001
0.199822
0.631775
0.858734
0.615287
0.459934
0.224207
0.748233
0.669623
0.999252
0.755289
0.361931
0.993208
0.144375
0.171834
0.870313
0.512415
0.355684
0.687836
0.612416
0.968413
0.1611
0.0754217
0.202773
0.157073
0.368852
0.703541
0.601069
0.626227
0.124388
0.881862
0.932733
0.152017
0.999895
0.886893
0.955284
0.764879
1
0.736859
0.323125
0.323985
0.496216
0.236502
0.959309
0.57594
0.207292
0.913578
0.180389
0.606583
0.731342
0.836563
0.73916
0.851544
0.89259
0.920846
0.34068
0.970776
0.98182
0.994909
0.723223
0.732727
0.979879
0.935482
0.603182
0.993536
0.890052
0.23167
0.535256
0.179223
0.426831
0.0276302
0.174986
0.0441638
0.99835
0.479594
0.0644864
0.978687
0.998627
0.589706
0.336431
0.676794
0.832055
0.880941
0.288893
0.773732
0.810864
0.546584
0.137302
0.86308
0.808323
0.800913
0.852696
0.94866
0.970824
0.463222
0.980873
0.733155
0.648268
0.476259
0.944023
0.0805779
0.707422
0.114089
0.73703
0.396446
0.86955
0.945722
0.999969
0.485913
0.837116
0.925702
0.99348
0.452645
0.981357
0.918547
0.800947
0.459653
0.293523
0.190203
0.901955
0.672857
0.962759
0.0483383
0.616664
0.865664
0.652864
0.437045
0.048892
0.904289
0.88556
0.999557
0.998683
0.583956
0.67192
0.483061
0.790431
0.304835
0.661699
0.618108
0.0231894
0.017881
0.992591
0.918993
0.873271
0.46837
0.148423
0.99629
0.782384
0.0863044
0.926457
0.885745
0.544167
0.580136
0.10292
0.835195
0.305911
0.0684702
0.622033
0.953086
0.96135
0.289496
0.65166
0.272735
0.609804
0.56708
0.976142
0.296136
0.68455
0.279351
0.916242
0.545758
0.67299
0.117032
0.421802
0.0989765
0.423193
0.99467
0.609421
0.303179
0.311384
0.764617
0.656183
0.396215
0.928666
0.402947
0.22097
0.199852
0.073676
0.999156
0.999533
0.337209
0.999801
0.897925
0.520765
0.936535
0.415621
0.797659
0.847111
0.711279
0.993394
0.95809
0.600216
0.960015
0.138139
0.825359
0.779233
0.296398
0.80357
0.899509
0.387185
0.995291
0.831738
0.955689
0.81335
0.509385
0.127939
0.925036
0.559868
0.990667
0.992402
0.829625
0.988193
0.0217812
0.985997
0.304705
0.354505
0.0286543
0.145545
0.39213
0.940921
0.659546
0.820996
0.710668
0.3932
0.815682
0.947712
0.999713
0.749068
0.906835
0.967987
0.988185
0.775932
0.99836
0.740902
0.998244
0.492701
0.96412
0.860918
0.996133
0.377825
0.729022
0.723511
0.837536
0.999955
0.901944
0.304438
0.800587
0.752051
0.962993
0.727507
0.957671
0.766761
0.30775
0.992173
0.659492
0.478423
0.546709
0.999774
0.166207
0.90449
0.631976
0.841532
0.115653
0.983151
0.540066
0.871055
0.584941
0.785894
0.789158
0.756794
0.960759
0.988016
0.103766
0.96545
0.990796
0.925847
0.575267
0.289947
0.26793
0.0445112
0.935037
0.317702
0.996582
0.655631
0.900887
0.848931
0.532181
0.903755
0.169404
0.28062
0.35286
0.97815
0.779935
0.415936
0.999985
0.898776
0.8456
0.461012
0.675431
0.998291
0.00729739
0.305462
0.420494
0.979338
0.995764
0.950599
0.988199
0.980906
0.301765
0.259648
0.425981
0.980152
0.0795448
0.47092
0.78322
0.237662
0.394644
0.998231
0.936729
0.750259
0.916856
0.912354
0.666553
0.297163
0.921898
0.701414
0.861366
0.693096
0.999282
0.987081
0.286781
0.978441
0.650748
0.243926
0.890008
0.174972
0.243362
0.769967
0.967465
0.905425
0.710086
0.710301
0.0442826
0.339163
0.557277
0.150506
0.304562
0.773572
0.191146
0.194494
0.390494
0.999452
0.583872
0.298702
0.47214
0.999992
0.844113
0.998138
0.462653
0.421483
0.00520235
0.989395
0.787358
0.666013
0.0896109
0.7687
0.0782822
0.673234
0.640911
0.00138017
0.990319
0.83429
0.976821
0.491355
0.799828
0.0851658
0.330495
0.813178
0.984056
0.171335
0.843773
0.270571
0.385514
0.667199
0.18468
0.136177
0.999781
0.812414
0.775105
0.956036
0.731239
0.735141
0.902074
0.994066
0.941027
0.52646
0.525997
0.999986
0.853563
0.999571
0.938554
0.665671
0.997001
0.34505
0.0710114
0.0395688
0.544676
0.608058
0.724687
0.998832
0.0761557
0.674742
0.584046
0.908996
0.887546
0.873117
0.659075
0.635424
0.394597
0.988741
0.0998702
0.920596
0.781214
0.662718
0.0848179
0.534391
0.948399
0.762487
0.140417
0.994801
0.693444
0.0742959
0.0311089
0.984655
0.996875
0.649476
0.941673
0.409423
0.214765
0.200831
0.747839
0.90605
0.785829
0.0290507
0.58824
0.928522
0.652026
0.877104
0.10651
0.502978
0.0708241
0.620178
0.231556
0.568117
0.658023
0.968951
0.874017
0.647673
0.448552
0.880697
0.186832
0.736237
0.366863
0.845242
0.56378
0.33693
0.900663
0.707151
0.797574
0.977561
0.744905
0.0453009
0.555755
0.839905
0.0312943
0.232128
0.788763
0.999231
0.319815
0.101102
0.713232
0.774449
0.0997871
0.423326
0.0138175
0.942945
0.819575
0.698552
0.918511
0.0437673
0.259534
0.722213
0.189179
0.964531
0.83043
0.0490152
0.339141
0.347492
0.472475
0.66731
0.816392
0.428058
0.532467
0.247491
0.715147
0.968845
0.109845
0.380315
0.523131
0.601303
0.594174
0.659323
0.49531
0.254606
0.159227
0.891153
0.221328
0.221071
0.270609
0.986068
0.431011
0.894708
0.00502446
0.0838745
0.871851
0.0376548
0.217762
0.91762
0.224555
0.953172
0.859556
0.125001
0.893443
0.951389
0.989851
0.755207
0.626692
0.168972
0.721373
0.998872
0.725613
0.812508
0.801942
0.672276
0.570376
0.390854
0.18683
0.182399
0.915105
0.826391
0.984608
0.162025
0.850888
0.141205
0.0435539
0.732826
0.0795239
0.404254
0.725966
0.650197
0.500094
0.706627
0.723462
0.661957
0.863329
0.652725
0.631713
0.519261
0.0107417
0.116888
0.97836
0.950331
0.660281
0.59733
0.745553
0.072249
0.885868
0.898488
0.263581
0.527456
0.841197
0.852954
0.937752
0.109021
0.933161
0.653109
0.95197
0.908134
0.224083
0.875789
0.369896
0.755715
0.617247
0.905684
0.999819
0.862281
0.307404
0.811212
0.679777
0.0823035
0.659998
0.977874
0.999144
0.984009
0.684253
0.428993
0.449033
0.969534
0.571131
0.595688
0.927961
0.0401403
0.997659
0.733588
0.885121
0.623123
0.212288
0.366563
0.705294
0.992496
0.318957
0.448654
0.677394
0.99934
0.259201
0.999998
0.685504
0.582856
0.293693
0.446417
0.832446
0.534813
0.966331
0.999988
0.683208
0.757425
0.819423
0.547568
0.882189
0.298761
0.955787
0.633887
0.970181
0.754845
0.841417
0.647127
0.726523
0.340336
0.104486
0.2273
0.641806
0.772421
0.801601
0.875971
0.597873
0.00649975
0.999962
0.775136
0.0288184
0.847391
0.0857074
0.999713
0.398418
0.232468
0.963649
0.950695
0.368971
0.387849
0.999323
0.27265
0.540865
0.924765
0.471408
0.910233
0.418989
0.810803
0.278353
0.0124863
0.989791
0.464513
0.82064
0.888152
0.529374
0.934444
0.724555
0.757517
0.924095
0.894682
0.313983
0.394784
0.0497389
0.99307
0.978279
0.213826
0.937881
0.177698
0.174556
0.813673
0.998267
0.958223
0.909905
0.87834
0.889689
0.973413
0.989283
0.716383
0.0424244
0.565613
0.114334
0.951114
0.167998
0.980178
0.592178
0.840292
0.683617
0.759251
0.971349
0.803536
0.769029
0.778219
0.751974
0.705054
0.538292
0.813447
0.998372
0.656783
0.349601
0.653089
0.89762
0.453711
0.576205
0.984511
0.884594
0.889315
0.0925548
0.831634
0.421695
0.969361
0.738328
0.276922
0.0841193
0.819824
0.735874
0.861416
0.496336
0.858432
0.968931
0.504304
0.132896
0.73131
0.60831
0.875785
0.887099
0.999247
0.682461
0.716184
0.180685
0.481395
0.887781
0.563214
0.947905
0.797047
0.139032
0.791198
0.818212
0.502565
0.973401
0.870853
0.871906
0.970052
0.918214
0.137426
0.987156
0.977246
0.582338
0.62479
0.0132202
0.0801128
0.961949
0.946051
0.910766
0.39929
0.793879
0.888388
0.980911
0.803856
0.379833
0.322056
0.385025
0.996756
0.888231
0.345385
0.593682
0.93681
0.539013
0.0184199
0.593117
0.658958
0.949839
0.437779
0.539359
0.192906
0.993771
0.941934
0.681852
0.996075
0.964361
0.879328
0.318855
0.274508
0.999757
0.847451
0.747941
0.422446
0.0790796
0.920053
0.589677
0.202581
0.0755628
0.424717
0.745618
0.0427905
0.987821
0.985872
0.0939519
0.90604
0.98057
0.716404
0.245967
0.61429
0.99136
0.202534
0.056572
0.302825
0.297376
0.795912
0.677388
0.980822
0.777676
0.346639
0.571754
0.634873
0.999786
0.58465
0.263115
0.740353
0.724351
0.724898
0.415494
0.944501
0.993148
0.0987915
0.730687
0.316188
0.14335
0.648209
0.856998
0.525595
0.116573
0.0536442
0.320918
0.853432
0.586992
0.935572
0.101279
0.0338476
0.948616
0.31473
0.556771
0.988482
0.78423
0.823439
0.470108
0.200007
0.998934
0.810144
0.944849
0.762604
0.848631
0.738131
0.906978
0.992021
0.558291
0.691628
0.341629
0.147912
0.437076
0.488375
0.365846
0.668902
0.886512
0.606054
0.713318
0.0554739
0.884662
0.746826
0.939675
0.160007
0.520313
0.721828
0.198234
0.402309
0.725365
0.627848
0.629812
0.237545
0.61711
0.525432
0.20617
0.371676
0.256745
0.973191
0.884925
0.19619
0.0852023
0.600792
0.842507
0.66202
0.199921
0.188198
0.99166
0.991029
0.636292
0.336325
0.299833
0.57196
0.771523
0.0618617
0.556405
0.290871
0.946724
0.132562
0.527617
0.714821
0.641584
0.160645
0.548817
0.89906
0.818294
0.941611
0.105899
0.56429
0.995579
0.114915
0.214519
0.744506
0.058133
0.47016
0.698137
0.0346747
0.988872
0.989435
0.344252
0.707049
0.154576
0.755769
0.999511
0.1205
0.894279
0.89171
0.804171
0.99547
0.394042
0.878313
0.935342
0.542754
0.823182
0.990277
0.436618
0.90688
0.264405
0.125181
0.957014
0.836095
0.961763
0.0855714
0.510051
0.608659
0.975592
0.882151
0.660711
0.855612
0.760097
0.922014
0.588709
0.706725
0.984554
0.245641
0.992076
0.801813
0.985207
0.987219
0.95716
0.132261
0.98083
0.100786
0.162019
0.987543
0.0748444
0.410138
0.952654
0.984264
0.91695
0.667601
0.111337
0.297897
0.976474
0.999936
0.365878
0.485152
0.772686
0.175672
0.28546
0.578647
0.52791
0.129473
0.827913
0.820671
0.991699
0.636799
0.931218
0.0900525
0.828092
0.99732
0.992122
0.554326
0.988903
0.0963218
0.810737
0.425149
0.701442
0.0609684
0.999986
0.989329
0.566273
0.975385
0.975739
0.994757
0.370514
0.69316
0.711825
0.460418
0.747962
0.916207
0.976934
0.356174
0.881509
0.983122
0.994186
0.659233
0.724071
0.996633
0.667435
0.966181
0.661152
0.950412
0.726383
0.939155
0.612299
0.994623
0.933203
0.731894
0.00657163
0.884026
0.940531
0.05496
0.611006
0.67644
0.720515
0.510348
0.656316
0.54016
0.848217
0.172126
0.379577
0.562146
0.791855
0.527654
0.59476
0.805305
0.714261
0.384502
0.435514
0.9496
0.0453966
0.75342
0.756092
0.989936
0.894685
0.597842
0.0634888
0.448209
0.935964
0.834838
0.708401
0.00764888
0.343992
0.970674
0.983805
0.242636
0.722548
0.169351
0.801185
0.924107
0.856511
0.992611
0.282948
0.990701
0.337592
0.8599
0.817008
0.960051
0.85765
0.192977
0.875041
0.615668
0.340655
0.994826
0.892414
0.991783
0.999893
0.49578
0.929163
0.112236
0.139936
0.154879
0.591853
0.78653
0.1393
0.694031
0.1963
0.05378
0.129216
0.126685
0.187214
0.839796
0.343207
0.208638
0.928391
0.640107
0.273955
0.827819
0.57945
0.773326
0.753122
0.052601
0.343771
0.685077
0.949856
0.503591
0.898343
0.991729
0.0219498
0.30046
0.49856
0.902871
0.998663
0.72031
0.398517
0.142953
0.447441
0.994059
0.957181
0.765334
0.618505
0.902331
0.477651
0.135306
0.994223
0.0601976
0.7532
0.475898
0.959573
0.994921
0.596751
0.720063
0.918071
0.136056
0.999997
0.843931
0.528504
0.577663
0.293616
0.70466
0.936764
0.0819013
0.999159
0.321599
0.0691589
0.997247
0.441508
0.603195
0.310272
0.0391221
0.468876
0.972095
0.809792
0.998313
0.29319
0.930812
0.0840995
0.400589
0.685653
0.0232975
0.377516
0.262422
0.484083
0.480188
0.931445
0.112914
0.77791
0.997928
0.27567
0.731285
0.933418
0.1942
0.401698
0.696134
0.171178
0.96903
0.963792
0.981536
0.212368
0.90588
0.984279
0.379972
0.93921
0.67644
0.947271
0.649946
0.131852
0.809012
0.366355
0.683514
0.226776
0.899802
0.784073
0.307163
0.0845779
1
0.131083
0.737836
0.877214
0.0939157
0.198012
0.083682
0.98663
0.237365
0.494013
0.407462
0.877433
0.143888
0.891479
0.0958996
0.0520051
0.122625
0.0262686
0.205475
0.702701
0.533639
0.0684396
0.869096
0.279033
0.16373
0.477015
0.983034
0.282805
0.489709
0.485421
0.554449
0.430515
0.972308
0.919256
0.984328
0.996833
0.942872
0.634861
0.999609
0.151908
0.998965
0.7768
0.726425
0.307683
0.80801
0.979306
0.0952674
0.99421
0.739956
0.530609
0.868641
0.250136
0.999398
0.909276
0.175886
0.725912
0.943313
0.626096
0.955517
0.0967577
0.175709
0.99695
0.707906
0.999489
0.975044
0.25741
0.423469
0.997917
0.68927
0.985222
0.131724
0.199555
0.92934
0.460085
0.705063
0.932134
0.540342
0.965585
0.462943
0.510253
0.694897
0.993519
0.458972
0.159958
0.402646
0.70683
0.209335
0.911546
0.316673
0.959066
0.963328
0.984191
0.707144
0.736772
0.868666
0.999974
0.463903
0.753048
0.210062
0.707245
0.951724
0.923586
0.480558
0.218809
0.936409
0.508934
0.201403
0.741326
0.816125
0.654247
0.501962
0.979957
0.909353
0.537574
0.985112
0.366125
0.927777
0.893239
0.539844
0.667919
0.159813
0.99988
0.935294
0.971482
0.53329
0.582569
0.716466
0.0907583
0.72067
0.443763
0.932225
0.992494
0.604761
0.610141
0.274442
0.998021
0.962437
0.998515
0.999295
0.92826
0.165293
0.166247
0.354441
0.548188
0.998949
0.285756
0.842388
0.86633
0.646352
0.130138
0.358165
0.988938
0.858126
0.402937
0.613916
0.451112
0.45646
0.731623
0.806401
0.797608
0.603446
0.984842
0.304469
0.972388
0.137418
0.618591
0.0141915
0.475857
0.987752
0.338158
0.852676
0.164643
0.744499
0.76656
0.191587
0.850682
0.945196
0.672123
0.725947
0.698815
0.454001
0.990954
0.457938
0.952983
0.260759
0.990393
0.125007
0.753578
0.383682
0.564991
0.380378
0.000828307
0.850233
0.0800473
0.612321
0.633551
0.840102
0.15811
0.9833
0.72933
0.312262
0.809735
0.847904
0.439801
0.777753
0.997552
0.765111
0.117529
0.999451
0.988304
0.857023
0.0106025
0.878799
0.926528
0.946548
0.996604
0.149801
0.31258
0.495505
0.893492
0.353223
0.9872
0.0840215
0.302212
0.999926
0.997623
0.321749
0.827129
0.909912
0.090771
0.930212
0.993458
0.621576
0.18624
0.671609
0.779791
0.433779
0.102873
0.956214
0.416086
0.614708
0.0152866
0.830326
0.560793
0.419021
0.808601
0.999451
0.868708
0.447886
0.995891
0.998565
0.753306
0.919941
0.749442
0.963653
0.822784
0.932306
0.168685
0.0309264
0.627837
0.450266
0.988688
0.99999
0.374168
0.747888
0.0379581
0.949152
0.463189
0.311152
0.893108
0.999949
0.449737
0.683917
0.988844
0.700373
0.0374095
0.961658
0.736518
0.90749
0.0413249
0.450489
0.845939
0.799131
0.121935
0.729172
0.442993
0.939386
0.732587
0.999356
0.579583
0.673172
0.86711
0.595188
0.116084
0.57395
0.000455664
0.0222494
0.641894
0.635147
0.625529
0.412443
0.800694
0.338437
0.612935
0.729643
0.458192
0.453205
0.17081
0.962268
0.943533
0.923727
0.82416
0.0086443
0.221229
0.774578
0.873109
0.808455
0.723882
0.144161
0.998483
0.954566
0.24671
0.677454
0.920118
0.458318
0.997325
0.278604
0.306988
0.637056
0.92444
0.970343
0.978618
0.394009
0.537981
0.417573
0.644863
0.670735
0.510843
0.512924
0.877509
0.739843
0.634725
0.0941353
0.403043
0.90488
0.979954
0.500412
0.507264
0.716803
0.921332
0.993279
0.161259
0.755343
0.95081
0.808599
0.800837
0.381082
0.651467
0.0772036
0.861185
0.213749
0.991569
0.861481
0.0518994
0.646026
0.493924
0.988144
0.699687
0.559778
0.883527
0.545487
0.44357
0.993809
0.249331
0.408295
0.920909
0.322564
0.996659
0.549054
0.535374
0.829258
0.0651313
0.956164
0.816731
0.793873
0.794838
0.711727
0.0532194
0.246916
0.780373
0.616484
0.688661
0.827634
0.963159
0.342281
0.353404
0.0882728
0.998612
0.688486
0.754941
0.998447
0.270436
0.23254
0.736844
0.551261
0.989587
0.756037
0.766197
0.660768
0.9609
0.552381
0.993635
0.913391
0.873029
0.0324895
0.706308
0.160875
0.792732
0.837355
0.419559
0.860534
0.0864668
0.488103
0.281548
0.971285
0.895587
0.919453
0.459549
0.853985
0.985577
0.89487
0.828447
0.742352
0.334591
0.855862
0.137031
0.76954
0.957097
0.501412
0.899979
0.597003
0.0477384
0.329694
0.421574
0.863877
0.281184
0.367963
0.858541
0.439593
0.230558
0.0301627
0.0372096
0.957134
0.998875
0.660375
0.81933
0.968138
0.201886
0.669005
0.262647
0.404473
0.986078
0.513518
0.57187
0.616004
0.98652
0.510759
0.707977
0.925915
0.671919
0.0995175
0.635229
0.906104
0.828082
0.152271
0.580674
0.477457
0.578254
0.644966
0.271447
0.990873
0.984026
0.999693
0.973576
0.877059
0.619888
0.462874
0.987393
0.650322
0.782441
0.80826
0.130744
0.98755
0.645142
0.34257
0.140055
0.273303
0.645547
0.999918
0.24798
0.460066
0.263259
0.375129
0.233949
0.295085
0.96363
0.990815
0.702104
0.968588
0.170444
0.762916
0.475993
0.722246
0.961025
0.0231479
0.916464
0.957693
0.3817
0.935873
0.947427
0.709367
0.556656
0.906526
0.967684
0.850064
0.975342
0.433901
0.728686
0.641196
0.612908
0.87481
0.741156
0.861007
0.209767
0.545353
0.908712
0.708412
0.730523
0.0924589
0.0625885
0.0596694
0.972708
0.569442
0.417426
0.874882
0.0607254
0.665085
0.499359
0.724652
0.0975794
0.344628
0.581072
0.7898
0.772275
0.594448
0.867499
0.591133
0.757265
0.446925
0.669756
0.983261
0.0458993
0.0900273
0.051946
0.668106
0.836071
0.780196
0.492866
0.947605
0.668456
0.685356
0.904963
0.886408
0.929056
0.658295
0.317413
0.919108
0.826941
0.233746
0.270382
0.589824
0.75491
0.884394
0.261403
0.389302
0.351946
0.955045
0.576342
0.777129
0.118397
0.145545
0.999643
0.164484
0.77852
0.845773
0.867561
0.975692
0.0216889
0.972547
0.91409
0.911399
0.8855
0.569213
0.257435
0.564273
0.986622
0.806771
0.332504
0.354312
0.269796
0.450145
0.409081
0.999577
0.952458
0.0895581
1
0.0398367
0.811065
0.0553921
0.480299
0.718428
0.175042
0.415253
0.936482
0.997931
0.931025
0.335441
0.750035
0.925659
0.405834
0.503094
0.932432
0.806225
0.766678
0.7975
0.736241
0.00194208
0.901525
0.155038
0.750159
0.779474
0.981105
0.776972
0.807683
0.743936
0.639118
0.613398
0.958839
0.831601
0.0507683
0.695147
0.994248
0.240672
0.919069
0.924061
0.878192
0.989968
0.986116
0.468919
0.222557
0.600104
0.951466
0.877371
0.830418
0.471357
0.768186
0.393075
0.9957
0.25151
0.484029
0.954774
0.468627
0.605007
0.645016
0.707292
0.795977
0.981974
0.520985
0.507498
0.991431
0.316028
0.132736
0.66363
0.196625
0.771586
0.846832
0.996331
0.921184
0.221766
0.705751
0.66373
0.741618
0.871676
0.985025
0.969202
0.624194
0.51903
0.945597
0.54671
0.112752
0.904044
0.937088
0.568698
0.97144
0.478611
0.363752
0.995124
0.986994
0.900209
0.0726657
0.84328
0.700075
0.86228
0.735913
0.0182538
0.227901
0.397622
0.644505
0.587148
0.987686
0.94767
0.931318
0.39402
0.749713
0.997387
0.495008
0.99766
0.378649
0.567068
0.696745
0.740811
0.593615
0.994933
0.318509
0.240255
0.408381
0.995498
0.684451
0.998241
0.892063
0.947612
0.171431
0.453108
0.287927
0.989486
0.944052
0.675977
0.257435
0.840033
0.571194
0.262197
0.773145
0.52961
0.841728
0.887044
0.970232
0.677266
0.836315
0.758864
0.241791
0.427392
0.309919
0.987397
0.113786
0.691722
0.629472
0.511336
0.170706
0.0888605
0.524448
0.0417273
0.93577
0.0440866
0.645549
0.999413
0.0839893
0.972755
0.266829
0.677825
0.178396
0.599724
0.95124
0.390644
0.219638
0.0268821
0.399966
0.608689
0.684984
0.897225
0.847441
0.985507
0.616214
0.998974
0.997054
0.60448
0.337467
0.8985
1
0.577256
0.610915
0.796757
0.336129
0.999524
0.39212
0.780192
0.882561
0.49755
0.842023
0.858237
0.689714
0.710411
0.985997
0.949062
0.193516
0.895473
0.852618
0.45889
0.971662
0.932322
0.964781
0.812395
0.937904
0.556963
0.99925
0.385642
0.801283
0.999787
0.744129
0.650213
0.589596
0.976534
0.979217
0.548982
0.45819
0.982618
0.131482
0.797185
0.322071
0.635117
0.850125
0.225056
0.938379
0.97321
0.959503
0.995432
0.37265
0.648255
0.582485
0.926072
0.895531
0.78208
0.964023
0.140948
0.978881
0.999984
0.996812
0.888296
0.956186
0.419177
0.856729
0.988582
0.983196
0.99969
0.484819
0.812849
0.923439
0.985789
0.551994
0.904211
0.97901
0.576938
0.0872621
0.97023
0.869929
0.555075
0.685578
0.867774
0.0633909
0.623225
0.997319
0.851843
0.79831
0.999335
0.967008
0.341082
0.984247
0.986471
0.827132
0.389771
0.822072
0.0691437
0.436385
0.742143
0.862807
0.00618068
0.805243
0.67472
0.665427
0.679986
0.858537
0.093823
0.441867
0.826717
0.297871
0.484901
0.853387
0.993162
0.643314
0.447477
0.147208
0.80061
0.664808
0.0648677
0.978743
0.107703
0.967062
0.384459
0.0141255
0.816301
0.996871
0.561886
0.643899
0.604521
0.886578
0.909177
0.364512
0.894126
0.845205
0.220828
0.989582
0.53635
0.0125329
0.774787
0.734047
0.306542
0.459448
0.786669
0.274047
0.62195
0.994776
0.451717
0.65087
0.8225
0.641562
0.644067
0.341834
0.774889
0.375521
0.65234
0.366393
0.33801
0.809596
0.964777
0.617122
0.115469
0.650535
0.951651
0.280013
0.546525
0.999761
0.903095
0.907191
0.847459
0.898378
0.965244
0.184715
0.980912
0.735025
0.0132862
0.830573
0.222375
0.938069
0.970649
0.934828
0.951972
0.866255
0.482023
0.883199
0.756413
0.425696
0.303839
0.683533
0.336526
0.84029
0.944721
0.685538
0.915595
0.782774
0.622724
0.976087
0.992375
0.489231
0.989876
0.902056
0.470642
0.627845
0.170541
0.716736
0.976278
0.103116
0.293435
0.99554
0.718811
0.647203
0.956722
0.944649
0.594583
0.186921
0.986734
0.21077
0.92631
0.985203
0.203197
0.0440102
0.408049
0.785205
0.175922
0.545469
0.931822
0.462036
0.218689
0.0849909
0.804102
0.351529
0.299557
0.816414
0.154233
0.221682
0.503844
0.981614
0.571516
0.998464
0.643851
0.273618
0.697018
0.316285
0.794411
0.757411
0.99517
0.805574
0.687532
0.955646
0.176624
0.529452
0.147858
0.948363
0.998714
0.627232
0.0492992
0.995253
0.831032
0.972395
0.272405
0.9721
0.649751
0.999223
0.777704
0.236496
0.366942
0.660383
0.836636
0.984689
0.822701
0.699672
0.607509
0.668201
0.0340723
0.257376
0.478217
0.702837
0.58874
0.405987
0.680577
0.349882
0.635765
0.158956
0.962259
0.0892843
0.443989
0.660623
0.726635
0.912565
0.226003
0.487635
0.0807181
0.68636
0.274716
0.91593
0.374579
0.852859
0.219444
0.393934
0.999175
0.546895
0.759277
0.562845
0.531146
0.078097
0.447239
0.722083
0.962596
0.983315
0.219353
0.872011
0.749423
0.932834
0.0375897
0.537696
0.91197
0.304654
0.174324
0.879028
0.999733
0.721748
0.997305
0.884621
0.84723
0.986036
0.33125
0.425221
0.822039
0.718413
0.943563
0.109442
0.0190095
0.84119
0.0196413
0.131996
0.0728019
0.360169
0.691434
0.579523
0.966498
0.991832
0.888529
0.809348
0.998397
0.996945
0.749129
0.326825
0.908385
0.999999
0.953176
0.228634
0.921398
0.419707
0.940492
0.956214
0.934619
0.980625
0.321753
0.373587
0.997383
0.934912
0.964335
0.996753
0.823963
0.755279
0.989053
0.705388
0.589399
0.981023
0.0332971
0.819223
0.219294
0.441681
0.132376
0.656791
0.956823
0.810759
0.591798
0.403873
0.760404
0.99999
0.705609
0.975578
0.366462
0.997919
0.250676
0.999659
0.852586
0.70553
0.948417
0.930914
0.433891
0.6487
0.343702
0.88212
0.992438
0.958423
0.529263
0.988486
0.535834
0.0161372
0.386709
0.559528
0.64996
0.643956
0.395465
0.98206
0.0871295
0.531183
0.969172
0.883299
0.0520132
0.267091
0.892382
0.232112
0.967872
0.870627
0.554623
0.702168
0.602442
0.604291
0.919647
0.995933
0.968177
0.976696
0.265314
0.842536
0.00478665
0.681593
0.798812
0.922197
0.938769
0.998362
0.339407
0.999668
0.43741
0.800924
0.998615
0.28035
0.931604
0.717563
0.189558
0.76462
0.880398
0.167193
0.572065
0.0471819
0.82967
0.98963
0.999995
0.859269
0.462187
0.753297
0.726333
0.601741
0.549158
0.122394
0.926246
0.00154135
0.913097
0.782309
0.854002
0.453141
0.952434
0.431942
0.657796
0.797345
0.824157
0.159705
0.0114434
0.241027
0.540981
0.941752
0.789542
0.827377
0.423739
0.23487
0.905981
0.782344
0.999313
0.941792
0.957481
0.254461
0.975045
0.481084
0.871509
1
0.472685
0.193302
0.742199
0.744626
0.203168
0.356693
0.961031
0.782225
0.502255
0.683734
0.41881
0.376237
0.464083
0.650265
0.974711
0.235343
0.267039
0.432415
0.964293
0.175944
0.638771
0.918123
0.971051
0.143001
0.74786
0.286657
0.999758
0.984644
0.452179
0.363522
0.52794
0.993442
0.555191
0.582482
0.663088
0.965037
0.989107
0.977744
0.283183
0.276685
0.89336
0.755278
0.9996
0.908156
0.119769
0.804099
0.643678
0.547174
0.86485
0.886661
0.979378
0.923574
0.712478
0.707392
0.425549
0.858514
0.65981
0.785093
0.74977
0.516032
0.595063
0.723028
0.60117
0.997496
0.90266
0.839055
0.245003
0.30341
0.811041
0.988388
0.978161
0.724511
0.942239
0.707116
0.607852
0.553796
0.348207
0.748381
0.423456
0.0942916
0.706814
0.504041
0.733365
0.46068
0.721079
0.985628
0.346242
0.13418
0.9897
0.995856
0.96888
0.259856
0.932582
0.640429
0.940071
0.999386
0.999954
0.295517
0.152924
0.993309
0.821429
0.348052
0.573591
0.722731
0.760043
0.539278
0.735731
0.911605
0.999804
0.779252
0.031289
0.754281
0.858158
0.99297
0.806246
0.986128
0.962609
0.775032
0.833716
0.955626
0.677669
0.830963
0.991146
0.395278
0.976085
0.128438
0.213281
0.375375
0.400822
0.561715
0.506359
0.206728
0.91021
0.0455991
0.843304
0.948016
0.908796
0.904147
0.26738
0.402323
0.717797
0.899226
0.0916425
0.311847
0.997297
0.708799
0.939975
0.940821
0.0626026
0.596613
0.992939
0.996334
0.169358
0.651186
0.477111
0.983205
0.996681
0.373125
0.975666
0.159854
0.984753
0.0922261
0.56633
0.896929
0.482153
0.733748
0.798084
0.569617
0.975197
0.8168
0.854127
0.992878
0.366979
0.955085
0.993864
0.337973
0.874153
0.824489
0.365409
0.276773
0.853798
0.69138
0.995281
0.996747
0.351395
0.926412
0.999799
0.998385
0.954897
0.955876
0.0472237
0.270042
0.289959
0.537561
0.821986
0.624342
0.607336
0.391027
0.625428
0.53109
0.161904
0.685476
0.395167
0.999722
0.122672
0.953022
0.434121
0.238239
0.488245
0.781452
0.749425
0.0298849
0.104912
0.743195
0.26447
0.504592
0.996027
0.197513
0.961041
0.935411
0.966377
0.997126
0.545268
0.901721
0.914095
0.999673
0.806259
0.998043
0.471623
0.91473
0.854906
0.0474723
0.725977
0.427803
0.71777
0.62878
0.133023
0.619867
0.799364
0.676273
0.895871
0.0106433
0.250876
0.122768
0.9173
0.999226
0.90547
0.422502
0.461531
0.820735
0.000461986
0.028907
0.564833
0.797117
0.366942
0.682062
0.219944
0.940915
0.99188
0.371137
0.110464
0.860081
0.900416
0.999927
0.185657
0.954488
0.845319
0.932127
0.999985
0.84955
0.97374
0.553413
0.0211179
0.819859
0.393526
0.451048
0.949192
0.985143
0.99867
0.898322
0.955579
0.999804
0.299378
0.0193277
0.943294
0.033906
0.611411
0.97805
0.907372
0.0605046
0.999381
0.29958
0.258414
0.768216
0.898527
0.949443
0.902648
0.723429
0.746323
0.89329
0.26076
0.773884
0.30322
0.742942
0.509134
0.276669
0.962062
0.528005
0.711059
0.352624
0.990448
0.157821
0.580353
0.452118
0.119882
0.999995
0.984429
0.994676
0.823024
0.360594
0.843907
0.90696
0.0100223
0.252381
0.12489
0.999984
0.905674
0.369157
0.00478737
0.854845
0.952948
0.866882
0.994013
0.935023
0.521251
0.817018
0.998218
0.928749
0.770664
0.0296729
0.988795
0.247991
0.374334
0.99962
0.998806
0.954393
0.230227
0.996126
0.971372
0.380873
0.73982
0.983721
0.471323
0.405368
0.805058
0.0546439
0.479306
0.436173
0.783529
0.330629
0.314927
0.837555
0.73305
0.780607
0.741209
0.734679
0.784498
0.866125
0.180138
0.907375
0.703139
0.134263
0.969326
0.138852
0.503407
0.775016
0.301091
0.610534
0.898657
0.0259611
0.040009
0.988983
0.853452
0.96771
0.302854
0.430947
0.684364
0.463455
0.237721
0.0981984
0.468105
0.981458
0.0592209
0.629713
0.433543
0.0463365
0.607007
0.913897
0.822252
0.277552
0.724624
0.924689
0.693826
0.89828
0.245061
0.530418
0.9778
0.886814
0.752203
0.601649
0.321622
0.973565
0.800141
0.576404
0.465753
0.994641
0.969164
0.747841
0.279212
0.261872
0.153526
0.152466
0.576148
0.758924
0.997242
0.782342
0.0193622
0.773607
0.807162
0.485412
0.96094
0.173766
0.34664
0.407623
0.508575
0.0957242
0.885767
0.0365781
0.926349
0.956562
0.706608
0.436598
0.996029
0.705426
0.58673
0.714173
0.179824
0.779991
0.848151
0.941788
0.71921
0.999756
0.997652
0.442722
0.627049
0.682483
0.203452
0.381081
0.342275
0.973638
0.753599
0.17871
0.477887
0.932905
0.717499
0.550618
0.986949
0.768829
0.901581
0.441086
0.930559
0.930305
0.85764
0.896374
0.996058
0.82126
0.811089
0.835759
0.00226286
0.720329
0.0242653
0.650678
0.257582
0.807554
0.930166
0.704216
0.810561
0.925352
0.626001
0.984068
0.305351
0.227422
0.959905
0.769592
0.430099
0.76631
0.052106
0.437457
0.9085
0.0616851
0.812923
0.307725
0.785218
0.92697
0.951601
0.126088
0.405918
0.99211
0.842948
0.403798
0.938808
0.476805
0.134983
0.0933053
0.94297
0.999772
0.429341
0.291844
0.27812
0.88044
0.958241
0.570232
0.972336
0.325838
0.875736
0.499354
0.904515
0.490427
0.471446
0.990066
0.544079
0.917094
0.941128
0.805061
0.879522
0.522404
0.825603
0.999045
0.947003
0.433982
0.0988321
0.720866
0.991717
0.996563
0.993205
0.483987
0.642952
0.0779442
0.756693
0.223496
0.0388757
0.062503
0.8761
0.567615
0.934241
0.735926
0.542272
0.518442
0.99377
0.935795
0.524455
0.999581
0.96052
0.820567
0.996935
0.42462
0.717994
0.705211
0.0997421
0.947954
0.280998
0.992857
0.956061
0.985414
0.913697
0.337084
0.733455
0.960589
0.970511
0.783223
0.104056
0.12854
0.276834
0.256882
0.0834773
0.445813
0.712145
0.197256
0.955513
0.889094
0.52023
0.894318
0.526301
0.800702
0.395938
0.972067
0.926687
0.429841
0.987884
0.643723
0.989605
0.18361
0.176338
0.888768
0.50325
0.733568
0.419887
0.875511
0.981301
0.595123
0.65749
0.991937
0.429629
0.385845
0.983143
0.616346
0.647168
0.498565
0.381489
0.740849
0.481954
0.224446
0.790251
0.108173
0.994231
0.996172
0.862596
0.120315
0.765414
0.975211
0.995129
0.41092
0.975862
0.722285
0.872766
0.805379
0.357925
0.708252
0.0845939
0.254654
0.484832
0.704538
0.808926
0.723527
0.319116
0.873424
0.471465
0.490856
0.138137
0.869187
0.809754
0.99715
0.745015
0.961696
0.0929831
0.973118
0.0604347
0.718047
0.242331
0.546429
0.46278
0.981596
0.967528
0.420284
0.730056
0.852882
0.143946
0.976635
0.835456
0.87437
0.0373705
0.976112
0.0202713
0.985474
0.813311
0.189863
0.999951
0.959956
0.487595
0.787701
0.955326
0.999934
0.669533
0.055787
0.933194
0.926407
0.802911
0.201619
0.36357
0.932418
0.952102
0.989889
0.751803
0.085751
0.339135
0.771371
0.548996
0.976545
0.757813
0.307747
0.509873
0.539076
0.872206
0.398947
0.724669
0.250358
0.695335
0.569808
0.10303
0.365345
0.986336
0.400519
0.55746
0.996809
0.138274
0.165294
0.125012
0.585358
0.023168
0.432668
0.656292
0.174062
0.699755
0.82207
0.656546
0.684005
0.779836
0.999987
0.7788
0.0224441
0.998332
0.67021
0.870236
0.936354
0.0248896
0.792274
0.450514
0.999657
0.288775
0.669615
0.860349
0.441074
0.883093
0.16402
0.845625
0.995406
0.952194
0.500209
0.402181
0.437052
0.715575
0.626258
0.637912
0.926139
0.784165
0.972449
0.724543
0.952912
0.907746
0.297336
0.289733
0.521255
0.956896
0.401791
0.93971
0.988924
0.764087
0.381236
0.666343
0.985985
0.631159
0.694031
0.189091
0.00868416
0.509394
0.999754
0.122078
0.906597
0.999656
0.994681
0.964848
0.0965417
0.885177
0.415948
0.552706
0.954751
0.777073
0.870907
0.827359
0.771386
0.889079
0.825365
0.987718
0.114034
0.772568
0.796793
0.945815
0.697083
0.782834
0.349465
0.867739
0.41764
0.988022
0.787027
0.0266443
0.952062
0.258815
0.997642
0.79659
0.972456
0.400661
0.699973
0.757068
0.979666
0.66045
0.576823
0.905002
0.338294
0.361577
0.375189
0.909946
0.697478
0.888225
0.587025
0.482193
0.625555
0.946069
0.968777
0.00016806
0.936033
0.885756
0.485546
0.988809
0.917177
0.984513
0.0394746
0.972476
0.506493
0.0864982
0.506905
0.0464614
0.101871
0.922395
0.824731
0.713823
0.722582
0.995519
0.601444
0.946507
0.123816
0.99478
0.986001
0.0124133
0.0299804
0.906588
0.4414
0.853825
0.904913
0.617004
0.992988
0.784027
0.980771
0.185577
0.107619
0.991151
0.0360857
0.484361
0.996648
0.971276
0.127668
0.44156
0.00983782
0.194077
0.878832
0.975237
0.149456
0.382809
0.605893
0.93468
0.853962
0.980517
0.998451
0.985616
0.734188
0.947855
0.240048
0.47966
0.999033
0.972854
0.708762
0.508208
0.659223
0.801478
0.800557
0.695429
0.751648
0.890382
0.998369
0.996047
0.990028
0.871833
0.915888
0.95156
0.456576
0.485925
0.949007
0.998774
0.735021
0.912826
0.870893
0.794408
0.999509
0.738472
0.826178
0.544236
0.597918
0.857173
0.969768
0.214729
0.568349
0.971237
0.95372
0.0934883
0.613257
0.05335
0.936567
0.99273
0.998379
0.300271
0.881258
0.311804
0.328897
0.232933
0.58226
0.55936
0.84741
0.977792
0.647876
0.896261
0.0221399
0.618311
0.315827
0.54588
0.670062
0.493005
0.958821
0.224995
0.72749
0.407301
0.794213
0.275239
0.654719
0.943684
0.875564
0.347842
0.998593
0.409479
0.402889
0.5831
0.0580985
0.640077
0.978105
0.777241
0.463817
0.933051
0.728804
0.165033
0.0618838
0.995625
0.938671
0.52093
0.907509
0.536161
0.00587915
0.917226
0.513614
0.719719
0.768806
0.967401
0.0505244
0.736313
0.533694
0.88844
0.999314
0.999734
0.596379
0.696755
0.0726891
0.435094
0.713846
0.834851
0.960495
0.0608599
0.684033
0.326392
0.940483
0.977757
0.535168
0.99724
0.779397
0.993539
0.126662
0.512311
0.974761
0.212665
0.721941
0.211325
0.999688
0.976937
0.0145335
0.0871983
0.988794
0.715465
0.821398
0.896732
0.966898
0.553093
0.173392
0.659413
0.411254
0.928022
0.711981
0.999946
0.960597
0.888125
0.990339
0.82036
0.9013
0.236328
0.176058
0.190687
0.118915
0.539177
0.761799
0.489691
0.843041
0.196498
0.336823
0.407898
0.999878
0.848009
0.913284
0.942591
0.993797
0.920871
0.868022
0.0223401
0.800081
0.840523
0.983321
0.546003
0.848807
0.23725
0.938831
0.345737
0.99996
0.9993
0.990293
0.486893
0.969113
0.977002
0.524422
0.645409
0.756592
0.137658
0.589901
0.943843
0.559011
0.974008
0.855697
0.256257
0.0988448
0.98477
0.964014
0.203477
0.0284906
0.727155
0.0111268
0.734595
0.012762
0.689413
0.0598539
0.900779
0.802426
0.86815
0.8619
0.680364
0.947103
0.993376
0.294065
0.699833
0.0830585
0.895486
0.353248
0.437642
0.883431
0.568748
0.103689
0.84347
0.91083
0.918288
0.844827
0.642524
0.218604
0.961956
0.999656
0.357342
0.447124
0.791976
0.977077
0.393312
0.0956749
0.863145
0.463892
0.188357
0.841264
0.815638
0.203215
0.99998
0.306513
0.853659
0.716903
0.858349
0.190998
0.89351
0.910326
0.865466
0.48348
0.101782
0.231096
0.298244
0.503998
0.348807
0.413648
0.738144
0.669452
0.236733
0.920096
0.959731
0.389463
0.123755
0.755061
0.754948
0.734009
0.872475
0.970622
0.895041
0.436702
0.246535
0.0702653
0.9395
0.543098
0.42571
0.974685
0.92566
0.740984
0.658766
0.861691
0.49451
0.433365
0.45614
0.966928
0.951729
0.168012
0.94098
0.979606
0.854333
0.194633
0.977334
0.94536
0.161894
0.874287
0.308891
0.883074
0.999874
0.78624
0.463265
0.897206
0.521226
0.642315
0.9709
0.210094
0.997146
0.541114
0.838588
0.86566
0.647212
0.958324
0.987023
0.75933
0.359784
0.99688
0.936127
0.954423
0.87993
0.906332
0.980963
0.989403
0.297864
0.967981
0.748748
0.611639
0.0909186
0.622332
0.752939
0.98496
0.0611232
0.603594
0.962683
0.758202
0.691372
0.975842
0.63522
0.90467
0.695703
0.685008
0.599822
0.486949
0.367512
0.92562
0.284759
0.988006
0.138913
0.644752
0.0495217
0.771262
0.745753
0.433486
0.845214
0.618147
0.104868
0.55955
0.852217
0.743298
0.186146
0.923262
0.335615
0.921296
0.804499
0.999729
0.550928
0.295325
0.293617
0.741663
0.246237
0.313074
0.626409
0.977836
0.903268
0.779738
0.670174
0.93889
0.993313
0.739585
0.0420632
0.585864
0.360889
0.999966
0.746843
0.991409
0.882048
0.752604
0.291513
0.857417
0.963588
0.814682
0.833307
0.0736663
0.996432
0.971541
0.363656
0.615984
0.232064
0.466387
0.872418
0.816435
0.673313
0.297869
0.578367
0.903752
0.99457
0.430934
0.804455
0.381021
0.890575
0.999905
0.999208
0.665446
0.888717
0.560349
0.236677
0.436291
0.968859
0.935761
0.183226
0.379053
0.425203
0.764507
0.890628
0.913305
0.32332
0.903126
0.808872
0.940867
0.971826
0.791294
0.23709
0.964433
0.935127
0.371666
0.583825
0.679585
0.691423
0.320202
0.239841
0.255617
0.989764
0.00659849
0.0468411
0.807362
0.889825
0.564775
0.56067
0.604515
0.616448
0.639033
0.92721
0.927057
0.280265
0.914235
0.638065
0.921111
0.937783
0.134213
0.463337
0.198581
0.949215
0.907265
0.999727
0.929164
0.372059
0.813036
0.807161
0.18705
0.705129
0.944259
0.763497
0.996806
0.435669
0.663121
0.293837
0.997324
0.931204
0.869859
0.38184
0.891441
0.312864
0.764888
0.0701184
0.967127
0.91029
0.939075
0.471946
0.309498
0.943482
0.974867
0.731063
0.241692
0.191341
0.0517834
0.310205
0.423666
0.819087
0.179305
0.999965
0.799979
0.2728
0.941341
0.911035
0.0202417
0.00769296
0.754427
0.851655
0.790987
0.258287
0.993621
0.221531
0.723535
0.998143
0.995929
0.838464
0.115561
0.992586
0.941109
0.991569
0.0835444
0.853246
0.509143
0.0928825
0.647488
0.977913
0.918887
0.822051
0.984078
0.0701699
0.91118
0.384461
0.999577
0.781486
0.325781
0.0116584
0.725074
0.704777
0.156052
0.133166
0.770477
0.552524
0.85954
0.608171
0.841868
0.537931
0.986426
0.936176
0.164753
0.0846838
0.892928
0.797543
0.16799
0.843829
0.814919
0.128781
0.946234
0.220686
0.725
0.356489
0.210189
0.458785
0.978549
0.888976
0.157475
0.722518
0.721446
0.891059
0.388143
0.969346
0.199722
0.897376
0.394229
0.961154
0.995113
0.193212
0.504514
0.550145
0.387756
0.996717
0.280035
0.75554
0.416292
0.346576
0.0889905
0.863087
0.41257
0.498568
0.98054
0.858618
0.797941
0.294849
0.967529
0.974752
0.87373
0.894003
0.989741
0.920706
0.941597
0.87033
0.788088
0.524417
0.40427
0.981877
0.999216
0.161842
0.739333
0.484176
0.999998
0.72141
0.138645
0.990529
0.816647
0.947157
0.885992
0.982324
0.564365
0.659983
0.996619
0.996389
0.552097
0.137432
0.844456
0.940244
0.0380426
0.387977
0.695715
0.168854
0.656065
0.999591
0.821038
0.613692
0.630137
0.41827
0.957284
0.315871
0.50688
0.950126
0.933458
0.997761
0.997544
0.74584
0.590781
0.841509
1
0.917053
0.193687
0.406326
0.600897
0.735809
0.943166
0.253267
0.340665
0.299727
0.28651
0.999977
0.321743
0.324278
0.884359
0.660937
0.263791
0.274709
0.974119
0.594639
0.715745
0.260166
0.781128
0.0982058
0.881135
0.625442
0.881137
0.304444
0.999984
0.944761
0.98995
0.754634
0.886254
0.89021
0.792251
0.0475139
0.485269
0.170681
0.597834
0.162171
0.81218
0.767378
0.756393
0.996315
0.964964
0.402252
0.227484
0.0894792
0.989369
0.997136
0.960941
0.840198
0.991736
0.353128
0.930899
0.17063
0.590446
0.970443
0.466209
0.855446
0.8418
0.390528
0.191408
0.892481
0.927332
0.579667
0.922958
0.544062
0.969512
0.608733
0.86197
0.691529
0.30075
0.77235
0.538284
0.639869
0.865351
0.95928
0.382952
0.770352
0.255019
0.172675
0.492311
0.932757
0.995082
0.505151
0.0142575
0.830744
0.996101
0.208061
0.963332
0.754151
0.228893
0.393735
0.43863
0.902875
0.980994
0.813038
0.841736
0.951897
0.105028
0.992836
0.556412
0.116879
0.856209
0.121162
0.754264
0.0256099
0.99497
0.856174
0.865481
0.869027
0.2136
0.288486
0.50515
0.318858
0.953491
0.897526
0.649846
0.964263
0.581114
0.493016
0.835417
0.0236062
0.819434
0.97766
1
0.126024
0.851256
0.994219
0.959902
0.831855
0.744104
0.726494
0.933445
0.997854
0.606719
0.858258
0.993161
0.712276
0.0954125
0.0481516
0.905235
0.690618
0.957105
0.0136742
0.842035
0.575547
0.525879
0.631614
0.897513
0.0812598
0.410576
0.324501
0.447301
0.139691
0.610377
0.639943
0.679695
0.639852
0.64819
0.761601
0.793802
0.771343
0.301173
0.847989
0.831879
0.585127
0.453422
0.998245
0.907225
0.485116
1
0.148705
0.852673
0.037071
0.346675
0.657529
0.985833
0.907199
0.484364
0.138103
0.417282
0.01088
0.590261
0.11278
0.518068
0.734083
0.707705
0.568475
0.974924
0.992631
0.199677
0.285653
0.957525
0.936711
0.946411
0.892189
0.698397
0.655015
0.828458
0.308848
0.674103
0.0945538
0.0678824
0.781906
0.9746
0.158194
0.663343
0.0683279
0.480585
0.855791
0.999182
0.999192
0.259819
0.149805
0.574709
0.925168
0.609791
0.888219
0.746936
0.852299
0.464909
0.850382
0.710501
0.337077
0.387483
0.38597
0.472445
0.288424
0.892352
0.564795
0.990958
0.129391
0.168519
0.961256
0.557243
0.370372
0.95673
0.986093
0.400047
0.111786
0.643938
0.240953
0.540695
0.394832
0.55409
0.974887
0.409225
0.70835
0.614567
0.491838
0.991206
0.788474
0.996091
0.65849
0.40352
0.860445
0.4323
0.991195
0.779905
0.119592
0.517937
0.356966
0.704071
0.347889
0.921699
0.751471
0.354641
0.196418
0.877055
0.658509
0.12714
0.715672
0.435459
0.396181
0.685559
0.603832
0.998812
0.587288
0.67318
0.0536347
0.823501
0.35479
0.78317
0.378425
0.919878
0.963672
0.31476
0.995687
0.592895
0.923012
0.493087
0.0905706
0.376243
0.847484
0.884065
0.993276
0.92115
0.211998
0.999001
0.25394
0.894088
0.0753656
0.833911
0.980498
0.958435
0.621938
0.974734
0.0796314
0.230235
0.127975
0.999321
0.660477
0.320575
0.909309
0.350506
0.981099
0.730188
0.969524
0.186452
0.30582
0.868039
0.99823
0.798189
0.323751
0.750812
0.951969
0.647608
0.708083
0.746778
0.113482
0.983719
0.933838
0.286147
0.00397665
0.240652
0.679755
0.406067
0.980405
0.984794
0.341066
0.113529
0.192658
0.874545
0.564131
0.194152
0.159447
0.226341
0.512859
0.302868
0.108978
0.518091
0.93659
0.711163
0.582846
0.801645
0.3568
0.998474
0.94077
0.757124
0.26824
0.816483
0.908149
0.365307
0.946083
0.0836828
0.471938
0.93467
0.797564
0.938268
0.0267572
0.646558
0.844467
0.269651
0.955167
0.923232
0.494245
0.265121
0.133796
0.975547
0.734212
0.356759
0.757827
0.567736
0.260355
0.995817
0.801791
0.398783
0.796045
0.36546
0.40644
0.229915
0.664482
0.36601
0.296054
0.94082
0.983622
0.925746
0.477846
0.820656
0.245845
0.918666
0.132476
0.888284
0.153582
0.894778
0.242698
0.716348
0.563284
0.00153492
0.416306
0.530158
0.135748
0.888559
0.827136
0.572093
0.951064
0.93735
0.149186
0.527795
0.952141
0.990957
0.728867
0.585046
0.985485
0.947765
0.331883
0.988136
0.366603
0.455504
0.993687
0.643553
0.997438
0.699362
0.946611
0.996565
0.755534
0.359271
0.775349
0.500092
0.327339
0.998534
0.914332
0.796531
0.156743
0.723877
0.991288
0.518189
0.748236
0.995196
0.408796
0.189413
0.963498
0.40422
0.900047
0.997982
0.669036
0.250856
0.0982842
0.94226
0.325466
0.517527
0.934301
0.999596
0.634272
0.999333
0.0265519
0.710936
0.945554
0.179964
0.454063
0.598712
0.772385
0.99915
0.542567
0.27104
0.349029
0.723633
0.247806
0.163023
0.835118
0.0460894
0.060015
0.746939
0.48827
0.237346
0.804854
0.968994
0.991967
0.537869
0.637172
0.746292
0.930814
0.62463
0.514465
0.355761
0.918072
0.895872
0.0986617
0.965722
0.898089
0.723478
0.705917
0.685765
0.998861
0.981139
0.586191
0.0865006
0.384221
0.727958
0.580514
0.983544
0.353249
0.790663
0.401166
0.885835
0.717048
0.87992
0.70292
0.809709
0.814893
0.971489
0.55742
0.344394
0.231627
0.968301
0.00306977
0.431362
0.944431
0.923703
0.91216
0.539658
0.793194
0.99853
0.954073
0.954954
0.956293
0.136441
0.829535
0.495306
0.258411
0.93372
0.966505
0.263338
0.870831
0.542587
0.93005
0.978145
0.650691
0.83095
0.321569
0.996747
0.0588413
0.445644
0.950527
0.986945
0.343978
0.569925
0.969476
0.957144
0.982049
0.657361
0.013977
0.222078
0.98574
0.865701
0.999572
0.699491
0.989879
0.829843
0.059872
0.999908
0.98548
0.14808
0.88561
0.351919
0.433167
0.113961
0.572959
0.199793
0.0638566
0.839308
0.982193
0.299573
0.210302
0.193155
0.965009
0.601677
0.975319
0.98567
0.937898
0.890464
0.988985
0.371953
0.661949
0.194541
0.946543
0.832802
0.887975
0.522444
0.335135
0.953212
0.787459
0.810847
0.0940041
0.557681
0.481382
0.993952
0.0700065
0.319825
0.455409
0.822077
0.590768
0.617739
0.374065
0.863645
0.629405
0.0146936
0.851166
0.881796
0.973681
0.513977
0.952345
0.948397
0.942194
0.105024
0.980999
0.992942
0.752967
0.473153
0.877185
0.82235
0.467552
0.558833
0.499023
0.950985
0.5998
0.899499
0.245946
0.776954
0.510681
0.283505
0.694399
0.730266
0.982297
0.973124
0.984264
0.73366
0.953256
0.0826819
0.814806
0.631773
0.321281
0.982948
0.508724
0.99826
0.48123
0.154849
0.376282
0.898767
0.353276
0.865843
0.448441
0.920477
0.414947
0.753012
0.902459
0.680089
0.98675
0.419831
0.775372
0.948812
0.277198
0.0646557
0.863764
0.979154
0.182846
0.104548
0.726412
0.887794
0.0364926
0.998931
0.0999339
0.321676
0.145154
0.940472
0.965643
0.866828
0.954059
0.0935769
0.992721
0.546477
0.995055
0.364175
0.611198
0.415087
0.978796
0.40603
0.986284
0.851099
0.260394
0.415858
0.0251
0.933748
0.842143
0.871454
0.944122
0.296711
0.110239
0.428631
0.987504
0.588894
0.997357
0.987216
0.935421
0.835949
0.0425514
0.925906
0.919866
0.344572
0.997169
0.703929
0.903507
0.84524
0.917684
0.949584
0.948291
0.996326
0.636051
0.325893
0.730331
0.338377
0.857206
0.832451
0.680999
0.771392
0.887779
0.330433
0.859973
0.967059
0.289241
0.829503
0.996255
0.990409
0.794964
0.171535
0.990017
0.742781
0.897244
0.0311216
0.51008
0.976804
0.846721
0.858395
0.00711325
0.198691
0.169425
0.999439
0.533322
0.390357
0.900018
0.273948
0.769475
0.208433
0.119937
0.553704
0.950829
0.284409
0.746027
0.306272
0.0873524
0.637199
0.900457
0.781042
0.382016
0.758093
0.997678
0.120166
0.961069
0.189954
0.867163
0.972545
0.996553
0.168029
0.613163
0.916313
0.950173
0.0329076
0.897591
0.997107
0.374839
0.723636
0.431502
0.982085
0.600974
0.99109
0.482306
0.0521084
0.785684
0.537767
0.997434
0.943687
0.032765
0.859173
0.113865
0.946781
0.978839
0.77594
0.272077
0.873861
0.927557
0.786943
0.835674
0.988848
0.994231
0.383791
0.960336
0.920514
0.856384
0.621175
0.952255
0.257162
0.826631
0.529068
0.529365
0.870806
0.882716
0.965278
0.999903
0.639685
0.819465
0.884062
0.82412
0.255152
0.406254
0.967
0.704285
0.858163
0.993803
0.149229
0.694497
0.28859
0.939497
0.918143
0.856552
0.998594
0.774373
0.990157
0.754451
0.782151
0.0543878
0.997976
0.958754
0.364036
0.315307
0.456227
0.931389
0.921862
0.595215
0.999664
0.935593
0.544465
0.665014
0.582373
0.956077
0.439627
0.153452
0.430285
0.954787
0.165193
0.732787
0.785851
0.995669
0.481121
0.66753
0.98774
0.584111
0.965155
0.990557
0.989218
0.99567
0.69564
0.892081
0.211813
0.50942
0.545219
0.479059
0.508479
0.87632
0.793891
0.91762
0.619062
0.27417
0.269592
0.49241
0.43074
0.0803182
0.509053
0.734392
0.752253
0.926235
0.636586
0.76373
0.557065
0.887614
0.967807
0.620691
0.790896
0.782006
0.505435
0.184336
0.891568
0.852067
0.94087
0.789059
0.981868
0.99785
0.0492581
0.931116
0.871645
0.557529
0.195143
0.765662
0.990797
0.192955
0.78127
0.806424
0.757079
0.455584
0.967732
0.987046
0.502951
0.823573
0.00704958
0.635306
0.471927
0.43969
0.494638
0.496651
0.992917
0.0823598
0.46
0.564459
0.849228
0.955662
0.920839
0.1493
0.825008
0.164004
0.889872
0.491916
0.999384
0.909685
0.0183591
0.948906
0.999195
0.69277
0.512494
0.730623
0.870367
0.758334
0.961294
0.559387
0.772325
0.24314
0.730843
0.960529
0.444953
0.972363
0.00400865
0.967245
0.827401
0.314518
0.649509
0.986721
0.558039
0.101366
0.273829
0.829486
0.718093
0.665695
0.37846
0.72193
0.375958
0.484415
0.660783
0.841507
0.53864
0.477551
0.994153
0.516573
0.812198
0.66895
0.422976
0.471891
0.313821
0.908274
0.988498
0.353699
0.983518
0.604861
0.829352
0.024993
0.818668
0.979666
0.500224
0.575874
0.790094
0.665687
0.614003
0.999487
0.24188
0.357632
0.9588
0.527664
0.379855
0.246414
0.776071
0.141737
0.713332
0.683013
0.461107
0.535151
0.865448
0.99613
0.337962
0.676385
0.280121
0.848831
0.0930716
0.83571
0.948818
0.625327
0.643596
0.809834
0.998277
0.712988
0.384476
0.778219
0.0160574
0.900599
0.717436
0.868456
0.466478
0.269397
0.61152
0.572792
0.219924
0.60562
0.688259
0.841627
0.972504
0.99786
0.852771
0.303032
0.0999566
0.132792
0.808066
0.991557
0.939233
0.693951
0.575984
0.370607
0.300298
0.910202
0.271837
0.130908
0.78767
0.507016
0.961998
0.940085
0.382867
0.843534
0.164304
0.498616
0.457279
0.352831
0.882534
0.990362
0.886072
0.864037
0.91951
0.73261
0.0958465
0.804466
0.232213
0.471514
0.530372
0.917488
0.492294
0.97094
0.98483
0.472293
0.709745
0.987299
0.998784
0.941685
0.105568
0.423635
0.547004
0.555112
0.496169
0.778377
0.733485
0.498084
0.94622
0.475717
0.939396
0.0378575
0.63337
0.667464
0.422689
0.833189
0.620854
0.775333
0.997529
0.771991
0.969556
0.98903
0.245672
0.999692
0.66279
0.700816
0.311734
0.805746
0.839197
0.433748
0.369561
0.0846997
0.257384
0.134063
0.999508
0.740821
0.0548898
0.858169
0.427992
0.980168
0.463429
0.77665
0.602747
0.568828
0.181759
0.555215
0.429977
0.93677
0.856107
0.930541
0.751087
0.57948
0.888366
0.96441
0.988376
0.516312
0.67974
0.275047
0.263639
0.0674649
0.997068
0.999447
0.90769
0.926528
0.248057
0.812581
0.592473
0.964768
0.180895
0.145451
0.867716
0.125316
0.732775
0.9082
0.905973
0.254365
0.833075
0.998304
0.905261
0.102016
0.233767
0.344998
0.410199
0.91226
0.929561
0.94099
0.37637
0.62106
0.245323
0.955167
0.496728
0.995246
0.116687
0.998224
0.532222
0.911573
0.924254
0.921927
0.200223
0.975684
0.9941
0.990735
0.381081
0.999729
0.928742
0.715072
0.740687
0.925908
0.0946937
0.611391
0.864246
0.234538
0.986537
0.979899
0.866441
0.905459
0.772969
0.638235
0.843914
0.227505
0.546855
0.963813
0.880665
0.154433
0.0156671
0.958893
0.898821
0.264623
0.999796
0.99999
0.797129
0.711143
0.00344985
0.0830279
0.949365
0.962679
0.646633
0.488024
0.547707
0.545306
0.10772
0.594338
0.773969
0.854152
0.984274
0.995593
0.721234
0.99847
0.466782
0.982274
0.0431912
0.385648
0.644007
0.412929
0.309964
0.410711
0.622113
0.130243
0.397206
0.503305
0.959987
0.149777
