0.453379
0.557227
0.840898
0.662149
0.127818
0.415668
0.978496
0.84564
0.823355
0.292971
0.202297
0.679592
0.00885135
0.680895
0.21386
0.62786
0.81854
0.899269
0.945589
0.96122
0.238125
0.936043
0.976224
0.135388
0.880599
0.865047
0.390983
0.856937
0.944402
0.559185
0.924663
0.736139
0.089226
0.403396
0.903069
0.940479
0.752277
0.52546
0.63851
0.686795
0.999626
0.188658
0.370864
0.132953
0.838345
0.862649
0.999966
0.677676
0.990694
0.8074
0.790524
0.907842
0.156712
0.783186
0.167957
0.928337
0.466095
0.648616
0.843214
0.250313
0.704377
0.983052
0.85229
0.976026
0.998649
0.986622
0.975936
0.839293
0.994806
0.78207
0.158419
0.211195
0.252809
0.133964
0.601019
0.792107
0.933482
0.49393
0.475992
0.942032
0.801682
0.830843
0.936578
0.521335
0.942513
0.91255
0.341368
0.784019
0.975217
0.998603
0.455728
0.49279
0.969912
0.695954
0.586647
0.787502
0.154636
0.577791
0.82995
0.840214
0.966291
0.811414
0.849748
0.834681
0.569056
0.923376
0.344454
0.993552
0.431956
0.796263
0.4398
0.983619
0.708652
0.99342
0.284148
0.842642
0.639754
0.390693
0.863451
0.85783
0.676739
0.0981612
0.491249
0.182732
0.967991
0.364223
0.756843
0.669514
0.466425
0.19853
0.485032
0.421544
0.959681
0.978743
0.803949
0.998332
0.997527
0.85064
0.974284
0.900294
0.681376
0.998643
0.745974
0.837367
0.310323
0.788044
0.863759
0.81452
0.462815
0.937991
0.999473
0.823358
0.812185
0.783943
0.999811
0.267226
0.916913
0.903945
0.739054
0.893545
0.883814
0.982675
0.945038
0.0146975
0.823993
0.512894
0.712868
0.433437
0.999768
0.416267
0.913902
0.590651
0.988439
0.650444
0.476588
0.566865
0.457012
0.845278
0.311357
0.680365
0.730879
0.993031
0.866617
0.976643
0.553612
0.258529
0.945212
0.973765
0.0334229
0.468382
0.553722
0.951755
0.98726
0.58003
0.80655
0.871182
0.68307
0.313943
0.753766
0.956087
0.492416
0.994392
0.993058
0.317526
0.217452
0.767146
0.0796198
0.666644
0.428449
0.819397
0.740262
0.17021
0.407631
0.958429
0.358006
0.0873725
0.106545
0.284045
0.421703
0.356888
0.845853
0.692202
0.971339
0.606719
0.207394
0.285514
0.987392
0.991868
0.982399
0.616047
0.311583
0.444568
0.972001
0.656762
0.834039
0.49337
0.776437
0.388642
0.263792
0.980632
0.527859
0.888471
0.730633
0.99647
0.988021
0.856065
0.998859
0.695854
0.757282
0.643885
0.107787
0.810542
0.666034
0.697057
0.609395
0.999999
0.722611
0.857708
0.739328
0.685417
0.985775
0.904121
0.725662
0.378404
0.975743
0.0366714
0.807347
0.538886
0.997556
0.525936
0.814268
0.480856
0.735791
0.309453
0.655484
0.132363
0.798024
0.286588
0.863045
0.386322
0.63723
0.708858
0.969315
0.245644
0.535727
0.573348
0.3501
0.284994
0.767958
0.92816
0.93427
0.25322
0.914126
0.8953
0.951018
0.609886
0.952284
0.205715
0.356623
0.901552
0.0370517
0.733613
0.888022
0.0241547
0.983573
0.23791
0.465438
0.970261
0.954885
0.962735
0.700183
0.592121
0.578568
0.897572
0.358397
0.0428773
0.797165
0.285272
0.242373
0.601268
0.848195
0.892358
0.210818
0.960118
0.999857
0.737743
0.286932
0.364152
0.441754
0.239671
0.432301
0.916508
0.98792
0.713984
0.889028
0.704932
0.156113
0.0972724
0.959423
0.376775
0.667594
0.858263
0.934077
0.657825
0.956154
0.123327
0.960193
0.899575
0.0247845
0.973439
0.663575
0.399877
0.769297
0.987925
0.545391
0.887647
0.062059
0.36101
0.838175
0.639465
0.703398
0.184089
0.994148
0.648354
0.997837
0.858322
0.813368
0.835838
0.225025
0.981155
0.967243
0.852926
0.892576
0.270133
0.789279
0.981044
0.558737
0.981678
0.450553
0.399444
0.476224
0.815711
0.89288
0.999972
0.212777
0.920872
0.778924
0.971002
0.364583
0.0400484
0.996959
0.561678
0.716769
0.587112
0.596066
0.473245
0.926315
0.774577
0.366427
0.067623
0.305181
0.818189
0.97729
0.88547
0.87928
0.695563
0.401999
0.90739
0.944008
0.771342
0.548927
0.349115
0.354474
0.960847
0.810291
0.0567614
0.652581
0.929346
0.795074
0.965998
0.661771
0.0157308
0.976141
0.171795
0.764856
0.877396
0.999969
0.964346
0.873808
0.621641
0.993144
0.889594
0.999734
0.726
0.0713087
0.914351
0.96764
0.791259
0.963075
0.578051
0.964962
0.93379
0.761718
0.946831
0.965063
0.247264
0.270632
0.29966
0.094671
0.764632
0.813496
0.39667
0.985582
0.333316
0.809233
0.87573
0.788662
0.451245
0.168258
0.997896
0.847292
0.929277
0.699852
0.476403
0.995344
0.682743
0.831538
0.186232
0.469168
0.752342
0.176305
0.29985
0.694059
0.955438
0.414717
0.815871
0.958294
0.704462
0.147616
0.982381
0.999527
0.600605
0.612206
0.937506
0.961468
0.963937
0.766092
0.107065
0.519973
0.990803
0.792043
0.0753482
0.575019
0.641791
0.981715
0.280856
0.966716
0.997131
0.999882
0.660857
0.310806
0.339457
0.766864
0.272574
0.184008
0.999948
0.706119
0.40172
0.997937
0.872198
0.530758
0.926792
0.301184
0.0580541
0.946947
0.158665
0.663001
0.999929
0.153181
0.897494
0.876885
0.0713596
0.994025
0.831332
0.712411
0.995634
0.440849
0.985509
0.514122
0.999306
0.961683
0.126182
0.455473
0.906888
0.762734
0.572543
0.936038
0.435639
0.985983
0.0501366
0.430672
0.828283
0.49541
0.182776
0.0942141
0.99033
0.216204
0.785768
0.920425
0.63563
0.839497
0.0642743
0.313632
0.430896
0.342387
0.94582
0.333353
0.766947
0.954039
0.985504
0.914313
0.991987
0.775257
0.707435
0.988913
0.55573
0.562823
0.995761
0.900529
0.600151
0.997513
0.993731
0.989059
0.992553
0.00751459
0.0861851
0.0976261
0.193324
0.398144
0.813316
0.123639
0.703663
0.143343
0.988275
0.683061
0.381053
0.138153
0.750146
0.916659
0.668365
0.639973
0.508493
0.359847
0.748866
0.695102
0.982382
0.930461
0.938508
0.476305
0.0184283
0.605212
0.482376
0.734786
0.868712
0.779113
0.0501578
0.0168572
0.837142
0.838592
0.615886
0.279628
0.854406
0.99649
0.644594
0.613728
0.956833
0.835143
0.91437
0.232216
0.273806
0.884029
0.301955
0.977156
0.81515
0.716157
0.764584
0.894516
0.95802
0.585027
0.416216
0.518241
0.247393
0.255319
0.679564
0.943765
0.647869
0.491402
0.996146
0.75315
0.200643
0.446684
0.987215
0.442329
0.206981
0.485387
0.444354
0.547193
0.999782
0.933737
0.251447
0.524856
0.99169
0.0237273
0.892523
0.461451
0.999366
0.899417
0.574
0.616651
0.586498
0.990663
0.982002
0.738763
0.552046
0.754229
0.993778
0.894206
0.925211
0.986075
0.091335
0.995153
0.338472
0.593633
0.698975
0.0958919
0.327622
0.828028
0.857743
0.596355
0.516425
0.268302
0.519349
0.71084
0.398464
0.999173
0.771088
0.902771
0.888722
0.202791
0.0330819
0.150124
0.922936
0.642903
0.97305
0.0721362
0.806445
0.92151
0.901326
0.536157
0.912748
0.257561
0.532296
0.298256
0.636449
0.992425
0.789939
0.662757
0.946676
0.128971
0.228852
0.0656346
0.574445
0.902437
0.919711
0.998245
0.629639
0.457461
0.792337
0.0617496
0.298886
0.99754
0.717909
0.360332
0.318574
0.0991405
0.659409
0.280186
0.620755
0.576357
0.0253127
0.977262
0.950533
0.823313
0.659362
0.645635
0.986803
0.949783
0.061268
0.240635
0.822637
0.251989
0.7023
0.999929
0.0590478
0.472669
0.984567
0.948735
0.409141
0.930332
0.200455
0.559101
0.689148
0.66408
0.866347
0.886322
0.991434
0.128498
0.896373
0.228384
0.367341
0.0764546
0.783361
0.594165
0.980215
0.740864
0.759424
0.84685
0.999967
0.708633
0.632052
0.993212
0.213182
0.691339
0.706322
0.764234
0.885863
0.997972
0.996915
0.0608412
0.827982
0.525249
0.972624
0.722521
0.886452
0.56521
0.971556
0.701318
0.0300867
0.994657
0.451046
0.998198
0.041102
0.19329
0.330593
0.32354
0.214493
0.774044
0.490846
0.00672169
0.955769
0.723173
0.927125
0.0613898
0.737387
0.381606
0.352467
0.467905
0.815472
0.774835
0.420783
0.210045
0.477208
0.955346
0.666781
0.897651
0.602985
0.681368
0.390566
0.529719
0.795019
0.612611
0.0196591
0.95162
0.902546
0.502394
0.99998
0.68759
0.320574
0.714781
0.945172
0.434987
0.970555
0.436561
0.834284
0.857818
0.834501
0.135111
0.245502
0.832579
0.551897
0.379516
0.571199
0.0426951
0.800322
0.938521
0.559095
0.956829
0.983548
0.485689
0.689208
0.999759
0.13852
0.45013
0.916845
0.286912
0.0520067
0.637462
0.611755
0.506477
0.10036
0.909217
0.80246
0.562383
0.886705
0.996052
0.968769
0.504216
0.642355
0.337424
0.219793
0.910728
0.383268
0.354845
0.657384
0.916463
0.942595
0.607988
0.793426
0.295311
0.569678
0.240776
0.941535
0.395838
0.540518
0.886687
0.181189
0.0242637
0.0946178
0.970171
0.435347
0.628458
0.652412
0.682273
0.0922274
0.52366
0.369852
0.0861603
0.944617
0.958318
0.932323
0.609114
0.899883
0.745934
0.571992
0.583046
0.978929
0.979154
0.336083
0.606932
0.517266
0.922002
0.565578
0.4542
0.783173
0.932522
0.208218
0.945823
0.758604
0.96613
0.0118405
0.31098
0.943577
0.00296181
0.125568
0.262147
0.786932
0.373848
0.798536
0.967797
0.734307
0.868486
0.152805
0.953398
0.998341
0.976246
0.646051
0.775507
0.00477272
0.131206
0.256389
0.908582
0.085187
0.970935
0.93748
0.712002
0.479577
0.279623
0.887668
0.978475
0.995971
0.757037
0.938104
0.955371
0.963969
0.257411
0.294155
0.985879
0.99986
0.872788
0.998009
0.268709
0.704579
0.927343
0.75602
0.516722
0.9477
0.965223
0.551755
0.900225
0.703551
0.674101
0.782729
0.902121
0.468451
0.880112
0.332522
0.999315
0.125954
0.637621
0.436042
0.476967
0.532102
0.737163
0.710011
0.0264546
0.271093
0.189476
0.956824
0.206405
0.723552
0.903403
0.625492
0.78741
0.141946
0.975268
0.935525
0.488985
0.999925
0.969421
0.831223
0.887401
0.983048
0.989434
0.470867
0.913944
0.740234
0.6695
0.98541
0.964092
0.966949
0.279388
0.812186
0.138825
0.382752
0.927303
0.720276
0.846125
0.989785
0.434164
0.713223
0.601629
0.151871
0.982357
0.405321
0.0376139
0.0578011
0.0252557
0.686537
0.668114
0.533326
0.467345
0.997341
0.985484
0.716735
0.515363
0.976958
0.954127
0.412069
0.615529
0.765055
0.0816681
0.9992
0.0748165
0.929846
0.450403
0.965663
0.0901496
0.90688
0.941801
0.73277
0.998871
0.923706
0.775029
0.698033
0.811212
0.889533
0.706042
0.0589681
0.986651
0.541616
0.977577
0.199016
0.876525
0.45653
0.770288
0.179383
0.882937
0.411051
0.993998
0.805456
0.544122
0.325218
0.865086
0.320295
0.635139
0.992812
0.219129
0.408639
0.986559
0.99376
0.973739
0.292221
0.996961
0.513158
0.578764
0.308879
0.959087
0.0550997
0.0398611
0.92181
0.826211
0.961276
0.543729
0.946428
0.210244
0.559939
0.820754
0.799793
0.733811
0.987198
0.95862
0.989513
0.228617
0.648928
0.738391
0.463227
0.936736
0.503406
0.999972
0.615213
0.101239
0.0791225
0.859319
0.762782
0.387819
0.428384
0.999794
0.709939
0.994119
0.875661
0.990006
0.230897
0.978572
0.678942
0.900311
0.952132
0.999344
0.993451
0.137942
0.0134416
0.158235
0.437391
0.892092
0.346233
0.919517
0.509726
0.961888
0.390371
0.785513
0.140411
0.994975
0.374468
0.0523314
0.798075
0.25455
0.986263
0.743347
0.547393
0.0999905
0.996566
0.638713
0.821095
0.916419
0.2196
0.123611
0.658506
0.0179422
0.748034
0.239421
0.735532
0.979784
0.984251
0.985724
0.600768
0.782586
0.777374
0.851059
0.174609
0.426177
0.0819105
0.818856
0.78315
0.00504184
0.978153
0.999918
0.999889
0.250701
0.589997
0.66019
0.704722
0.447486
0.937509
0.922674
0.973859
0.145866
0.284815
0.895465
0.902992
0.447896
0.0395715
0.691907
0.984222
0.790068
0.962789
0.997261
0.0623725
0.846591
0.309536
0.119365
0.868987
0.204236
0.785684
0.931119
0.997637
0.292656
0.760472
0.647592
0.244626
0.480495
0.648139
0.115113
0.974587
0.713596
0.803429
0.980936
0.623184
0.581803
0.531196
0.0796023
0.99804
0.972811
0.942467
0.608133
0.466404
0.0793773
0.734017
0.498333
0.165171
0.411093
0.50017
0.200165
0.367147
0.826564
0.886872
0.866818
0.602675
0.105949
0.628571
0.43662
0.875087
0.802633
0.993662
0.901304
0.678369
0.959923
0.699932
0.465535
0.0826158
0.246563
0.0632126
0.370276
0.958663
0.083014
0.620016
0.240816
0.636332
0.897973
0.293269
0.945335
0.707789
0.993955
0.00822171
0.821576
0.34577
0.881749
0.743495
0.9933
0.253596
0.951702
0.757518
0.651697
0.973691
0.969704
0.229391
0.71461
0.999842
0.918887
0.179668
0.971695
0.319191
0.985654
0.55932
0.969549
0.992664
0.983062
0.922931
0.0173156
0.902917
0.894117
0.942221
0.150607
0.928919
0.400821
0.472204
0.492785
0.907331
0.918325
0.961249
0.906804
0.327213
0.617321
0.793642
0.651646
0.0369558
0.712331
0.33726
0.429236
0.21017
0.735097
0.00169061
0.76147
0.621638
0.595527
0.965617
0.999967
0.954583
0.91966
0.539601
0.498525
0.966144
0.0904418
0.876697
0.651883
0.818723
0.864733
0.988323
0.499313
0.951656
0.942837
0.245028
0.0713247
0.9875
0.917295
0.888042
0.50207
0.193362
0.658403
0.412008
0.882116
0.852402
0.418512
0.828397
0.0552056
0.99893
0.906622
0.258263
0.910881
0.299027
0.116264
0.60295
0.669762
0.326317
0.939658
0.889455
0.850392
0.99918
0.19075
0.478609
0.373428
0.631556
0.994243
0.716098
0.734423
0.874842
0.322577
0.985969
0.46898
0.512859
0.974284
0.985831
0.250551
0.702894
0.950302
0.657565
0.941462
0.991734
0.633358
0.927001
0.62019
0.589603
0.0934871
0.992695
0.25163
0.352523
0.918653
0.93959
0.00333363
0.95747
0.344814
0.161478
0.645882
0.422568
0.678658
0.664137
0.351335
0.916034
0.62029
0.0747449
0.0465894
0.929854
0.285612
0.877224
0.721029
0.0100559
0.906451
0.070166
0.439136
0.905815
0.401696
0.929648
0.0835306
0.994938
0.69859
0.122855
0.962662
0.345157
0.887609
0.0680869
0.0419903
1
0.34597
0.998415
0.997663
0.139839
0.294274
0.643827
0.87254
0.462989
0.961119
0.177793
0.804607
0.0856596
0.0278197
0.832581
0.95362
0.219278
0.966657
0.442016
0.956047
0.842438
0.637004
0.811474
0.161056
0.314957
0.564894
0.727747
0.254036
0.49677
0.999792
0.710626
0.944712
0.425469
0.958993
0.586455
0.966845
0.128446
0.658452
0.713024
0.369518
0.0730279
0.599193
0.980894
0.999727
0.0346831
0.773286
0.49195
0.578993
0.521988
0.457803
0.441824
0.875184
0.436244
0.414075
0.532319
0.999934
0.22602
0.778597
0.723236
0.640276
0.478684
0.99744
0.995105
0.584174
0.922192
0.562198
0.554549
0.751433
0.787192
0.266727
0.901679
0.716879
0.303278
0.0678868
0.839212
0.211274
0.412942
0.896508
0.817315
0.502204
0.99998
0.987734
0.850239
0.992097
0.714462
0.71641
0.961661
0.512417
0.341235
0.200756
0.276282
0.58405
0.858952
0.969385
0.993878
0.969479
0.997167
0.9471
0.632677
0.684798
0.995243
0.916151
0.334583
0.953665
0.283763
0.217223
0.921403
0.20221
0.791887
0.194518
0.877764
0.999861
0.131945
0.776785
0.283258
0.999332
0.561036
0.990688
0.776943
0.974319
0.348076
0.235209
0.346552
0.188329
0.221845
0.787179
0.721056
0.482774
0.0554701
0.865144
0.898165
0.153324
0.584193
0.574195
0.170013
0.954806
0.999128
0.171503
0.0405205
0.126423
0.345191
0.904005
0.787776
0.855762
0.420393
0.268742
0.65608
0.706282
0.083916
0.113903
0.156254
0.525118
0.974605
0.794745
0.246331
0.874499
0.591895
0.919206
0.653621
0.87621
0.0783893
0.298706
0.851818
0.786431
0.192329
0.860524
0.871767
0.877524
0.710227
0.307119
0.628383
0.710307
0.838225
0.546936
0.954027
0.578696
0.992141
0.473224
0.785252
0.539388
0.32395
0.885938
0.694944
0.881666
0.96826
0.649313
0.990034
0.480004
0.312269
0.996064
0.223236
0.561726
0.392008
0.233937
0.211642
0.035191
0.490221
0.845256
0.799637
0.102571
0.726724
0.647491
0.283314
0.9906
0.553676
0.987733
0.766128
0.994853
0.79122
0.724689
0.863736
0.974143
0.562731
0.333161
0.924788
0.659349
0.317159
0.958649
0.00509906
0.924063
0.993188
0.790439
0.991546
0.241668
0.449061
0.779396
0.845937
0.814408
0.392582
0.237371
0.999915
0.714992
0.773248
0.248482
0.639985
0.715629
0.74232
0.0302484
0.252555
0.655781
0.480451
0.753481
0.734458
0.978639
0.567427
0.988416
0.549623
0.0211153
0.774246
0.873963
0.0445619
0.555641
0.769781
0.218342
0.468874
0.156422
0.0164438
0.999993
0.748513
0.967211
0.136056
0.134162
0.120821
0.996116
0.935101
0.881127
0.456711
0.898197
0.737064
0.982057
0.966127
0.693492
0.988168
0.637398
0.347918
0.970163
0.898272
0.305235
0.00447556
0.441541
0.839047
0.862317
0.672188
0.901903
0.353517
0.921389
0.999978
0.657448
0.331222
0.870125
0.90245
0.899891
0.91451
0.799692
0.703914
0.269538
0.296981
0.902245
0.988297
0.459503
0.0267991
0.357244
0.0888325
0.187572
0.766026
0.944483
0.996356
0.903951
0.830665
0.468148
0.881781
0.312749
0.958483
0.395901
0.450902
0.84894
0.254795
0.969165
0.996019
0.741234
0.8778
0.0770664
0.527791
0.807343
0.293547
0.825955
0.974993
0.987957
0.994841
0.65559
0.148936
0.795065
0.544243
0.171798
0.32175
0.907524
0.323615
0.873284
0.549671
0.365598
0.825989
0.998612
0.73236
0.899127
0.601623
0.668807
0.0880718
0.999414
0.812659
0.923864
0.853981
0.0848582
0.383618
0.826033
0.170435
0.663401
0.40311
0.978391
0.992305
0.672397
0.572212
0.486414
0.756908
0.987311
0.992974
0.646043
0.910112
0.0376077
0.855602
0.989379
0.41271
0.505773
0.824292
0.903865
0.0870241
0.75678
0.749975
0.998249
0.710156
0.710723
0.320381
0.93652
0.393148
0.948823
0.909351
0.466977
0.939956
0.979518
0.203492
0.67059
0.0838943
0.90018
0.751388
0.41126
0.875542
0.592273
0.587215
0.838447
0.953018
0.993183
0.999996
0.467324
0.943195
0.819299
0.999919
0.925785
0.988069
0.962168
0.972723
0.701747
0.331726
0.22634
0.974361
0.997719
0.442867
0.912942
0.902406
0.345109
0.998923
0.847197
0.881539
0.592862
0.934958
0.959723
0.549383
0.989125
0.476495
0.414188
0.116728
0.909526
0.185741
0.907771
0.0983705
0.385602
0.583963
0.837954
0.553191
0.939602
0.858732
0.911804
0.339422
0.999489
0.546193
0.527334
0.899081
0.704279
0.973609
0.261704
0.783317
0.958414
0.999899
0.630798
0.977423
0.554951
0.710698
0.466557
0.98027
0.929891
0.918011
0.496788
0.0840872
0.824762
0.236025
0.85965
0.858987
0.15316
0.0702434
0.991056
0.335328
0.826302
0.478201
0.482535
0.997437
0.534163
0.989981
0.204196
0.801736
0.076442
0.44572
0.0396763
0.897083
0.211779
0.181443
0.577022
0.980729
0.990176
0.901601
0.342898
0.714764
0.371958
0.492443
0.95465
0.992872
0.991448
0.754155
0.0580552
0.460305
0.844535
0.929916
0.724416
0.99791
0.826298
0.280778
0.970425
0.377199
0.952353
0.598446
0.991602
0.898329
0.622358
0.657489
0.991322
0.932686
0.901442
0.806112
0.959365
0.956354
0.963363
0.856766
0.987663
0.986358
0.882543
0.811232
0.148748
0.131303
0.830152
0.910545
0.223494
0.935058
0.0384245
0.722884
0.998079
0.84005
0.898305
0.927882
0.236399
0.967399
0.905197
0.00209348
0.503508
0.538484
0.709948
0.813072
0.945382
0.726221
0.361314
0.205863
0.141166
0.196816
0.0912819
0.318487
0.377671
0.785508
0.66187
0.406526
0.983028
0.999207
0.696027
0.627522
0.972115
0.999767
0.862054
0.691087
0.276905
0.380641
0.470617
0.173839
0.871144
0.491437
0.688408
0.992547
0.0583833
0.994217
0.867107
0.697995
0.710643
0.501478
0.996803
0.344859
0.903524
0.829721
0.83722
0.858389
0.503548
0.510789
0.828158
0.433794
0.99944
0.767816
0.936719
0.950615
0.233519
0.527503
0.999793
0.953789
0.976623
0.650193
0.809679
0.413009
0.976804
0.986589
0.0806855
0.999389
0.807637
0.642418
0.222703
0.935232
0.958159
0.957406
0.993317
0.745875
0.851615
0.634908
0.180892
0.892513
0.928127
0.671949
0.846474
0.979814
0.999998
0.237361
0.855805
0.752569
0.967686
0.722857
0.549959
0.920736
0.882094
0.167366
0.76635
0.99054
0.580604
0.755006
0.98806
0.423956
0.877373
0.507743
0.146436
0.300268
0.909189
0.445251
0.972869
0.997372
0.963548
0.735628
0.50978
0.132281
0.991766
0.674326
0.546235
0.420491
0.873963
0.726373
0.867748
0.732466
0.437604
0.937563
0.468455
0.332573
0.186312
0.849465
0.695732
0.985925
0.699272
0.844522
0.260073
0.940295
0.556582
0.793612
0.953571
0.541442
0.999514
0.700473
0.969623
0.355892
0.737832
0.0780537
0.338615
0.151487
0.879907
0.957595
0.558667
0.510034
0.64719
0.954329
0.513407
0.765815
0.464022
0.496411
0.0787202
0.131807
0.0559705
0.883615
0.884847
0.16944
0.195605
0.996264
0.7929
0.707978
0.636527
0.833168
0.859793
0.965726
0.913965
0.961093
0.914615
0.750607
0.992665
0.222733
0.876464
0.888134
0.076603
0.88956
0.35862
0.333636
0.142626
0.990015
0.515535
0.955305
0.834371
0.472441
0.919847
0.315124
0.829355
0.752763
0.226033
0.513824
0.847248
0.132143
0.917004
0.68181
0.919891
0.506703
0.656362
0.0249386
0.496552
0.848131
0.676785
0.536016
0.580024
0.169275
0.252732
0.272665
0.40101
0.544453
0.985911
0.146219
0.865985
0.19683
0.859289
0.75877
0.550993
0.99613
0.010402
0.796835
0.955173
0.466955
0.388909
0.888729
0.000744585
0.532627
0.31499
0.152918
0.999542
0.771446
0.903327
0.747994
0.735383
0.582574
0.925432
0.992575
0.697429
0.746479
0.215748
0.330596
0.368368
0.270798
0.654782
0.172268
0.997725
0.904611
0.954004
0.606633
0.335739
0.864573
0.886257
0.140222
0.316579
0.911194
0.945886
0.971068
0.985088
0.86877
0.100596
0.889025
0.0472246
0.955927
0.917231
0.954252
0.522516
0.101076
0.889007
0.397217
0.405802
0.335429
0.54332
0.212558
0.208736
0.677239
0.0329779
0.846318
0.506355
0.376879
0.932962
0.604729
0.537474
0.868105
0.0750623
0.232572
0.532786
0.0988341
0.474282
0.997617
0.999003
0.90929
0.656419
0.373288
0.71558
0.844332
0.713298
0.611996
0.525601
0.353624
0.981712
0.079819
0.617202
0.815973
0.250702
0.639483
0.956565
0.679051
0.9905
0.409865
0.572935
0.905013
0.987476
0.223978
0.559684
0.435423
0.183779
0.878027
0.118442
0.479047
0.625155
0.384716
0.998815
0.201299
0.834719
0.494648
0.278823
0.18784
0.977131
0.84743
0.997245
0.839968
0.0721827
0.190421
0.604254
0.288324
0.035048
0.983657
0.000847068
0.593564
0.760852
0.955038
0.0709797
0.0502514
0.495281
0.999574
0.999863
0.657337
0.782448
0.373824
0.368681
0.823115
0.063424
0.92649
0.982155
0.858221
0.597063
0.770403
0.980364
0.288428
0.994807
0.999824
0.632915
0.984772
0.963403
0.993729
0.9248
0.372715
0.606961
0.494763
0.99964
0.590183
0.982294
0.466374
0.683984
0.99111
0.314816
0.271044
0.999307
0.770402
0.837774
0.960038
0.574718
0.424339
0.862119
0.493305
0.996513
0.0026416
0.965498
0.966232
0.0858155
0.268474
0.398134
0.965898
0.720101
0.576239
0.907765
0.371666
0.828925
0.881174
0.107629
0.0632878
0.86028
0.980708
0.275972
0.999913
0.946365
0.463235
0.696402
0.855407
0.999151
0.0241704
0.992147
0.476103
0.941267
0.632494
0.491949
0.990507
0.481345
0.803653
0.373713
0.012353
0.122844
0.915245
0.30726
0.861386
0.980045
0.913189
0.772635
0.902452
0.615118
0.528409
0.644093
0.83575
0.724281
0.679102
0.990437
0.847082
0.975859
0.916303
0.632508
0.588338
0.440074
0.0109672
0.205685
0.489847
0.159644
0.767389
0.0991171
0.639328
0.715753
0.800369
0.245296
0.645923
0.39661
0.834916
0.275278
0.948162
0.524333
0.119699
0.164678
0.067252
0.989722
0.9757
0.0393902
0.0230691
0.172863
0.98047
0.210946
0.165621
0.513642
0.966257
0.129294
0.585968
0.945894
0.782934
0.836504
0.670747
0.84723
0.558994
0.50148
0.997088
0.952708
0.381235
0.998391
0.383203
0.739549
0.933089
0.293387
0.993343
0.816112
0.242224
0.676975
0.230199
0.966844
0.277384
0.767529
0.999993
0.0536114
0.573922
0.272543
0.778092
0.959968
0.913026
0.547886
0.948906
0.708308
0.156634
0.954473
0.853782
0.538132
0.99987
0.526887
0.864397
0.635
0.551753
0.51754
0.994536
0.605565
0.708626
0.988246
0.623955
0.119707
0.999962
0.999936
0.9793
0.86459
0.932807
0.119417
0.861136
0.952341
0.99817
0.842635
0.738733
0.454146
0.983003
0.0277793
0.714236
0.112134
0.583181
0.422418
0.226788
0.863394
0.864144
0.321193
0.999057
0.937499
0.99995
0.737506
0.942206
0.919002
0.14905
0.432814
0.582654
0.999367
0.707104
0.396036
0.875452
0.737527
0.864258
0.32109
0.944297
0.884591
0.693753
0.999439
0.450595
0.949072
0.980758
0.992669
0.396907
0.884416
0.997418
0.546221
0.274697
0.21255
0.373307
0.862095
0.160607
0.968135
0.88627
0.192738
0.89256
0.00583851
0.963307
0.947795
0.100923
0.0699646
0.275546
0.990794
0.979315
0.573718
0.774079
0.256613
0.969946
0.720232
0.57167
0.487094
0.367513
0.96465
0.638656
0.842256
0.906129
0.342291
0.527173
0.997267
0.935607
0.912043
0.281118
0.999165
0.997099
0.317749
0.593936
0.966564
0.637533
0.255483
0.996925
0.239826
0.547596
0.98449
0.984869
0.0259469
0.926654
0.506429
0.186122
0.683457
0.806139
0.421992
0.996277
0.180074
0.272188
0.283453
0.849075
0.956181
0.558276
0.74756
0.873771
0.983907
0.975016
0.209735
0.517006
0.990777
0.0312147
0.960217
0.254543
0.99993
0.301714
0.560548
0.458679
0.21684
0.42059
0.624129
0.873918
0.420419
0.924867
0.628525
0.486164
0.97039
0.845959
0.565313
0.9731
0.850256
0.0995384
0.458753
0.943921
0.461921
0.514574
0.546117
0.132744
0.0588243
0.829576
0.728568
0.00669831
0.00744637
0.860798
0.620077
0.567608
0.797121
0.322971
0.673113
0.904395
0.843658
0.115602
0.997406
0.262831
0.185943
0.178417
0.804644
0.41361
0.44467
0.97939
0.856483
0.888169
0.997677
0.643504
0.810677
0.126471
0.974589
0.680702
0.915968
0.542528
0.0503367
0.0178442
0.328308
0.999662
0.703563
0.940089
0.979513
0.87744
0.869465
0.993311
0.375982
0.659485
0.908563
0.795472
0.570588
0.378754
0.751737
0.302856
0.0880866
0.999999
0.206616
0.998778
0.900977
0.837979
0.864322
0.366543
0.867863
0.974432
0.500766
0.991419
0.58164
0.697636
0.909843
0.992704
0.832056
0.278172
0.711404
0.97123
0.728951
0.812111
0.795781
0.850951
0.995426
0.107706
0.999913
0.849311
0.49118
0.809661
0.994808
0.252136
0.0774029
0.910937
0.472934
0.173443
0.0882672
0.981674
0.851296
0.0908133
0.40757
0.970137
0.829252
0.80022
0.500892
0.875374
0.0548092
0.729628
0.102638
0.0578795
0.917545
0.357519
0.556576
0.576406
0.447349
0.0732353
0.98146
0.991169
0.943593
0.869765
0.641742
0.32791
0.547419
0.66862
0.856321
0.624187
0.207553
0.981967
0.621913
0.291309
0.24472
0.148537
0.397452
0.867742
0.616145
0.239528
0.89587
0.0877481
0.523577
0.986484
0.554679
0.23228
0.8256
0.836577
0.457794
0.355995
0.989298
0.250931
0.90887
0.999625
0.902244
0.165281
0.449914
0.63233
0.480612
0.796078
0.142386
0.158641
0.950722
0.655904
0.990362
0.557419
0.839234
0.881069
0.59288
0.375275
0.916439
0.97458
0.355574
0.97169
0.972053
0.71822
0.976779
0.54359
0.985901
0.99829
0.54031
0.403323
0.990773
0.515203
0.637959
0.738472
0.776923
0.916889
0.841937
0.489316
0.934441
0.799977
0.30225
0.957206
0.700792
0.397113
0.797486
0.0699685
0.549822
0.881905
0.00567622
0.784945
0.8992
0.861812
0.421854
0.848281
0.843868
0.368695
0.971522
0.846114
0.953349
0.960552
0.760204
0.728486
0.218999
0.715337
0.486814
0.039378
0.248227
0.904169
0.987669
0.999314
0.847712
0.926937
0.549028
0.0115931
0.252775
0.974532
0.313173
0.919125
0.647108
0.288231
0.0993781
0.668779
0.773095
0.174698
0.491846
0.59878
0.489659
0.130574
0.75324
0.956667
0.937267
0.929942
0.274462
0.972503
0.976
0.290337
0.485687
0.439479
0.958129
0.472537
0.428406
0.578733
0.535321
0.905509
0.916147
0.999461
0.847383
0.0326443
0.998918
0.101099
0.167117
0.658213
0.673708
0.82539
0.558383
0.870293
0.941387
0.991769
0.998007
0.975693
0.692264
0.64024
0.573347
0.69031
0.513324
0.979262
0.986856
0.999706
0.246796
0.525113
0.706617
0.290372
0.485947
0.934314
0.965475
0.980612
0.908467
0.927545
0.0488749
0.104884
0.769133
0.829075
0.622734
0.434633
0.88573
0.276038
0.748251
0.838395
0.702467
0.237624
0.809783
0.445878
0.157649
0.953778
0.993705
0.968367
0.538988
0.928153
0.943954
0.998957
0.963745
0.933335
0.753084
0.864877
0.0306133
0.855689
0.999963
0.979238
0.991857
0.733354
0.990067
0.683358
0.979319
0.845924
0.0604823
0.999716
0.464173
0.713762
0.13247
0.458973
0.75787
0.631346
0.0769087
0.143092
0.635782
0.445482
0.997237
0.134782
0.194285
0.233776
0.890915
0.753397
0.982613
0.937338
0.0294887
0.695869
0.718483
0.902515
0.936193
0.0468775
0.723562
0.613982
0.27607
0.828011
0.694046
0.651642
0.94087
0.982465
0.923341
0.625269
0.274954
0.237059
0.358042
0.759316
0.885762
0.625951
0.893762
0.932904
0.975077
0.235802
0.838994
0.84033
0.123176
0.616398
0.810491
0.957995
0.632306
0.919762
0.735146
0.533395
0.617937
0.362757
0.918011
0.6664
0.145398
0.170604
0.763503
0.882769
0.973921
0.660004
0.969198
0.651303
0.710116
0.504467
0.996092
0.985624
0.649623
0.944679
0.805147
0.93444
0.853904
0.0377852
0.987126
0.863133
0.999883
0.702703
0.966834
0.332891
0.994702
0.98565
0.567161
0.539753
0.799883
0.502998
0.714498
0.267732
0.933613
0.0124155
0.982986
0.0660588
0.302628
0.764882
0.567254
0.455736
0.871655
0.819904
0.237712
0.869388
0.938821
0.873581
0.657983
0.729228
0.854897
0.425216
0.225307
0.895987
0.509278
0.496731
0.507641
0.857487
0.942848
0.96974
0.784574
0.907206
0.941423
0.999467
0.0198314
0.711153
0.984208
0.249464
0.820472
0.785888
0.238658
0.957512
0.976992
0.371252
0.3724
0.371664
0.266768
0.433333
0.630722
0.968608
0.678562
0.999276
0.849313
0.449365
0.598343
0.667602
0.640223
0.568099
0.992303
0.63712
0.733228
0.571657
0.746124
0.872622
0.966919
0.982168
0.934244
0.112562
0.173904
0.824364
0.964527
0.991522
0.985015
0.0550163
0.946111
0.91945
0.811589
0.612823
0.858841
0.83027
0.899375
0.173448
0.972941
0.745715
0.446452
0.993063
0.438466
0.667671
0.985116
0.798739
0.306824
0.0746961
0.999422
0.237981
0.921394
0.961118
0.648279
0.403903
0.9332
0.774002
0.215867
0.261927
0.421602
0.808063
0.699715
0.782396
0.465981
0.960202
0.451693
0.743594
0.941455
0.416759
0.140417
0.189707
0.940954
0.0659371
0.0476467
0.778783
0.470459
0.914318
0.410018
0.999201
0.0920428
0.965338
0.921191
0.352094
0.990937
0.77558
0.978171
0.75914
0.758029
0.696697
0.506341
0.997698
0.87937
0.568075
0.288138
0.41432
0.997599
0.835524
0.231728
0.481748
0.362825
0.482895
0.829052
0.975251
0.488888
0.996733
0.949945
0.0651187
0.606162
0.296399
0.481539
0.766069
0.0230051
0.950729
0.9547
0.495102
0.338205
0.801705
0.949976
0.364028
0.540733
0.306233
0.67876
0.997181
0.533613
0.323183
0.89818
0.999991
0.896239
0.924018
0.70963
0.681513
0.733628
0.87602
0.780539
0.59447
0.419509
0.299338
0.605256
0.89124
0.910175
0.99374
0.359262
0.999668
0.156085
0.855173
0.0970931
0.513864
0.768149
0.471833
0.590197
0.972533
0.397066
0.144681
0.903426
0.907708
0.842992
0.45451
0.74075
0.0365598
0.381961
0.369383
0.293913
0.51635
0.0829362
0.441034
0.581163
0.349742
0.996797
0.527418
0.999164
0.302127
0.0444433
0.460877
0.977687
0.958146
0.585063
0.535372
0.333356
0.886868
0.256382
0.310481
0.18875
0.0159891
0.898092
0.966857
0.395487
0.665903
0.375412
0.524837
0.648432
0.108357
0.264574
0.917319
0.930004
0.997612
0.111556
0.782912
0.221598
0.11689
0.427099
0.101762
0.803498
0.976396
0.879404
0.171384
0.699815
0.889752
0.573575
0.794722
0.928448
0.796346
0.999053
0.548539
0.546985
0.998868
0.988722
0.6898
0.811188
0.0843039
0.895386
0.939182
0.599353
0.59872
0.401591
0.999181
0.656932
0.997898
0.62133
0.187817
0.889741
0.222008
0.997385
0.922887
0.820779
0.967777
0.341893
0.189474
0.905566
0.846676
0.837947
0.98817
0.998084
0.614406
0.965914
0.995095
0.760552
0.999962
0.969155
0.476144
0.99844
0.44223
0.984795
0.533202
0.958711
0.998259
0.27113
0.996285
0.964635
0.997145
0.994094
0.769735
0.982483
0.974079
0.711682
0.774441
0.491233
0.168062
0.334113
0.806469
0.561824
0.589014
0.753135
0.82086
0.96709
0.30007
0.888653
0.298759
0.953906
0.524561
0.0159541
0.373795
0.274473
0.183668
0.104131
0.420829
0.932255
0.827742
0.966424
0.0925646
0.44153
0.618674
0.111073
0.653488
0.902198
0.197148
0.497507
0.761275
0.915308
0.293351
0.417284
0.993424
0.316303
0.926609
0.978901
0.940481
0.530468
0.788463
0.187734
0.913475
0.645717
0.155482
0.939107
0.355211
0.260259
0.904674
0.081051
0.964892
0.999179
0.615622
0.99385
0.999637
0.438691
0.739123
0.00647825
0.214546
0.164945
0.432256
0.981403
0.790778
0.582256
0.522812
0.981236
0.514329
0.736511
0.808214
0.993476
0.811128
0.898104
0.652591
0.698962
0.394852
0.986517
0.480385
0.68561
0.751309
0.929288
0.835489
0.940163
0.909521
0.636329
0.629226
0.70981
0.965808
0.634025
0.0469994
0.282382
0.279302
0.873078
0.994938
0.5732
0.526209
0.267225
0.36501
0.932028
0.520439
0.259104
0.997
0.97612
0.856127
0.898569
0.845578
0.476439
0.174139
0.196162
0.751002
0.965984
0.553496
0.905039
0.843175
0.974142
0.188346
0.994976
0.789893
0.900427
0.42146
0.815555
0.854383
0.975037
0.924001
0.89062
0.763773
0.986462
0.885063
0.86798
0.305682
0.928396
0.973986
0.660634
0.84734
0.303554
0.448001
0.855045
0.419615
0.473013
0.998683
0.517123
0.790423
0.790504
0.753531
0.0313037
0.101833
0.793722
0.991321
0.408218
0.976713
0.866773
0.0218224
0.222322
0.361887
0.112534
0.410487
0.990771
0.176111
0.937173
0.914985
0.934968
0.638839
0.412667
0.995624
0.769079
0.79898
0.738987
0.973799
0.103374
0.964971
0.885146
0.50134
0.931697
0.0536124
0.590618
0.586113
0.831864
0.448847
0.989973
0.870166
0.548646
0.570327
0.402503
0.515443
0.0301395
0.754644
0.759206
0.620254
0.397067
0.666074
0.787433
0.809128
0.211546
0.938808
0.823884
0.998508
0.991268
0.523124
0.295406
0.88321
0.310535
0.999986
0.728224
0.592881
0.8851
0.303918
0.161334
0.845225
0.706837
0.893342
0.912857
0.199287
0.957528
0.5929
0.639203
0.137032
0.437635
0.492135
0.866947
0.12278
0.0674022
0.893604
0.888505
0.718218
0.555143
0.886907
0.800879
0.558818
0.292448
0.318497
0.409598
0.920115
0.352669
0.471336
0.459098
0.973125
0.771888
0.999996
0.689316
0.38755
0.537745
0.721842
0.779373
0.054257
0.79785
0.276957
0.314448
0.0707883
0.562262
0.601469
0.493906
0.999651
0.657038
0.996607
0.517977
0.178353
0.792188
0.790476
0.815062
0.0861354
0.999759
0.997207
0.999399
0.620151
0.0807067
0.707006
0.86202
0.527167
0.846027
0.991236
0.994449
0.549488
0.513049
0.92667
0.989484
0.944694
0.122402
0.0173
0.881811
0.989326
0.655888
0.129893
0.796553
0.999811
0.971215
0.764296
0.823666
0.0554547
0.839706
0.620349
0.724839
0.764543
0.0920675
0.803993
0.406862
0.225064
0.542093
0.562447
0.441839
0.844552
0.957357
0.886668
0.0818371
0.818751
0.621652
0.99997
0.759112
0.254906
0.628599
0.427027
0.655678
0.989617
0.953675
0.966262
0.0199444
0.990802
0.964858
0.960393
0.479879
0.756911
0.0720322
0.990922
0.411818
0.349912
0.743781
0.962609
0.1847
0.82807
0.952751
0.591139
0.923476
0.860858
0.956208
0.973932
0.999994
0.951648
0.306806
0.791144
0.675955
0.674576
0.0771849
0.988005
0.851306
0.411063
0.194246
0.927638
0.539564
0.150049
0.48854
0.889958
0.490056
0.707242
0.850256
0.00703317
0.959222
0.981727
0.270184
0.999914
0.350909
0.34418
0.635735
0.097704
0.773368
0.971407
0.237689
0.823925
0.919745
0.495486
0.999869
0.740698
0.834365
0.99694
0.683828
0.317968
0.882426
0.58684
0.956392
0.983869
0.732307
0.994844
0.218614
0.677918
0.818718
0.920297
0.983991
0.31976
0.0163559
0.530599
0.988979
0.193925
0.974128
0.560699
0.598282
0.000943849
0.652315
0.8786
0.713044
0.913474
0.266219
0.634877
0.936406
0.401454
0.599389
0.632747
0.681587
0.042202
0.661153
0.530767
0.740808
0.485472
0.317033
0.768278
0.98662
0.991879
0.903065
0.755362
0.92361
0.46523
0.377482
0.375385
0.745955
0.994159
0.946979
0.858574
0.4953
0.998725
0.846895
0.377156
0.493979
0.999743
0.268292
0.438164
0.999997
0.570498
0.85217
0.875447
0.998768
0.775844
0.92657
0.0564868
0.988931
0.923219
0.278256
0.716486
0.480719
0.988021
0.993485
0.990821
0.745401
0.272334
0.828547
0.904011
0.73293
0.927236
0.832201
0.280528
0.889427
0.815443
0.027467
0.369017
0.0146575
0.0590164
0.705183
0.478177
0.640759
0.789675
0.209342
0.999194
0.564133
0.644976
0.480441
0.149141
0.963747
0.564457
0.704126
0.527831
0.914118
0.24399
0.621497
0.785984
0.997282
0.959065
0.482446
0.217485
0.984976
0.920744
0.765752
0.0329459
0.896556
0.377945
0.307971
0.103615
0.602669
0.955704
0.878368
0.416353
0.964123
0.579086
0.496111
0.0550809
0.521265
0.653265
0.0200088
0.637571
0.927164
0.98025
0.462383
0.993611
0.180117
0.788728
0.871205
0.85663
0.542884
0.400874
0.354432
0.367631
0.964773
0.209335
0.912798
0.077893
0.957893
0.752794
0.999636
0.778579
0.426097
0.68423
0.267019
0.952007
0.615673
0.119786
0.514315
0.790217
0.674166
0.504446
0.753947
0.878203
0.850551
0.335034
0.912945
0.617825
0.997816
0.987851
0.0232959
0.99798
0.996396
0.913792
0.0631639
0.922307
0.49919
0.962605
0.635069
0.396315
0.905998
0.354039
0.961912
0.598269
0.967074
0.774671
0.921474
0.969484
0.982798
0.879334
0.140114
0.982507
0.628593
0.324053
0.793964
0.572834
0.93979
0.994679
0.158321
0.785997
0.793713
0.907582
0.862844
0.838626
0.993779
0.992
0.573092
0.824287
0.9977
0.996004
0.929744
0.0384093
0.312497
0.153929
0.995539
0.686844
0.602192
0.185783
0.713173
0.988044
0.275567
0.834614
0.715215
0.670046
0.110906
0.912259
0.875051
0.994359
0.950401
0.587308
0.208571
0.470903
0.803644
0.128185
0.0083135
0.783281
0.491676
0.92155
0.956648
0.574419
0.937009
0.0331779
0.893765
0.675299
0.565945
0.999427
0.943444
0.913686
0.967709
0.998557
0.281557
0.422605
0.90459
0.548766
0.761784
0.821286
0.990566
0.285557
0.907651
0.00184137
0.970271
0.879002
0.988154
0.918053
0.995942
0.0631984
0.638397
0.088346
0.252857
0.997991
0.380957
0.860811
0.532057
0.53749
0.298997
0.216372
0.938509
0.978272
0.701121
0.45668
0.663234
0.985892
0.98857
0.886908
0.871381
0.989493
0.599975
0.648406
0.447378
0.998962
0.485986
0.781105
0.93995
0.122206
0.973551
0.990951
0.652566
0.958909
0.248088
0.913555
0.966966
0.662094
0.908493
0.987178
0.304311
0.266822
0.907723
0.985133
0.209169
0.800703
0.339571
0.155426
0.861848
0.682325
0.966245
0.350212
0.415102
0.998641
0.581685
0.160724
0.624586
0.999455
0.281316
0.995423
0.689173
0.479916
0.277854
0.518525
0.37097
0.994263
0.583297
0.639561
0.846725
0.0906148
0.832826
0.891549
0.854436
0.918946
0.274723
0.685599
0.81921
0.138768
0.866321
0.861468
0.578573
0.988551
0.879667
0.18072
0.000258889
0.839034
0.363634
0.962111
0.603459
0.690049
0.920132
0.566846
0.799429
0.0825332
0.79087
0.0533
0.700549
0.338889
0.937024
0.613612
0.81697
0.816721
0.000440444
0.586719
0.34883
0.980429
0.0790425
0.232788
0.931633
0.199139
0.535574
0.999843
0.264709
0.3368
0.393211
0.259589
0.8486
0.842611
0.528186
0.71628
0.816289
0.00704194
0.421248
0.971118
0.918716
0.83358
0.31409
0.83604
0.283031
0.305507
0.150561
0.594888
0.999856
0.818966
0.195822
0.658503
0.123777
0.263759
0.678867
0.866558
0.562222
0.371507
0.133837
0.903128
0.702416
0.158363
0.570886
0.230659
0.0372787
0.776602
0.981009
0.0269046
0.875309
0.956991
0.584096
0.664519
0.288742
0.673763
0.479554
0.357933
0.997778
0.595835
0.0784298
0.287893
0.596953
0.986605
0.918911
0.572862
0.866561
0.302273
0.701883
0.961396
0.792188
0.696204
0.686834
0.990872
0.901759
0.761369
0.304546
0.93899
0.706965
0.315318
0.970397
0.948548
0.174891
0.679538
0.568392
0.151839
0.416704
0.997943
0.200364
0.097209
0.0463258
0.441563
0.958826
0.606751
0.991119
0.824498
0.88863
0.686245
0.33405
0.836203
0.764676
0.897499
0.217633
0.933847
0.516954
0.268347
0.834423
0.874395
0.966823
0.743685
0.115383
0.998358
0.999997
0.965817
0.846657
0.99885
0.864574
0.969352
0.226702
0.651946
0.182513
0.992205
0.657627
0.817927
0.393658
0.862292
0.239848
0.0512065
0.912666
0.262247
0.0412206
0.909847
0.594821
0.96819
0.79128
0.073245
0.988356
0.0370887
0.81173
0.889376
0.895927
0.98593
0.232329
0.918804
0.775541
0.986631
0.972784
0.628978
0.999387
0.0618091
0.311746
0.272735
0.64221
0.621932
0.92287
0.998735
0.306231
0.0332645
0.792015
0.403013
0.351979
0.0740457
0.990157
0.0580684
0.564981
0.999163
0.952197
0.533244
0.950218
0.764513
0.00811819
0.993214
0.801324
0.793743
0.990207
0.816591
0.969112
0.541581
0.567205
0.986621
0.601797
0.999972
0.942745
0.618618
0.767748
0.00518108
0.76735
0.0296547
0.999809
0.637155
0.135422
0.538838
0.167588
0.904507
0.646491
0.755305
0.956651
0.738816
0.930555
0.536817
0.321814
0.997903
0.959994
0.814114
0.682522
0.9818
0.712205
0.985146
0.995624
0.919948
0.46965
0.98196
0.344566
0.597437
0.988957
0.915288
0.947702
0.578408
0.0879705
0.639972
0.517498
0.933532
0.105939
0.984715
0.252546
0.983505
0.249062
0.999136
0.544309
0.974678
0.900991
0.969023
0.60685
0.224558
0.799174
0.722714
0.697527
0.789167
0.317342
0.694124
0.572367
0.954816
0.0718456
0.552325
0.401347
0.127878
0.998682
0.723358
0.712085
0.780165
0.356496
0.158212
0.353231
0.880001
0.931822
0.96015
0.887192
0.624275
0.994821
0.14828
0.483662
0.999994
0.99999
0.730759
0.105407
0.91535
0.16023
0.774459
0.613621
0.266306
0.691782
0.930911
0.564228
0.972503
0.515828
0.537638
0.222765
0.12489
0.959491
0.226617
0.478182
0.701759
0.976876
0.589544
0.993826
0.85967
0.926836
0.988595
0.530539
0.623027
0.999822
0.943507
0.142632
0.550268
0.99696
0.999933
0.198793
0.822276
0.999723
0.716029
0.163268
0.269569
0.369244
0.579059
0.00781248
0.986839
0.836225
0.291034
0.876327
0.905056
0.996165
0.878131
0.680246
0.342318
0.994887
0.999828
0.998053
0.481944
0.983612
0.95299
0.362874
0.0565782
0.231353
0.566361
0.950189
0.335209
0.934987
0.969553
0.183956
0.68354
0.444008
0.00819027
0.753275
0.854458
0.910887
0.724667
0.291751
0.974738
0.70879
0.00739292
0.765119
0.0821099
0.0681184
0.172696
0.883804
0.720885
0.997971
0.89359
0.999419
0.108168
0.314605
0.504118
0.99939
0.833064
0.31218
0.897853
0.0566987
0.667456
0.0330438
0.566726
0.849372
0.958365
0.91152
0.406428
0.994914
0.199304
0.960492
0.45101
0.975208
0.954337
0.723968
0.0219738
0.750825
0.884674
0.938865
0.5111
0.765585
0.761097
0.844038
0.0277066
0.21387
0.30143
0.174349
0.783535
0.99542
0.832605
0.485435
0.957407
0.956759
0.518848
0.347664
0.808426
0.986546
0.82845
0.570726
0.473484
0.725233
0.0036009
0.452119
0.999913
0.311275
0.0895005
0.260556
0.79385
0.859582
0.992487
0.965954
0.0046688
0.59194
0.469273
0.932387
0.994561
0.949534
0.885997
0.323279
0.324677
0.910372
0.581552
0.780458
0.942666
0.939706
0.132869
0.990747
0.637096
0.852044
0.951625
0.68187
0.431212
0.519406
0.655124
0.415656
0.628923
0.748881
0.922414
0.102483
0.778197
0.469803
0.117861
0.193531
0.581931
0.383688
0.715381
0.749728
0.442303
0.991341
0.343624
0.918721
0.670012
0.0974054
0.995411
0.755279
0.990576
0.0485225
0.928782
0.826926
0.0363142
0.934962
0.588666
0.915967
0.0163165
0.323319
0.852795
0.999708
0.950432
0.969541
0.78163
0.380094
0.0793066
0.825685
0.207133
0.999953
0.607287
0.999866
0.218266
0.985194
0.996897
0.995814
0.775495
0.943529
0.709457
0.787164
0.856491
0.283269
0.452148
0.353572
0.630757
0.754846
0.884304
0.16259
0.00502764
0.541508
0.706146
0.577891
0.965231
0.347994
0.985833
0.339734
0.814949
0.891239
0.845023
0.998809
0.953899
0.322597
0.99679
0.700899
0.487032
0.92983
0.189319
0.769234
0.787921
0.651999
0.222938
0.975449
0.848243
0.746438
0.583036
0.852997
0.955721
0.804565
0.46648
0.34702
0.721218
0.326841
0.587578
0.980571
0.967726
0.947777
0.0631824
0.998469
0.904455
0.353591
0.790167
0.339921
0.977084
0.731085
0.773627
0.320138
0.610069
0.314567
0.988025
0.215657
0.0521351
0.534471
0.991303
0.999727
0.962212
0.869168
0.949227
0.506478
0.945787
0.43115
0.838988
0.498082
0.808141
0.699328
0.63636
0.0331741
0.6124
0.907467
0.210608
0.52379
0.778324
0.739629
0.859252
0.722308
0.964107
0.933434
0.516367
0.379785
0.32988
0.591775
0.996208
0.672002
0.938501
0.999067
0.111545
0.195709
0.990645
0.484596
0.992432
0.941126
0.98601
0.401959
0.612114
0.0238303
0.74314
0.0832106
0.316578
0.602198
0.732758
0.967467
0.285212
0.931093
0.99545
0.525929
0.379394
0.999803
0.590136
0.95473
0.203249
0.972047
0.930603
0.59172
0.818719
0.286065
0.750696
0.0660055
0.794779
0.686043
0.375409
0.810634
0.581261
0.684989
0.0336785
0.415397
0.911823
0.111914
0.000685042
0.844969
0.756146
0.50413
0.956793
0.355774
0.984917
0.997634
0.934459
0.535762
0.716552
0.929841
0.71662
0.491822
0.999941
0.919017
0.603127
0.327146
0.175883
0.240111
0.721401
0.799888
0.49065
0.972797
0.190602
0.492512
0.673775
0.569358
0.984961
0.985946
0.923661
0.729496
0.724903
0.195279
0.977229
0.355216
0.355816
0.707225
0.243799
0.0304049
0.859699
0.861954
0.959393
0.781969
0.258561
0.946245
0.237134
0.783055
0.942144
0.0247711
0.56995
0.568521
0.985973
0.0928623
0.410378
0.192632
0.989836
0.933109
0.997416
0.509482
0.745071
0.61951
0.0530899
0.00959051
0.3944
0.466618
0.494477
0.829688
0.969821
0.981718
0.999902
0.854326
0.864507
0.765867
0.764244
0.225434
0.520993
0.0293906
0.989883
0.0953272
0.922302
0.738608
0.218863
0.00018982
0.236207
0.0719205
0.290201
0.991976
0.189021
0.69734
0.973436
0.756762
0.79534
0.673795
0.912064
0.672377
0.0757823
0.931373
0.0380813
0.601047
0.372679
0.618203
0.341518
0.995165
0.222244
0.0815933
0.298756
0.533487
0.983991
0.822349
0.827421
0.98397
0.200332
0.328526
0.760739
0.787747
0.832257
0.589006
0.148945
0.989526
0.853491
0.119571
0.120465
0.977039
0.849251
0.072619
0.810588
0.413928
0.609785
0.989459
0.0756138
0.354008
0.939791
0.530685
0.539855
0.970774
0.859928
0.87745
0.894203
0.527265
0.999578
0.918346
0.584619
0.457064
0.600615
0.674857
0.285177
0.518357
0.975703
0.656919
0.990726
0.566377
0.753925
0.962444
0.085245
0.970231
0.359737
0.879262
0.59933
0.194371
0.0791413
0.785708
0.496399
0.376979
0.419317
0.988475
0.597004
0.998877
0.11142
0.72521
0.0130926
0.984223
0.814444
0.88738
0.518485
0.516759
0.049375
0.0798046
0.58369
0.84422
0.0847307
0.961002
0.343133
0.11159
0.913502
0.373715
0.832332
0.740282
0.705029
0.966004
0.377649
0.846159
0.831557
0.93236
0.975702
0.89739
0.427219
0.050824
0.818402
0.280913
0.871861
0.999786
0.664627
0.250977
0.575823
0.999866
0.99624
0.125971
0.317425
0.963933
0.991189
0.502591
0.337396
0.847699
0.167459
0.997425
0.914481
0.972536
0.0137708
0.999748
0.99164
0.0327145
0.654527
0.720206
0.281996
0.998903
0.447879
0.880994
0.0075116
0.887458
0.587862
0.906154
0.752821
0.238107
0.969004
0.480079
0.0348493
0.993527
0.954614
0.357771
0.702635
0.999895
0.968113
0.672313
0.889632
0.509043
0.989262
0.995172
0.20334
0.806623
0.93282
0.00569495
0.0669772
0.974125
0.994964
0.896485
0.369937
0.0659929
0.961967
0.919622
0.993691
0.871722
0.872849
0.286028
0.884189
0.240858
0.764658
0.806496
0.84679
0.983775
0.464654
0.742113
0.98694
0.878145
0.0766355
0.995464
0.99469
0.978559
0.982888
0.62181
0.972452
0.988629
0.99714
0.999834
0.184036
0.664643
0.949701
0.704047
0.379585
0.0323691
0.42738
0.00399665
0.815263
0.180422
0.999428
0.913691
0.744674
0.128714
0.91766
0.269046
0.0429188
0.901417
0.994933
0.874662
0.796816
0.892042
0.526073
0.737211
0.202084
0.99963
0.546504
0.772234
0.176871
0.992845
0.289715
0.123487
0.847568
0.733179
0.545215
0.696028
0.32716
0.658427
0.955605
0.26866
0.281182
0.367475
0.709538
0.278879
0.909043
0.854586
0.599295
0.43973
0.495246
0.0372323
0.967026
0.753798
0.0866416
0.589128
0.707363
0.887768
0.714052
0.800788
0.173029
0.849393
0.469115
0.997382
0.332672
0.849866
0.629061
0.321504
0.85628
0.861299
0.432829
0.807864
0.115635
0.97308
0.761288
0.987011
0.0998263
0.445998
0.662283
0.949491
0.0354311
0.168157
0.998122
0.705137
0.486906
0.836697
0.535985
0.776076
0.251495
0.287079
0.999168
0.940908
0.644081
0.958482
0.0582706
0.99546
0.112605
0.942346
0.534487
0.96958
0.650286
0.939999
0.804889
0.973727
0.992571
0.266757
0.93322
0.942834
0.926486
0.590735
0.99911
0.92291
0.896378
0.997963
0.490848
0.280471
0.601779
0.216724
0.98676
0.89188
0.990869
0.442306
0.943992
0.770204
0.987454
0.674966
0.965646
0.14448
0.987339
0.941709
0.798144
0.327397
0.627421
0.828391
0.968744
0.99923
0.987435
0.412354
0.998926
0.29177
0.996374
0.962013
0.802354
0.872113
0.999997
0.256109
0.974379
0.801474
0.413658
0.382945
0.450581
0.998086
0.893816
0.872348
0.93654
0.971272
0.64186
0.699827
0.256015
0.733218
0.47238
0.968801
0.767034
0.989838
0.96905
0.986655
0.97926
0.665955
0.070177
0.77713
0.563961
0.798813
0.4449
0.0692633
0.874028
0.254403
0.805402
0.332539
0.121942
0.964975
0.303832
0.721836
0.448008
0.693504
0.926253
0.118562
0.58306
0.31444
0.643097
0.260198
0.999939
0.771835
0.924884
0.940443
0.956846
0.954152
0.804473
0.962627
0.652884
0.377775
0.58402
0.736391
0.656061
0.907578
0.951927
0.520436
0.997639
0.935307
0.61738
0.918596
0.668385
0.382698
0.703459
0.212401
0.304184
0.830711
0.151018
0.211443
0.162324
0.551354
0.725838
0.526883
0.51921
0.809952
0.938688
0.0122659
0.974348
0.412137
0.631829
0.974079
0.144087
0.336118
0.81739
0.437602
0.95586
0.524918
0.876275
0.0185785
0.0256181
0.239291
0.151047
0.549599
0.910796
0.930518
0.855726
0.961533
0.959298
0.761029
0.972899
0.0918067
0.997809
0.995073
0.796359
0.0436661
0.534475
0.997461
0.39537
0.386059
0.341018
0.96903
0.50454
0.648472
0.676492
0.734096
0.996532
0.987407
0.0744429
0.989028
0.405336
0.98368
0.970372
0.990784
0.896919
0.748385
0.225053
0.744385
0.55976
0.900006
0.0700008
0.468902
0.453994
0.982384
0.684722
0.0771993
0.999878
0.665276
0.802527
0.655173
0.197396
0.45505
0.24099
0.688134
0.248642
0.996678
0.92225
0.733201
0.145253
0.630295
0.999773
0.94777
0.219983
0.786639
0.725458
0.403393
0.870626
0.787065
0.807034
0.66732
0.212288
0.948428
0.283683
0.0663994
0.654071
0.68839
0.909905
0.576241
0.446186
0.622826
0.837448
0.762161
0.99902
0.868407
0.788597
0.797069
0.536506
0.981492
0.190919
0.948156
0.933894
0.369659
0.463802
0.0846407
0.33535
0.374637
0.454509
0.646828
0.986684
0.978391
0.979547
0.810204
0.902852
0.398136
0.998809
0.933595
0.963414
0.981916
0.325317
0.220704
0.80348
0.747782
0.307479
0.999546
0.748954
0.864623
0.442178
0.853107
0.992238
0.749385
0.00729422
0.39127
0.922619
0.0205369
0.95979
0.188899
0.555635
0.919764
0.00698711
0.709745
0.49721
0.871918
0.726026
0.514565
0.690223
0.208947
0.553938
0.824787
0.24676
0.0031396
0.817844
0.902365
0.644349
0.891669
0.236836
0.990069
0.603664
0.999774
0.499092
0.55183
0.772511
0.636827
0.967207
0.188976
0.369375
0.651518
0.467623
0.980401
0.926959
0.40136
0.997417
0.968195
0.162817
0.429954
0.744081
0.640536
0.977297
0.542685
0.352278
0.518037
0.95415
0.999645
0.0102077
0.999481
0.850328
0.0975432
0.522885
0.292824
0.0240713
0.351422
0.975577
0.58312
0.291057
0.121078
0.996407
0.90304
0.751912
0.900802
0.284511
0.913108
0.995757
0.391978
0.931295
0.588442
0.951015
0.804707
0.228875
0.0805429
0.889835
0.708896
0.565453
0.573428
0.235329
0.981952
0.959447
0.92167
0.862373
0.0578926
0.0841302
0.718208
0.78351
0.373702
0.434956
0.842339
0.734476
0.929515
0.97312
0.803918
0.0525972
0.968552
0.387359
0.289055
0.918768
0.939959
0.98164
0.981415
0.999651
0.824439
0.984961
0.32874
0.452783
0.99868
0.936524
0.275885
0.982625
0.0746563
0.779731
0.921454
0.0497048
0.81671
0.842656
0.383118
0.495669
0.205944
0.831102
0.303026
0.717775
0.973061
0.049221
0.568638
0.851328
0.0522991
0.985833
0.0758974
0.354405
0.0278418
0.943857
0.129728
0.403828
0.723239
0.764373
0.741949
0.881457
0.981472
0.910707
0.125675
0.0642351
0.457834
0.728091
0.280082
0.99851
0.897376
0.457666
0.929176
0.233502
0.37932
0.552705
0.226424
0.25779
0.117998
0.172737
0.998981
0.42841
0.719822
0.510209
0.988823
0.958858
0.849476
0.749005
0.817604
0.768806
0.71678
0.927839
0.0995575
0.994721
0.574231
0.216282
0.775424
0.773452
0.942001
0.148996
0.266047
0.999823
0.492303
0.356607
0.587648
0.999111
0.666891
0.989913
0.67416
0.973785
0.0535192
0.809147
0.994817
0.177708
0.896661
0.957759
0.331929
0.569421
0.216609
0.850342
0.499218
0.985036
0.999999
0.107885
0.271065
0.84927
0.468614
0.622395
0.938866
0.59458
0.536376
0.493797
0.37627
0.99998
0.812795
0.985572
0.189536
0.725958
0.991378
0.914281
0.533949
0.995887
0.318106
0.237034
0.598215
0.889236
0.424501
0.86338
0.613698
0.983916
0.0353035
0.848995
0.762644
0.994612
0.937206
0.0361253
0.332084
0.324372
0.296009
0.957974
0.818141
0.981555
0.853512
0.699583
0.49015
0.978819
0.0605946
0.998041
0.758467
0.737549
0.586383
0.993549
0.994862
0.792905
0.214525
0.962587
0.293375
0.508501
0.132372
0.782744
0.21146
0.0773858
0.761728
0.0254968
0.848866
0.993973
0.999969
0.914778
0.901319
0.302829
0.929113
0.463935
0.0416643
0.777092
0.228014
0.000756585
0.786255
0.778551
0.975097
0.531991
0.499307
0.140972
0.886942
0.446477
0.235742
0.330922
0.905217
0.998938
0.163233
0.817979
0.663999
0.611886
0.847636
0.999994
0.738837
0.994717
0.946102
0.417141
0.309058
0.555284
0.827385
0.86991
0.239658
0.207453
0.317895
0.782137
0.48226
0.613262
0.562626
0.924611
0.990932
0.601566
0.740494
0.946015
0.891482
0.565308
0.713851
0.760555
0.266022
0.0823818
0.710962
0.822012
0.00307598
0.588393
0.803899
0.293023
0.938826
0.632447
0.588384
0.939992
0.996188
0.997976
0.424374
0.949981
0.563559
0.843036
0.405576
0.587107
0.177109
0.553692
0.901795
0.36523
0.977017
0.658194
0.838135
0.326917
0.244176
0.311561
0.416628
0.14539
0.453178
0.392172
0.432556
0.031029
0.0436691
0.774469
0.501901
0.41609
0.279611
0.133191
0.931409
0.836839
0.999998
0.993835
0.189497
0.39842
0.986512
0.999982
0.957477
0.816922
0.421682
0.79211
0.881268
0.274212
0.943112
0.99891
0.689012
0.856925
0.88691
0.670784
0.949291
0.639688
0.820821
0.278103
0.45016
0.448303
0.957032
0.996811
0.407411
0.341823
0.672113
0.551397
0.731945
0.120082
0.393391
0.999786
0.145043
0.262616
0.612927
0.907419
0.848684
0.380201
0.753539
0.777557
0.268732
0.982833
0.755226
0.695299
0.984593
0.660432
0.132003
0.189784
0.995834
0.828737
0.973467
0.0385534
0.858412
0.75865
0.714811
0.553404
0.953528
0.999792
0.800638
0.683096
0.209155
0.981806
0.46985
0.841031
0.23026
0.985336
0.132718
0.00177594
0.255889
0.405642
0.684845
0.969255
0.999952
0.875906
0.332082
0.336619
0.995565
0.0260728
0.8685
0.892076
0.996997
0.560007
0.983546
0.999767
0.868853
0.326599
0.896863
0.2271
0.375078
0.967531
0.189167
0.820293
0.775608
0.767204
0.984976
0.645126
0.993247
0.847992
0.969204
0.120719
0.953105
0.931899
0.987794
0.322663
0.81958
0.349622
0.210985
0.675357
0.997407
0.986442
0.938479
0.989996
0.570733
0.632728
0.837252
0.997288
0.949154
0.96091
0.528624
0.825705
0.885433
0.858394
0.720375
0.262486
0.259335
0.597114
0.999897
0.332079
0.97102
0.979556
0.453856
0.587853
0.447178
0.72746
0.282031
0.712647
0.221938
0.82196
0.511262
0.210895
0.426897
0.99965
0.939641
0.848822
0.360342
0.963904
0.995844
0.516023
0.826891
0.211604
0.809957
0.136705
0.747652
0.317248
0.371702
0.920342
0.585775
0.725026
0.978085
0.0186478
0.307524
0.749474
0.103977
0.320382
0.867633
0.920927
0.0681687
0.537448
0.0367781
0.323529
0.0127597
0.886201
0.568574
0.879978
0.960819
0.854402
0.114994
0.766124
0.00819694
0.4213
0.0671403
0.423478
0.861618
0.981442
0.430791
0.73582
0.670466
0.227791
0.952926
0.656496
0.181015
0.11174
0.951054
0.814886
0.920301
0.538592
0.0885569
0.99985
0.938657
0.909786
0.625721
0.436427
0.030718
0.474136
0.00192128
0.608616
0.312287
0.82979
0.698171
0.148937
0.995625
0.999288
0.984342
0.984444
0.716703
0.218883
0.982781
0.996355
0.277049
0.426551
0.969373
0.550923
0.547971
0.838679
0.949329
0.991934
0.842599
0.660635
0.818857
0.812838
0.528788
0.783266
0.99922
0.663057
0.764211
0.517177
0.73839
0.568287
0.996671
0.0778483
0.0511791
0.734233
0.645424
0.914378
0.997715
0.49274
0.987004
0.817314
0.336394
0.969163
0.768757
0.0468897
0.394617
0.0222677
0.371592
0.956721
0.736152
0.805113
0.970411
0.278947
0.615102
0.679992
0.999586
0.97756
0.993357
0.380381
0.264307
0.777669
0.030893
0.742846
0.408632
0.760159
0.999995
0.788821
0.842398
0.980863
0.100173
0.470475
0.629219
0.899717
0.971447
0.531652
0.159829
0.0132865
0.833764
0.745495
0.928039
0.296448
0.604856
0.905878
0.235568
0.068169
0.913442
0.582126
0.715367
0.471794
0.412851
0.268155
0.266206
0.995691
0.941833
0.519099
0.479401
0.990179
0.62859
0.237323
0.715489
0.817416
0.451482
0.853914
0.119207
0.940909
0.591375
0.898891
0.861426
0.999958
0.461502
0.103729
0.602064
0.782206
0.117748
0.7932
0.670294
0.268066
0.815161
0.288947
0.995517
0.940564
0.677722
0.999858
0.716827
0.918492
0.533067
0.127137
0.723339
0.987807
0.124059
0.199511
0.543183
0.329104
0.233265
0.992482
0.930976
0.868416
0.779144
0.785066
0.921969
0.864875
0.419978
0.748079
0.50827
0.995633
0.513979
0.997378
0.812024
0.997907
0.151197
0.690928
0.470668
0.97442
0.507193
0.246686
0.839305
0.726314
0.93835
0.559368
0.827867
0.903233
0.854906
0.903814
0.887296
0.999597
0.794109
0.808115
0.134848
0.165348
0.667317
0.400357
0.991567
0.852076
0.999981
0.999144
0.807507
0.998634
0.910569
0.924997
0.579054
0.933841
0.193955
0.75273
0.998522
0.347751
0.821994
0.0471763
0.989065
0.416366
0.24525
0.481988
0.923037
0.901566
0.744401
0.32622
0.791502
0.122778
0.0936492
0.127646
0.240409
0.990706
0.565325
0.748111
0.603454
0.527204
0.952196
0.606896
0.506172
0.97421
0.574048
0.967142
0.972794
0.290472
0.0972072
0.796492
0.525579
0.932299
0.220251
0.754394
0.699589
0.591149
0.350266
0.380692
0.23095
0.0699209
0.897257
0.487361
0.885368
0.817173
0.965224
0.522347
0.975768
0.165891
0.255028
0.872462
0.128538
0.428621
0.944369
0.523259
0.975845
0.771104
0.755361
0.895616
0.439989
0.686156
0.0810147
0.9575
0.00715929
0.932133
0.231637
0.802164
0.313636
0.172151
0.0326479
0.00461095
0.387275
0.931343
0.903833
0.252891
0.530464
0.418199
0.875411
0.996149
0.696204
0.655986
0.97192
0.999641
0.662031
0.922362
0.768377
0.71159
0.913037
0.502233
0.863159
0.999647
0.700245
0.293065
0.0293529
0.733194
0.76427
0.0451838
0.363073
0.99982
0.108067
0.800135
0.876433
0.927977
0.928617
0.514272
0.0904909
0.398005
0.991886
0.619884
0.955974
0.545991
0.435723
0.856601
0.920207
0.901985
0.09795
0.631258
0.665173
0.666658
0.995393
0.807081
0.543105
0.997883
0.924909
0.122703
0.803991
0.909502
0.381985
0.1255
0.997534
0.602867
0.110562
0.11479
0.515827
0.687823
0.992664
0.933264
0.870431
0.681823
0.927772
0.43332
0.929002
0.0413603
0.540841
0.633266
0.985337
0.52291
0.761275
0.900337
0.994648
0.758578
0.971565
0.980197
0.712206
0.567752
0.822274
0.0966172
0.999982
0.986076
0.15282
0.158683
0.213525
0.626763
0.952685
0.846034
0.99434
0.908029
0.708084
0.506991
0.99562
0.639492
0.576378
0.401086
0.693968
0.959377
0.993412
0.976859
0.461497
0.742477
0.0599794
0.990667
0.635916
0.984189
0.447426
0.977952
0.998914
0.882358
0.996906
0.100157
0.532293
0.486794
0.251853
0.94631
0.631739
0.82406
0.731715
0.193148
0.797357
0.0260001
0.91197
0.882108
0.996373
0.496811
0.799216
0.953466
0.10472
0.980289
0.294444
0.223513
0.877334
0.980102
0.295235
0.999713
0.755503
0.997745
0.415054
0.99896
0.56772
0.864199
0.148495
0.0389654
0.980888
0.525224
0.993716
0.999546
0.849329
0.975947
0.996301
0.932449
0.923777
0.731538
0.952677
0.766445
0.877165
0.404168
0.0905384
0.088775
0.743142
0.65224
0.31865
0.562816
0.988121
0.920986
0.897925
0.118788
0.89905
0.906745
0.319355
0.524549
0.553708
0.484487
0.452648
0.928265
0.36133
0.751765
0.455548
0.744959
0.719691
0.202355
0.0236066
0.953938
0.600102
0.718272
0.805657
0.729403
0.999574
0.853981
0.647204
0.865979
0.306801
0.461632
0.206542
0.826463
0.932258
0.997009
0.0820544
0.911848
0.961974
0.775595
0.592048
0.7685
0.307267
0.707342
0.741473
0.281135
0.554391
0.0717658
0.786127
0.722775
0.849772
0.147194
0.27949
0.648986
0.58095
0.0217792
0.990298
0.231222
0.158915
0.506781
0.230469
0.728772
0.998621
0.996167
0.647583
0.757411
0.993889
0.205768
0.359146
0.999144
0.996039
0.189946
0.794737
0.980311
0.259219
0.999614
0.878236
0.228927
0.259015
0.798638
0.999473
0.156466
0.0942933
0.841375
0.42986
0.927643
0.721349
0.757645
0.92795
0.136977
0.00233394
0.498559
0.594835
0.490134
0.54529
0.865955
0.344448
0.0523626
0.974781
0.175516
0.951913
0.446049
0.792968
0.666344
0.313562
0.103318
0.351715
0.138231
0.0647605
0.765309
0.975855
0.939425
0.924753
0.979098
0.696379
0.44921
0.881683
0.808545
0.969938
0.378546
0.00856155
0.0320386
0.609835
0.380488
0.516059
0.97893
0.788237
0.643116
0.0723985
0.817458
0.926915
0.342877
0.991244
0.663815
0.357349
0.211463
0.95634
0.970797
0.949232
0.972064
0.540948
0.0655232
0.236414
0.934705
0.887416
0.578078
0.42594
0.287088
0.137059
0.847695
0.438357
0.662686
0.224142
0.952034
0.98669
0.992906
0.188669
0.424845
0.817942
0.771403
0.913845
0.293268
0.584808
0.976142
0.229315
0.0213851
0.589232
0.441253
0.310096
0.947076
0.586682
0.666593
0.79763
0.989793
0.847875
0.89468
0.181442
0.537219
0.356004
0.980606
0.580628
0.963194
0.207055
0.511937
0.876113
0.753714
0.955722
0.81995
0.736841
0.303747
0.643844
0.877611
0.509614
0.900017
0.853465
0.995791
0.594452
0.512403
0.907508
0.980903
0.32661
0.999476
0.0492635
0.991831
0.937416
0.791477
0.069077
0.361535
0.413471
0.0504545
0.0389985
0.0129898
0.9742
0.02237
0.969455
0.324228
0.596362
0.272416
0.670913
0.316245
0.689369
0.088984
0.870605
0.0807285
0.225662
0.672631
0.962865
0.0299755
0.827061
0.582918
0.210338
0.982367
0.945168
0.89068
0.0993329
0.36155
0.0617384
0.450949
0.997825
0.754914
0.856896
0.00509702
0.323644
0.837853
0.042539
0.0712863
0.955008
0.937641
0.0501106
0.127034
0.60554
0.949076
0.768949
0.988629
0.825182
0.856131
0.450681
0.696596
0.977465
0.868357
0.794419
0.52621
0.144933
0.663593
0.338906
0.888277
0.73195
0.832063
0.286318
0.0810637
0.285305
0.322671
0.536126
0.108423
0.660306
0.128908
0.192584
0.376681
0.163006
0.493791
0.738713
0.323004
0.18901
0.999833
0.379989
0.0318514
0.63888
0.444595
0.0243089
0.967797
0.96567
0.687495
0.893288
0.394193
0.45863
0.999754
0.227755
0.231719
0.448372
0.19474
0.857571
0.458922
0.936064
0.981836
0.956213
0.766911
0.903751
0.995984
0.245885
0.307074
0.611069
0.699566
0.991275
0.984525
0.993395
0.874836
0.594099
0.986551
0.951871
0.998838
0.65821
0.999475
0.906926
0.608162
0.34695
0.9777
0.105109
0.999412
0.810049
0.655615
0.556616
0.807951
0.554507
0.419259
0.554048
0.775889
0.633814
0.0411916
0.905728
0.984647
0.252624
0.834496
0.463032
0.941505
0.462239
0.141397
0.668618
0.59487
0.44848
0.428636
0.186674
0.960786
0.189265
0.186576
0.994471
0.895174
0.151151
0.937749
0.880939
0.873275
0.7844
0.639538
0.951879
0.284912
0.999513
0.925442
0.410707
0.320807
0.999356
0.953025
0.32532
0.714027
0.867512
0.828337
0.93565
0.262799
0.336045
0.658832
0.920745
0.486517
0.970944
0.990375
0.504004
0.969627
0.925759
0.908601
0.706825
0.861287
0.416361
0.849073
0.773089
0.985757
0.97459
0.994463
0.451918
0.999992
0.701287
0.188705
0.965147
0.927994
0.999585
0.777804
0.943213
0.513742
0.892564
0.310661
0.931318
0.435465
0.9188
0.364128
0.0357011
0.0419543
0.590662
0.0333834
0.660728
0.253701
0.856615
0.859043
0.794489
0.95254
0.209333
0.412591
0.943001
0.631261
0.692898
0.670892
0.765566
0.278854
0.711853
0.996824
0.590222
0.979689
0.651629
0.97124
0.945338
0.85859
0.74589
0.876133
0.989822
0.379987
0.705056
0.68007
0.25979
0.43563
0.72924
0.877797
0.588782
0.791845
0.797048
0.747142
0.22668
0.968352
0.233062
0.994755
0.994699
0.8625
0.780846
0.833423
0.983209
0.555886
0.711047
0.926157
0.496122
0.968695
0.426936
0.776424
0.975503
0.956316
0.970463
0.994692
0.0131643
0.2446
0.222972
0.94254
0.819371
0.825888
0.782156
0.585482
0.980117
0.604987
0.263293
0.696548
0.837864
0.819068
0.254599
0.482941
0.953335
0.234364
0.0702532
0.791098
0.349204
0.381158
0.955666
0.757723
0.824747
0.659059
0.221081
0.095572
0.671951
0.211315
0.945307
0.371609
0.86681
0.994078
0.151644
0.918352
0.986108
0.999033
0.995307
0.654747
0.870069
0.974185
0.586123
0.999169
0.714829
0.225763
0.19095
0.999985
0.985485
0.962627
0.488887
0.348959
0.993936
0.15992
0.999794
0.636819
0.979283
0.989896
0.928606
0.358053
0.991759
0.0190914
0.970426
0.551912
0.393914
0.844184
0.270759
0.0576103
0.31006
0.968681
0.896697
0.218566
0.994679
0.447539
0.176327
0.987701
0.821313
0.999201
0.982618
0.820955
0.98654
0.421953
0.886098
0.90732
0.281483
0.668519
0.0727053
0.642732
0.0263936
0.541428
0.955325
0.660151
0.680485
0.861054
0.682014
0.999224
0.995112
0.902616
0.577105
0.0951431
0.221296
0.97989
0.448249
0.235437
0.722692
0.513378
0.330974
0.999412
0.807234
0.753481
0.976943
0.437386
0.998139
0.278176
0.718709
0.263013
0.279253
0.242168
0.155102
0.0770193
0.0697906
0.309196
0.191595
0.792532
0.783058
0.817514
0.619587
0.985192
0.414598
0.754966
0.376915
0.226167
0.973983
0.793658
0.60096
0.546208
0.985159
0.973269
0.587317
0.999998
0.576883
0.896198
0.852842
0.998994
0.130978
0.0861261
0.939062
0.82104
0.145384
0.874085
0.323313
0.944506
0.96857
0.590457
0.863953
0.0208064
0.249196
0.988063
0.178738
0.815412
0.182737
0.972032
0.849063
0.909022
0.586032
0.410166
0.340186
0.956346
0.750522
0.951294
0.974355
0.145289
0.440074
0.847783
0.690882
0.00813504
0.986791
0.801689
0.939306
0.910875
0.395708
0.0915862
0.44869
0.975241
0.61065
0.547153
0.873634
0.705797
0.707783
0.0211687
0.461459
0.390213
0.888029
0.736583
0.692719
0.591841
0.647171
0.548993
0.72117
0.0574798
0.349207
0.135879
0.746862
0.980896
0.151318
0.945185
0.992076
0.959708
0.278418
0.43896
0.559042
0.987488
0.902024
0.000929894
0.765244
0.499342
0.936518
0.93137
0.981788
0.405917
0.734984
0.106962
0.999613
0.9885
0.844673
0.520515
0.294885
0.852702
0.764149
0.948123
0.787447
0.324256
0.530027
0.491203
0.234572
0.980934
0.459897
0.88824
0.601994
0.994515
0.900813
0.969628
0.97803
0.107024
0.782584
0.76643
0.752978
0.788583
0.996317
0.30904
0.973773
0.277123
0.731902
0.829582
0.962647
0.964806
0.549103
0.16665
0.936326
0.452823
0.508171
0.98014
0.526746
0.483677
0.993102
0.980675
0.998261
0.018346
0.58602
0.775517
0.969155
0.98977
0.852896
0.52728
0.41073
0.999784
0.999735
0.175799
0.976174
0.869787
0.655461
0.384178
0.516858
0.979961
0.984824
0.16269
0.990307
0.144017
0.751652
0.928206
0.00585161
0.125942
0.835676
0.686024
0.98895
0.891638
0.899159
0.0473195
0.642721
0.281401
0.913604
0.435418
0.986177
0.4717
0.124922
0.999339
0.654893
0.803555
0.868177
0.938593
0.0551505
0.995023
0.926622
0.312286
0.948085
0.501304
0.0146546
0.874839
0.986807
0.962753
0.968489
0.351565
0.696329
0.727183
0.600999
0.787421
0.914695
0.999545
0.635944
0.847482
0.990923
0.963938
0.332051
0.99849
0.974328
0.760708
0.781774
0.355712
0.0912222
0.962761
0.160808
0.981949
0.6276
0.764632
0.885939
0.990126
0.420736
0.403205
0.79484
0.723229
0.148493
0.766291
0.321036
0.620301
0.164615
0.58681
0.960429
0.458618
0.516625
0.331
0.971963
0.159935
0.49042
0.994408
0.848311
0.825454
0.689092
0.562266
0.752802
0.934388
0.578406
0.879985
0.984035
0.388836
0.680474
0.789665
0.222451
0.206634
0.99904
0.20712
0.882778
0.900553
0.887768
0.575333
0.180086
0.10434
0.623186
0.506329
0.900626
0.144099
0.75658
0.999999
0.960283
0.152955
0.754663
0.475892
0.999996
0.845695
0.886347
0.267345
0.149858
0.565157
0.99997
0.285261
0.851793
0.910655
0.604836
0.821798
0.935798
0.668097
0.989207
0.974732
0.828142
0.151704
0.987775
0.96125
0.968819
0.81831
0.437085
0.242068
0.0775007
0.0255958
0.899578
0.0239528
0.996481
0.926629
0.78094
0.979357
0.975323
0.773118
0.982322
0.310089
0.727444
0.894345
0.604342
0.539154
0.999769
0.971495
0.900385
0.87283
0.888169
0.940419
0.828369
0.978871
0.727349
0.243417
0.948469
0.581825
0.0843137
0.999846
0.309822
0.54056
0.985742
0.999818
0.470058
0.610205
0.686311
0.97872
0.416615
0.3583
0.78857
0.992339
0.9282
0.335983
0.952512
0.882961
0.0903219
0.327498
0.709232
0.431355
0.857894
0.478986
0.864021
0.650703
0.983777
0.626928
0.857185
0.176891
0.255157
0.995179
0.265592
0.601062
0.725373
0.881164
0.676319
0.801515
0.449399
0.555892
0.0955269
0.800512
0.128383
0.699526
0.991619
0.291144
0.591499
0.894802
0.983265
0.463219
0.998943
0.608606
0.556569
0.45405
0.83284
0.709279
0.0155164
0.728217
0.614892
0.725125
0.716241
0.0952641
0.523965
0.970404
0.289307
0.643411
0.7677
0.121404
0.185828
0.72213
0.49163
0.970995
0.752884
0.700992
0.970332
0.9768
0.760254
0.709884
0.627859
0.0225017
0.660801
0.914031
0.0429785
0.552681
0.603187
0.857258
0.920245
0.660251
0.0363457
0.609032
0.94874
0.0585845
0.362071
0.859362
0.986703
0.737272
0.92909
0.657608
0.978858
0.549279
0.987709
0.0164205
0.979896
0.956117
0.481245
0.411275
0.976948
0.942419
0.947869
0.758451
0.85838
0.992845
0.209221
0.996197
0.659696
0.983514
0.401366
0.945227
0.132209
0.488878
0.114928
0.51361
0.432359
0.420911
0.793685
0.994433
0.915638
0.0370819
0.209245
0.998576
0.567232
0.973188
0.993604
0.910617
0.0583132
0.637978
0.631748
0.836238
0.615221
0.869483
0.958967
0.756663
0.202703
0.282832
0.949674
0.515866
0.388091
0.874012
0.481313
0.990611
0.965323
0.675687
0.650721
0.97778
0.647423
0.882872
0.257738
0.731897
0.921692
0.983984
0.228786
0.998289
0.188559
0.021241
0.360674
0.999192
0.962437
0.396019
0.461643
0.89859
0.412338
0.975742
0.562228
0.999433
0.221064
0.957642
0.993045
0.994327
0.0932636
0.995845
0.905751
0.580392
0.574656
0.0354448
0.397234
0.260698
0.997783
0.553679
0.317407
0.697688
0.797333
0.817413
0.691275
0.38459
0.415114
0.445208
0.279657
0.455449
0.0210793
0.225148
0.433114
0.989723
0.908708
0.293121
0.77274
0.997777
0.136317
0.556793
0.973057
0.969476
0.185517
0.759986
0.994749
0.554142
0.624675
0.965925
0.821109
0.799085
0.931863
0.85438
0.745116
0.77461
0.53657
0.971517
0.950249
0.993311
0.56516
0.827538
0.33313
0.939989
0.439055
0.235606
0.657118
0.997526
0.34715
0.983584
0.110763
0.576798
0.995562
0.988225
0.886142
0.146442
0.0281058
0.924864
0.110884
0.788357
0.417499
0.691856
0.493891
0.221489
0.0430055
0.77365
0.761072
0.99922
0.809613
0.536272
0.966947
0.990902
0.782203
0.999514
0.231957
0.957495
0.449736
0.978743
0.637174
0.375861
0.971732
0.18108
0.368448
0.999742
0.196213
0.45622
0.616099
0.753783
0.787552
0.858713
0.634485
0.393635
0.932332
0.508542
0.428767
0.446438
0.620671
0.898861
0.298385
0.934361
0.893541
0.739079
0.97983
0.174822
0.948692
0.999884
0.926114
0.711645
0.529985
0.973572
0.418512
0.904933
0.998449
0.0103065
0.477119
0.58355
0.307244
0.1745
0.72774
0.726431
0.720971
0.489159
0.910159
0.364916
0.433092
0.969266
0.0925771
0.102788
0.831511
0.968758
0.441424
0.990304
0.952698
0.995707
0.924554
0.999998
0.49327
0.510841
0.892606
0.0678251
0.883961
0.963258
0.700888
0.987864
0.40045
0.921508
0.900198
0.87329
0.804058
0.32131
0.503962
0.984463
0.887233
0.870513
0.892444
0.839421
0.776153
0.712558
0.727594
0.175099
0.709342
0.768291
0.897271
0.968752
0.802725
0.901496
0.592711
0.869548
0.70644
0.778676
0.576111
0.712243
0.537978
0.810997
0.994654
0.867542
0.878786
0.782625
0.995512
0.917427
0.830992
0.999445
0.257613
0.0786257
0.370513
0.836383
0.329663
0.545479
0.99685
0.218992
0.999809
0.344577
0.781159
0.999999
0.582705
0.492571
0.503297
0.534241
0.691621
0.971059
0.999912
0.744735
0.592111
0.496635
0.936573
0.623255
0.738971
0.0068924
0.865641
0.828123
0.106304
0.529251
0.496808
0.958055
0.0743751
0.404287
0.990918
0.905265
0.721934
0.178601
0.950208
0.997409
0.99844
0.291676
0.685835
0.583013
0.185831
0.83957
0.992819
0.925111
0.828745
0.996848
0.25462
0.688266
0.939373
0.00218297
0.273527
0.489769
0.84168
0.881247
0.105838
0.884983
0.625137
0.996913
0.989695
0.826448
0.404117
0.63604
0.746577
0.40671
0.767168
0.533645
0.792548
0.489917
0.871393
0.0590385
0.97069
0.982512
0.971143
0.999748
0.745918
0.703063
0.531606
0.692913
0.0148415
0.850268
0.554575
0.864401
0.78843
0.998298
0.818284
0.921492
0.972414
0.721366
0.332757
0.00608257
0.422262
0.542136
0.986818
0.346812
0.175286
0.274133
0.763293
0.255162
0.961276
0.872882
0.397826
0.642231
0.891457
0.974179
0.805704
0.944582
0.867083
0.218674
0.988874
0.419034
0.329861
0.959224
0.994217
0.963896
0.0633455
0.653175
0.217496
0.589469
0.364249
0.847941
0.982019
0.799962
0.158731
0.868769
0.99957
0.0269241
0.492546
0.551205
0.63164
0.669925
0.581188
0.899358
0.913138
0.402568
0.704499
0.726281
0.411722
0.237853
0.30674
0.42078
0.995336
0.0616249
0.652495
0.677498
0.999984
0.592142
0.977804
0.777399
0.406264
0.999432
0.418776
0.154316
0.0945054
0.682567
0.616587
0.914656
0.958886
0.535699
0.597765
0.871058
0.975145
0.340055
0.73164
0.299516
0.762914
0.201636
0.839157
0.311711
0.877901
0.995638
0.733288
0.973876
0.927836
0.994173
0.370121
0.985222
0.594252
0.789912
0.556083
0.588116
0.0122353
0.0390973
0.615751
0.751226
0.837979
0.900573
0.175177
0.699615
0.540456
0.819659
0.413689
0.379334
0.378834
0.0742569
0.363798
0.111704
0.928772
0.948069
0.848997
0.138371
0.514923
0.784518
0.996021
0.603402
0.270951
0.658766
0.969033
0.3588
0.111335
0.490686
0.686878
0.848099
0.767705
0.929324
0.180094
0.900252
0.90969
0.141985
0.508222
0.165904
0.858569
0.992312
0.535069
0.186601
0.0929098
0.431246
0.995997
0.509674
0.656641
0.975746
0.692547
0.312521
0.618273
0.761846
0.22193
0.849713
0.99772
0.917471
0.503096
0.00613147
0.248425
0.489656
0.964961
0.903023
0.997568
0.99993
0.781365
0.430615
0.193725
0.510796
0.125443
0.790239
0.768498
0.579104
0.576774
0.729934
0.616164
0.944785
0.662956
0.812574
0.646216
0.968279
0.187591
0.714566
0.279426
0.259188
0.899587
0.755281
0.456708
0.880427
0.936517
0.999623
0.394779
0.987221
0.583341
0.870462
0.818421
0.0806799
0.999831
0.523128
0.64158
0.361823
0.999402
0.974888
0.421166
0.914013
0.0277946
0.269708
0.978091
0.638184
0.474218
0.967517
0.636837
0.970578
0.624773
0.691173
0.563023
0.824335
0.895674
0.845758
0.6966
0.409018
0.165935
0.984024
0.967175
0.638494
0.140151
0.686066
0.567275
0.312261
0.188948
0.944145
0.446669
0.595827
0.232903
0.179276
0.809902
0.566111
0.400983
0.850201
0.588568
0.722274
0.784396
0.282251
0.979238
0.871238
0.514518
0.241729
0.995593
0.674303
0.576039
0.902713
0.833519
0.552491
0.956753
0.711104
0.076329
0.0560122
0.71978
0.199018
0.769092
0.99248
0.99851
0.783152
0.625913
0.566653
0.100899
0.999976
0.322436
0.914557
0.624868
0.435066
0.520362
0.901195
0.509916
0.985324
0.853652
0.980305
0.244874
0.812301
0.821523
0.508221
0.209807
0.991365
0.453356
0.137151
0.823278
0.859563
0.72415
0.999916
0.568524
0.153073
0.961546
0.719611
0.266016
0.056873
0.362441
0.997471
0.999977
0.481608
0.614697
0.688739
0.978051
0.999332
0.900072
0.856427
0.920489
0.42761
0.36633
0.37723
0.454385
0.435309
0.917544
0.688488
0.0849614
0.11257
0.923737
0.999265
0.929327
0.867757
0.887617
0.0494019
0.0922299
0.215
0.229241
0.843369
0.740137
0.699927
0.819145
0.410761
0.861315
0.0850407
0.604784
0.213432
0.787197
0.995048
0.978846
0.800599
0.751933
0.991275
0.9879
0.129157
0.999899
0.152198
0.915191
0.954228
0.242974
0.257713
0.482834
0.970035
0.225998
0.907586
0.129769
0.203864
0.989869
0.0567353
0.986361
0.94989
0.440979
0.817711
0.993829
0.860359
0.94726
0.685667
0.721062
0.344676
0.93588
0.989081
0.784133
0.877484
0.842199
0.416941
0.28434
0.662164
0.642809
0.874255
0.824624
0.53329
0.520585
0.933291
0.0520798
0.213068
0.508201
0.983965
0.49696
0.207029
0.138307
0.364543
0.477694
0.948277
0.0970619
0.922822
0.790098
0.656016
0.993734
0.465287
0.361611
0.451764
0.828878
0.933711
0.864912
0.542446
0.269112
0.800364
0.926331
0.551974
0.658745
0.624472
0.206212
0.802138
0.958961
0.876161
0.839405
0.975724
0.996524
0.975121
0.75771
0.368578
0.999931
0.987767
0.272311
0.953033
0.563231
0.88501
0.426574
0.468146
0.994563
0.430596
0.254948
0.786243
0.903149
0.533554
0.737353
0.812414
0.881044
0.885653
0.787695
0.745887
0.980845
0.941527
0.718775
0.243788
0.712153
0.465015
0.791025
0.498615
0.998355
0.090825
0.816297
0.551737
0.70115
0.27641
0.815681
0.873717
0.959315
0.913242
0.962752
0.429315
0.317385
0.769229
0.230115
0.808844
0.993236
0.383711
0.786751
0.976637
0.65958
0.588075
0.967941
0.953982
0.231798
0.00973402
0.91355
0.627716
0.981208
0.637577
0.820485
0.796685
0.92709
0.54069
0.0820639
0.958775
0.976982
0.526476
0.769808
0.0099205
0.8038
0.837106
0.133144
0.987224
0.467585
0.955721
0.5594
0.891542
0.522148
0.947502
0.53551
0.975926
0.629004
0.573078
0.561842
0.00766878
0.894626
0.762047
0.181069
0.692793
0.999085
0.461253
0.920685
0.753543
0.879966
0.995362
0.987631
0.78762
0.834571
0.764637
0.913078
0.0534488
0.959164
0.710687
0.212474
0.130998
0.987044
0.97224
0.984291
0.00232602
0.94662
0.456486
0.963465
0.173993
0.962784
0.390152
0.0615083
0.917847
0.817787
0.999973
0.98865
0.962405
0.753541
0.893135
0.878186
0.850938
0.866524
0.894775
0.234225
0.90477
0.164428
0.499916
0.239081
0.0578047
0.200924
0.537892
0.612447
0.741933
0.96153
0.6662
0.506212
0.0925446
0.529201
0.744397
0.390578
0.563391
0.630928
0.785539
0.313198
0.766143
0.941691
0.791133
0.115529
0.0276957
0.505856
0.332425
0.087828
0.999971
0.847392
0.924219
0.250666
0.538927
0.0864881
0.0686829
0.46362
0.351781
0.971194
0.565862
0.37712
0.383803
0.881446
0.828437
0.476746
0.93156
0.735482
0.350888
0.924631
0.996061
0.132655
0.00567271
0.904073
0.504421
0.778949
0.501316
0.655602
0.0399704
0.584108
0.992314
0.24372
0.735981
0.134566
0.997089
0.452754
0.176119
0.310701
0.177641
0.949852
0.36948
0.90418
0.00798273
0.938459
0.0304299
0.0192479
0.996285
0.0529645
0.23367
0.998004
0.081626
0.21934
0.919671
0.994859
0.923744
0.0521681
0.992337
0.315545
0.900018
0.605556
0.830258
0.833481
0.888315
0.650928
0.437451
0.976323
0.731576
0.167454
0.0438278
0.33614
0.342479
0.274683
0.719694
0.995568
0.936238
0.870923
0.81443
0.801366
0.258424
0.919148
0.660032
0.608816
0.88973
0.463466
0.23287
0.788818
0.992071
0.523646
0.255503
0.271731
0.88227
0.991549
0.958342
0.22283
0.208246
0.314083
0.405246
0.162852
0.105224
0.380727
0.538616
0.282062
0.981538
0.859113
0.785524
0.571857
0.990137
0.87472
0.969971
0.548902
0.248462
0.99362
0.849648
0.36339
0.418103
0.876711
0.788193
0.542347
0.979987
0.655111
0.144977
0.873036
0.614221
0.916262
0.831808
0.966943
0.511507
0.976715
0.643182
0.100976
0.838584
0.194094
0.345565
0.98957
0.26296
0.997825
0.918457
0.9448
0.708131
0.974233
0.966768
0.430567
0.864944
0.922225
0.942564
0.986507
0.922133
0.290512
0.612554
0.820184
0.343564
0.619557
0.12827
0.539454
0.626529
0.290397
0.00806529
0.200388
0.983675
0.686717
0.645854
0.802479
0.954319
0.783924
0.259836
0.9828
0.753887
0.974634
0.971002
0.539756
0.6719
0.520771
0.213736
0.708146
0.567979
0.863218
0.71726
0.978676
0.845028
0.568326
0.795859
0.999726
0.96878
0.99993
0.9976
0.0636745
0.53859
0.742045
0.989518
0.620986
0.285081
0.38124
0.148382
0.989831
0.450265
0.928918
0.117852
0.0161723
0.910367
0.392618
0.660946
0.738787
0.565783
0.924301
0.203732
0.81659
0.988752
0.800214
0.763067
0.64288
0.107839
0.825512
0.905668
0.99304
0.399865
0.938626
0.88061
0.938819
0.102288
0.894373
0.926574
0.913919
0.849316
0.998028
0.829556
0.113761
0.445251
0.999881
0.792532
0.966323
0.906838
0.683626
0.701401
0.995078
0.950421
0.760406
0.885057
0.586545
0.0905574
0.82652
0.485563
0.921808
0.688813
0.980599
0.851906
0.86494
0.709557
0.928172
0.773284
0.920477
0.859009
0.803429
0.853715
0.892996
0.988532
0.454963
0.880111
0.391787
0.686396
0.39663
0.327944
0.899134
0.723138
0.995861
0.990413
0.294187
0.58182
0.854212
0.0704433
0.712199
0.899745
0.409568
0.994733
0.520817
0.0259817
0.955431
0.563971
0.523307
0.794762
0.621687
0.983637
0.997422
0.773473
0.988241
0.362409
0.0717052
0.0732296
0.987522
0.0424132
0.793719
0.589453
0.967072
0.803425
0.950029
0.0585919
0.542461
0.489249
0.981313
0.666073
0.0223866
0.584865
0.363455
0.995939
0.130254
0.576798
0.376596
0.379866
0.974858
0.0371384
0.766659
0.902438
0.499862
0.476944
0.505128
0.123246
0.973245
0.489394
0.252187
0.358886
0.997305
0.0975035
0.344942
0.794773
0.992885
0.508898
0.248396
0.958699
0.757263
0.784716
0.573992
0.054163
0.605647
0.937463
0.397864
0.997167
0.903441
0.700932
0.985872
0.314718
0.435107
0.512093
0.481165
0.453994
0.868597
0.302326
0.00450005
0.12482
0.950275
0.375311
0.966271
0.208107
0.488476
0.970953
0.627031
0.265219
0.0844492
0.2719
0.244078
0.861835
0.819408
0.738437
0.687376
0.988417
0.984694
0.926801
0.117985
0.978458
0.495368
0.88598
0.615713
0.58791
0.989582
0.343462
0.995737
0.964181
0.253827
0.164515
0.728227
0.126145
0.238169
0.896803
0.993334
0.993332
0.661939
0.120559
0.747717
0.540894
0.929649
0.55432
0.911415
0.830679
0.573245
0.990672
0.724474
0.835592
0.691463
0.593149
0.833121
0.833427
0.0176151
0.134798
0.970058
0.881176
0.917748
0.986125
0.785323
0.159319
0.764447
0.758439
0.0274721
0.694401
0.0637198
0.139289
0.901857
0.304213
0.999642
0.853232
0.430463
0.571616
0.846168
0.999975
0.939698
0.958095
0.999991
0.194229
0.789648
0.853927
0.300264
0.436533
0.907409
0.160024
0.481053
0.839266
0.9114
0.778268
0.861214
0.994984
0.587924
0.0173871
0.691582
0.998712
0.96128
0.366871
0.0708599
0.0425852
0.997269
0.994594
0.999883
0.62256
0.779416
0.657462
0.459216
0.990098
0.659805
0.652392
0.450074
0.100738
0.830077
0.37256
0.740709
0.302065
0.596726
0.0640022
0.237433
0.693585
0.996677
0.522311
0.145529
0.376483
0.986606
0.793123
0.510828
0.916017
0.90471
0.467463
0.642722
0.847353
0.974714
0.897023
0.0362708
0.0884458
0.999998
0.764593
0.772454
0.611951
0.861444
0.996933
0.162997
0.120478
0.99797
0.913499
0.977544
0.354973
0.392958
0.0286372
0.357973
0.629372
0.188821
0.925451
0.397945
0.671506
0.280077
0.986568
0.998255
0.641551
0.954527
0.811862
0.992843
0.222119
0.757257
0.885432
0.899742
0.157626
0.394791
0.738297
0.976861
0.208159
0.942121
0.648437
0.96776
0.596997
0.442633
0.195305
0.940111
0.743249
0.761359
0.452455
0.505869
0.47887
0.89853
0.214708
0.469063
0.975529
0.488293
0.922659
0.983645
0.969222
0.997672
0.730558
0.929334
0.844118
0.00565617
0.641179
0.482473
0.163641
0.17626
0.128076
0.624751
0.717406
0.450756
0.999621
0.342287
0.99963
0.995689
0.940155
0.993721
0.773303
0.998888
0.991438
0.81209
0.937924
0.982817
0.889323
0.201819
0.777811
0.939838
0.613555
0.470672
0.76887
0.835325
0.994457
0.0184447
0.723166
0.831253
0.043117
0.478208
0.854208
0.430614
0.755145
0.980031
0.160889
0.878974
0.532612
0.425281
0.572026
0.824646
0.0135504
0.798946
0.998853
0.226636
0.966509
0.919701
0.815368
0.711285
0.550153
0.90057
0.561913
0.763349
0.706098
0.303143
0.0413332
0.844215
0.685114
0.907657
0.45627
0.752668
0.999389
0.980473
0.939754
0.632379
0.0689295
0.506751
0.0334295
0.502578
0.935569
0.723136
0.692363
0.972592
0.285114
0.730988
0.185207
0.27743
0.342121
0.97688
0.565985
0.962204
0.995929
0.118307
0.822763
0.999919
0.582884
0.836644
0.650626
0.757642
0.957998
0.207843
0.968279
0.999994
0.97748
0.998076
0.988259
0.920072
0.468897
0.88282
0.948299
0.0740348
0.296477
0.818765
0.163908
0.734636
0.584026
0.998057
0.825703
0.902773
0.733281
0.576466
0.699447
0.170447
0.715767
0.993965
0.6547
0.953564
0.999421
0.926959
0.247992
0.00555701
0.0658758
0.308009
0.345522
0.126443
0.832744
0.541543
0.921115
0.744755
0.984392
0.380233
0.0704961
0.67277
0.820698
0.870863
0.496493
0.264926
0.869404
0.999639
0.979096
0.761147
0.907053
0.838948
0.924998
0.89915
0.0499873
0.548413
0.140174
0.273552
0.890437
0.962427
0.700384
0.0768893
0.567255
0.00305916
0.195714
0.170826
0.853394
0.888433
0.21855
0.623505
0.454687
0.985263
0.689307
0.914628
0.490348
0.426559
0.986672
0.293979
0.884005
0.700373
0.98294
0.998831
0.591924
0.899154
0.637387
0.760008
0.653401
0.879739
0.938298
0.742835
0.0402286
0.59235
0.40278
0.0924462
0.674093
0.617415
0.093108
0.976175
0.659426
0.669291
0.992849
0.935382
0.0749546
0.576787
0.980381
0.633781
0.979257
0.349787
0.345844
0.584763
0.766011
0.307689
0.661181
0.458075
0.969438
0.465682
0.919024
0.920159
0.00579002
0.364865
0.575328
0.8285
0.0721035
0.0974598
0.964277
0.635574
0.993336
0.293651
0.311035
0.999507
0.34443
0.281787
0.104663
0.918098
0.999486
0.850796
0.702902
0.985277
0.0827152
0.958994
0.842205
0.914385
0.259495
0.315275
0.189285
0.355045
0.514004
0.653082
0.768698
0.86168
0.787424
0.987509
0.59675
0.471721
0.885445
0.994558
0.9265
0.147732
0.900619
0.981006
0.999768
0.646167
0.95816
0.607091
0.6004
0.0846358
0.464684
0.314929
0.34792
0.382573
0.982917
0.621571
0.952846
0.98915
0.714888
0.861911
0.77264
0.971292
0.989928
0.970992
0.00503541
0.620818
0.109521
0.146943
0.7487
0.964373
0.418995
0.753143
0.679706
0.602462
0.935898
0.90924
0.988688
0.718536
0.949835
0.981124
0.39791
0.734163
0.271218
0.440876
0.380988
0.242298
0.990947
0.445906
0.974339
0.389043
0.924481
0.57681
0.530996
0.643404
0.460995
0.813836
0.571564
0.559643
0.669714
0.975642
0.998141
0.913316
0.989265
0.253022
0.126231
0.929433
0.218534
0.72431
0.922267
0.960648
0.296534
0.290843
0.461819
0.998332
0.0617911
0.0518399
0.323354
0.282766
0.569198
0.697119
0.76274
0.812195
0.44118
0.793993
0.997451
0.999952
0.123404
0.613891
0.999588
0.998513
0.986674
0.265369
0.383384
0.953826
0.595888
0.989531
0.952068
0.913283
0.0623937
0.564724
0.563297
0.952958
0.98269
0.502892
0.865575
0.95633
0.523567
0.201351
0.977389
0.105804
0.250015
0.993341
0.415903
0.999321
0.915656
0.962376
0.997582
0.895455
0.163437
0.986733
0.960891
0.906999
0.952631
0.0842318
0.374105
0.825069
0.8887
0.991841
0.639252
0.99796
0.866894
0.796303
0.840898
0.431673
0.537465
0.262126
0.84179
0.333464
0.781576
0.88035
0.785275
0.4484
0.991081
0.0575291
0.745911
0.492915
0.759747
0.734709
0.321938
0.836549
0.000384042
0.386087
0.527853
0.199069
0.337728
0.107748
0.710042
0.0609477
0.633699
0.735728
0.768519
0.956115
0.154543
0.56895
0.97509
0.889758
0.244824
0.897898
0.362909
0.997945
0.247125
0.476567
0.727354
0.475868
0.749441
0.655673
0.989915
0.224023
0.620006
0.413137
0.961115
0.67273
0.559681
0.602187
0.170576
0.858837
0.394406
0.989809
0.587888
0.201351
0.480589
0.896052
0.254018
0.66979
0.470144
0.0279928
0.909759
0.462504
0.359447
0.0479256
0.260811
0.970475
0.265708
0.756061
0.902998
0.973212
0.187127
0.983009
0.842125
0.721137
0.595014
0.201426
0.657871
0.995314
0.979352
0.665146
0.597263
0.805481
0.91525
0.991003
0.887203
0.915645
0.883061
0.610667
0.418179
0.0146718
0.268223
0.956683
0.969928
0.573262
0.997778
0.400145
0.800717
0.862324
0.585158
0.985222
0.89055
0.239119
0.247609
0.988726
0.621319
0.0204026
0.242906
0.479373
0.0457609
0.278819
0.160452
0.324887
0.973641
0.370593
0.999921
0.671195
0.412343
0.296658
0.957336
0.999743
0.570546
0.720221
0.574129
0.137515
0.499053
0.760591
0.937168
0.978291
0.530416
0.43175
0.727005
0.997118
0.652878
0.471802
0.236836
0.868127
0.857157
0.161976
0.918577
0.23408
0.696518
0.472848
0.572924
0.145451
0.334463
0.970324
0.496188
0.89084
0.297415
0.965256
0.79261
0.932105
0.233366
0.812246
0.594234
0.821354
0.457815
0.26856
0.703368
0.993698
0.624174
0.830483
0.363757
0.116945
0.945176
0.147328
0.966297
0.807786
0.443162
0.831023
0.966208
0.7444
0.533545
0.913935
0.426616
0.000181193
0.0991284
0.773786
0.270548
0.48046
0.934669
0.392744
0.81092
0.613478
0.521645
0.994692
0.981952
0.859506
0.259615
0.567476
0.402021
0.851754
0.075297
0.157829
0.425299
0.469448
0.877635
0.221109
0.29822
0.703856
0.998054
0.767506
0.702143
0.128776
0.0995385
0.940771
0.943147
0.313605
0.0113393
0.482987
0.998205
0.970444
0.385647
0.277745
0.99709
0.195889
0.51946
0.597095
0.454866
0.452292
0.221566
0.140983
0.952917
0.368893
0.985547
0.573829
0.655189
0.883738
0.88416
0.955478
0.998472
0.9735
0.992751
0.0821319
0.841607
0.999714
0.726556
0.271943
0.756504
0.576049
0.929595
0.551512
0.928011
0.216032
0.709415
0.662333
0.347777
0.517592
0.964495
0.531129
0.833669
0.881277
0.999988
0.247755
0.77409
0.579179
0.931614
0.998315
0.551752
0.811484
0.530975
0.401775
0.684157
0.879932
0.0728827
0.955022
0.823929
0.543733
0.998515
0.75176
0.500933
0.998707
0.828195
0.31258
0.938042
0.700889
0.642134
0.170793
0.985538
0.471085
0.938225
0.999876
0.281507
0.695333
0.999663
0.375098
0.922837
0.734895
0.770505
0.553405
0.0454849
0.46492
0.345507
0.738939
0.153277
0.696877
0.318267
0.076685
0.982568
0.993838
0.0777565
0.998461
0.964049
0.974931
0.800504
0.0186836
0.552318
0.191733
0.838454
0.339294
0.358343
0.940885
0.103978
0.127379
0.406684
0.321927
0.721633
0.572961
0.260231
0.857283
0.978138
0.999792
0.56324
0.843515
0.0198428
0.609586
0.480612
0.21338
0.0986995
0.851793
0.9809
0.885191
0.309828
0.880254
0.557416
0.496473
0.920252
0.165676
0.512197
0.350265
0.927725
0.139558
0.291949
0.611931
0.0713796
0.687736
0.991419
0.984928
0.707803
0.536795
0.57944
0.398425
0.35928
0.937716
0.108858
0.109279
0.0139218
0.433679
0.0639424
0.336023
0.972113
0.965522
0.783798
0.411573
0.72209
0.80093
0.999627
0.985139
0.653339
0.638888
0.656417
0.832543
0.263368
0.779614
0.991701
0.334314
0.187583
0.451459
0.989803
0.547709
0.961418
0.339641
0.792723
0.653866
0.673169
0.721974
0.997583
0.524755
0.705281
0.265291
0.838218
0.969047
0.402273
0.0944526
0.44774
0.56455
0.817517
0.760409
0.193227
0.480934
0.770703
0.811343
0.60636
0.594367
0.244514
0.440484
0.998441
0.990789
0.999978
0.0845417
0.857103
0.931118
0.970226
0.542163
0.0478123
0.997637
0.29925
0.33488
0.928584
0.72081
0.818821
0.550723
0.827274
0.472932
0.536464
0.97111
0.197645
0.0726084
0.904722
0.060292
0.101507
0.999492
0.99219
0.802942
0.664293
0.296827
0.835106
0.926584
0.840528
0.435782
0.155251
0.987897
0.190205
0.920246
0.965343
0.36298
0.623342
0.778621
0.592878
0.989576
0.992666
0.818877
0.994528
0.936923
0.854724
0.228969
0.505893
0.918335
0.825669
0.342423
0.49379
0.129073
0.0105152
0.998555
0.987987
0.99197
0.609218
0.823859
0.99161
0.99635
0.770564
0.990466
0.99983
0.86642
0.960006
0.995643
0.999084
0.963405
0.475878
0.990231
0.423137
0.58381
0.0813534
0.870115
0.632973
0.960817
0.615849
0.911111
0.462055
0.375203
0.829414
0.292211
0.936085
0.998732
0.293023
0.705536
0.546064
0.634967
0.69127
0.417618
0.684387
0.989186
0.959791
0.608769
0.0145546
0.858828
0.398089
0.838964
0.716517
0.178652
0.181736
0.983805
0.811579
0.993281
0.0692534
0.537802
0.202758
0.920817
0.0270081
0.0640551
0.594838
0.682613
0.81322
0.358476
0.941746
0.354309
0.149095
0.910442
0.51961
0.409091
0.27012
0.426995
0.19721
0.999654
0.727181
0.334871
0.421449
0.601711
0.679758
0.774033
0.302895
0.998699
0.879483
0.905728
0.827608
0.439781
0.814768
0.635968
0.368101
0.59717
0.768651
0.505708
0.0987672
0.999769
0.0209509
0.969816
0.497104
0.771236
0.818322
0.648251
0.539401
0.0178071
0.174346
0.957187
0.974404
0.962626
0.258897
0.279179
0.716004
0.385496
0.0393737
0.527167
0.764582
0.249126
0.914062
0.732432
0.999948
0.0470641
0.991562
0.997946
0.722045
0.999981
0.625446
0.825486
0.54577
0.940224
0.877848
0.261745
0.14903
0.0199476
0.667446
0.293758
0.826129
0.962112
0.614918
0.982555
0.937665
0.662249
0.263192
0.362577
0.880151
0.0117742
0.691021
0.105297
0.757036
0.499638
0.0316149
0.933492
0.89678
0.106324
0.67243
0.547404
0.661206
0.712758
0.999715
0.912631
0.263691
0.420308
0.999398
0.79511
0.378143
0.690711
0.0564188
0.354957
0.99995
0.423012
0.241931
0.975682
0.141421
0.675394
0.191931
0.922752
0.233468
0.0260232
0.997939
0.783043
0.366799
0.567689
0.540504
0.78631
0.999842
0.56771
0.741714
0.726433
0.848759
0.371911
0.848175
0.94258
0.0760745
0.733473
0.910711
0.701354
0.545285
0.97905
0.611007
0.845241
0.558508
0.987813
0.450705
0.00420105
0.390823
0.709751
0.768001
0.400931
0.573791
0.979906
0.953486
0.98594
0.417013
0.925253
0.232003
0.749723
0.110094
0.992402
0.125097
0.865355
0.996824
0.928956
0.407029
0.042252
0.91802
0.761743
0.435194
0.220567
0.103457
0.0618949
0.0566769
0.997982
0.489802
0.689499
0.0996191
0.62935
0.629351
0.991185
0.873936
0.865597
0.986683
0.973242
0.847833
0.928026
0.918918
0.989632
0.386717
0.0457199
0.972392
0.437303
0.728757
0.366334
0.63553
0.994667
0.855718
0.364548
0.997813
0.996609
0.255493
0.125178
0.41412
0.342783
0.889247
0.000902094
0.108725
0.494746
0.295982
0.110483
0.253625
0.859337
0.913994
0.520128
0.928246
0.42713
0.500105
0.999526
0.989043
0.0827402
0.324133
0.980361
0.997901
0.945063
0.338746
0.641738
0.809355
0.99418
0.515598
0.874979
0.958867
0.504032
0.342478
0.404814
0.924487
0.954505
0.99904
0.686361
0.931651
0.392758
0.961497
0.380044
0.811814
0.311102
0.774054
0.0648703
0.990097
0.987799
0.993924
0.968669
0.964136
0.996066
0.97233
0.96188
0.487579
0.93668
0.383845
0.874524
0.765709
0.25556
0.633471
0.953075
0.70194
0.648406
0.975334
0.703601
0.98744
0.916929
0.887695
0.980864
0.711478
0.998855
0.722519
0.704055
0.259077
0.348116
0.381325
0.135437
0.826321
0.796154
0.306039
0.999449
0.450638
0.00752758
0.996914
0.997367
0.806316
0.980612
0.210062
0.100235
0.900433
0.286518
0.526012
0.664411
0.415512
0.198047
0.74705
