0
0.00055143
0.000466733
0.000560694
0.00044176
0.000366484
0.00035304
0.000346327
0.000322344
0.000291164
0.000274991
0.000251067
0.000232182
0.000237512
0.000226333
0.000215149
0.000209581
0.000197976
0.000197901
0.000188488
0.000197852
0.00019108
0.000185344
0.000179296
0.000176834
0.000169928
0.000163934
0.0001683
0.000164455
0.000163106
0.000161303
0.000159609
0.000155914
0.0001535
0.000149359
0.00014829
0.000144254
0.000142276
0.000141183
0.000138
0.000134998
0.00013388
0.000130882
0.000137244
0.000135774
0.000134358
0.000131946
0.000134669
0.000131896
0.000134584
0.000132995
0.000132386
0.000132354
0.000130243
0.000131294
0.000130213
0.000128224
0.000128586
0.000126511
0.000125056
0.000123178
0.000121496
0.000119552
0.00011767
0.000116132
0.000114629
0.000114422
0.000113553
0.000111955
0.00011056
0.000109017
0.000108218
0.000107019
0.000105595
0.000105508
0.000104113
0.000103265
0.000103436
0.000102754
0.00010193
0.0001009
9.97339e-05
9.88175e-05
9.76392e-05
9.64838e-05
9.59107e-05
9.4824e-05
9.37409e-05
9.41954e-05
9.53468e-05
9.49187e-05
9.39495e-05
9.36213e-05
9.31591e-05
9.24422e-05
9.17891e-05
9.08432e-05
8.99481e-05
8.90401e-05
8.92968e-05
